idx,Question,Reference,Answer,Max Score,true_raw,true_label,true_score,pred_score,pred_label,pred_raw,abs_error,raw_abs_error
0,សេដ្ឋកិច្ចកម្ពុជាពឹងផ្អែកលើវិស័យកសិកម្មជាសំខាន់៖ ​ក.​ ហេតុអ្វីបានជាគេនិយាយថាកម្ពុជាជាប្រទេសកសិកម្ម? ខ. តើគេចែកកសិករទាំងនោះជាប៉ុន្មានប្រភេទ?,សេដ្ឋកិច្ចកម្ពុជាបានផ្អែកលើវិស័យកសិកម្មជាសំខាន់៖ ក​. បានជាគេនិយាយថាប្រទេសកម្ពុជាជាប្រទេសកសិកម្មដោយសារ -ផ្ទៃដីនៅប្រទេសកម្ពុជាប្រហែល៩០ភាគរយសិតតែដំណាំស្រូវ -ប្រជាជនកកម្ពុជា ៧០.៣ភាគរយធ្វើកសិកម្ម -កសិកម្មជួយឲ្យប្រជាជនកម្ពុជាមានការងារធ្វើ -ប្រជាជននិយមធ្វើកសិកម្ម -ដីនៅកម្ពុជាប្រកបជាមួយកាធ្វើកសិកម្ម -កម្ពុជាមានអាកាសធាតុសមស្របសម្រាប់ធ្វើកសិកម្ម ខ. គេចែកកសិកម្មទាំងនោះជាពីរប្រភេទ៖ +កសិករខ្នាតតូច -ធ្វើកសិកម្មដើម្បីជីវិត -ធ្វើលក្ខណៈតិចតួច ទុកតែបរិភោគសម្រាប់គ្រួសារ -មិនលក់ឲ្យអ្នកណា +កសិករខ្នាតធំ -ធ្វើកសិកម្មច្រើនហើយទុកសម្រាប់លក់ឬនាំចេញទៅក្រៅប្រទេស -ធ្វើមួយឆ្នាំអាចទៅពីរលើក -ធ្វើលក្ខណៈច្រើន ដើម្បីលក់និងនាំចេញ។,សេដ្ឋកិច្ចកម្ពុជាបានផ្អែកលើវិស័យកសិកម្មជាសំខាន់ដូចជា៖ +វិស័យឧស្សាហកម្ម -មានរោងចក្រសម្រាប់ផលិតទំនិញដោយខ្លួនឯង -មានការនាំចេញផលិតផលច្រើនជាងខ្លួនឯង -មានដីសម្រាប់ដាំដំណាំ +វិស័យពាណិជ្ជកម្ម -មានគេស្គាល់ពីផលិតផលក្នុងស្រុកច្រើន +វិស័យទេសចរណ៍ -មានអ្នកក្រៅប្រទេសមកទស្សនាក្នុងប្រទេសច្រើន -បង្កើនប្រាក់ចំណូល -មានគេស្គាល់ពីប្រទេស។ ក. បានជាគេនិយាយថាកម្ពុជាជាប្រទេសកសិកម្មព្រោះ៖ -សម្បូរដីសម្រាប់ដាំដំណាំ -ប្រមូលផលស្រូវបានច្រើន -ទំនិញមានទីផ្សារ -ប្រជាជនភាគច្រើននិយមធ្វើស្រែចម្ការ -អាកាសធាតុអំណោយផល -ប្រទេសកម្ពិជាមានផ្ទៃដីធំទូលាយសម្រាប់ដាំដុះ -ប្រជាជនមានការផលិតទំនិញដោយខ្លួនឯង។ ខ. គេចែកកសិករទាំងនោះជា៣ប្រភេទគឺ៖ -កសិកម្ម -ដំណាំស្រូវសម្រាប់ដាំហូបឬនាំចេញ -ដំណាំបន្លែផ្លែឈើសម្រាប់លក់ -ដំណាំកប្បាសសម្រាប់ផលិតជាខោអាវ -ការនេសាទត្រី។,15,10,3,0.6666666666666666,0.6201171875,2,9,1,1
1,តើគេចែកយុគសម័យបុរេប្រវត្តិសាស្ត្រកម្ពុជាជាប៉ុន្មានយុគសម័យ?អ្វីខ្លះ?,គេចែកយុគសម័យបុរេប្រវត្តិសាស្ត្រកម្ពុជាជាបីយុគសម័យគឺ -យុគថ្មបំបែក (600000 - 12000 ឆ្នាំមុនគ.ស) -យុគថ្មរលីងឬសំលៀង (8000 - 2000 ឆ្នាំមុនគ.ស) -យុគលោហៈ(2000-100 ឆ្នាំមុនគ.ស)។,គេចែកយុគសម័យបុរេប្រវត្តិសាស្ត្រកម្ពុជាជាបីយុគសម័យគឺ -យុគថ្មបំបែក -យុគថ្មរលីងឬសំលៀង -យុគលោហៈ។,5,3,2,0.6,0.440185546875,2,2,0,1
2,ចូររៀបរាប់ពីទំនាក់ទំនងរវាងការដាំដុះ​ អាជីវកម្មព្រៃឈើ និងការនេសាទ។,ទំនាក់ទំនងរវាងការដាំដុះ អាជីវកម្មព្រៃឈើ និងការនេសាទមានដូចជា៖ -ការដាំដុះដោយប្រើជីធម្មជាតិ -ការប្រើប្រាស់ជីគីមី -ដាំដុះនិងធ្វើតាមរដូវ -អាជីវកម្មព្រៃឈើ -ការកាប់បំផ្លាញព្រៃឈើ -ការដុតព្រៃឈើ -ការកាប់ឈើយកទៅធ្វើអាជីវកម្ម +ការនេសាទ -ការនេសាទត្រីពេលត្រីពក -ការនេសាទដោយប្រើអគ្គិសនី -ការនេសាទហួសកម្រិត -ការនេសាទគឺជាមុខរបរប្រចាំថ្ងៃាបស់ប្រជាជន -នឹងជាអាហារប្រចាំថ្ងៃរបស់ប្រជាជន -ការនេសាទធ្វើប្រជាជនមានមុខរបររកស៊ីត្រឹមត្រូវ -ការនេសាទប្រើប្រាស់ឧបករណ៍នេសាទខុសច្បាប់ -ការបំផ្លាញជំរកត្រី -ការបកហូរទឹកចេញពី,ទំនាក់ទំនងរវាងការដាំដុះ អាជីវកម្មព្រៃឈើ និងការនេសាទមានដូចជា៖ +ការដាំដុះ៖ -ការដាំដុះជួយបង្កើនផលនៅក្នុងប្រទេស -ថ្វើឲ្យមាននាំចេញទៅក្រៅ -អាចផ្គត់ផ្គង់នៅក្នុងប្រទេស។ -អាជីវកម្មព្រៃឈើ៖ -អាចយកឈើធ្វើជាគ្រឿងសង្ហារឹម -អាចនាំចេញឈើទៅប្រទេសក្រៅ -អាចយកធ្វជាផ្ទះផ្សេងទៀត...។ +ការនេសាទ៖ -អាចទុកឲ្យប្រជាជន និងរកប្រាក់ចំណូលបាន -អាចផ្គត់ផ្គង់បាននៅក្នុងស្រុក -បង្កើនមុខរបរដល់ប្រជាជន -អាចនាំចេញទៅក្រៅស្រុក។,15,5,1,0.3333333333333333,0.53271484375,2,8,1,3
3,ដូចម្តេចដែលហៅថាមេយ៉ូស? ចូរនិយាយពីវគ្គផ្សេងៗនៃមេយ៉ូស។,មេយ៉ូសជាសំណុំនៃចំណែកកោសិកាពីរដងបន្តបន្ទាប់គ្នាដែលបង្កើតបានជាកោសិកាអាលូអុីតបួន ហៅថាមេយ៉ូស ។ _តេឡូផាស1 ស៊ីតូប្លាសចែកខ្លួនបានជាកោសិកាកូនពីរ ។កោសិកាកូននីមួយៗទទួលបានក្រូម៉ូសូម តែមួយពីរគូអូម៉ូឡូក ។ _ប្រផាស1 មានរយៈពេលវែង ។ _អាណាផាស1 ក្រូម៉ូសូមដំរៀបលើផ្លាស់ភ្ជាប់នឹងក្រយ៉ូងក្រូម៉ាទិចដោយសង់ក្រូងទ័ររបស់វា ។ _តេឡូផាស2 ក្រូម៉ូមនីមួយៗបានមកដល់ប៉ូលភ្នាស _មេតាផាស2 ក្រូម៉ូសូមប្រេះតាមបណ្ដោយភ្ជាប់ខ្លួនទៅនិងក្រយ៉ងក្រូម៉ាទិចដោយសង់ _ប្រូដាស2 ត្តយ៉ងអាក្រូម៉ាទិតកើតមានក្នុងកោសិកាគូនីមួយៗ _អាណាផាស2 សង់ក្រូម៉ែធ្វើចំណែកដែលនាំអោយក្រូម៉ាទិចបងប្អូនដាច់ចេញពីគ្នា ។បន្ទាប់មក ក្រូម៉ូសូមកូនទាំង2ធ្វើដំណើរឆ្ពោះទៅប៉ូលផ្ទុយគ្នារបស់ត្រយ៉ូងអាក្រូម៉ាទិច ។,មេយ៉ូសជាសំណុំនៃចំណែកកោសិកាពីរដងបន្តបន្ទាប់គ្នាដែលបង្កើតបានជាកោសិកាអាលូអុីតបួន ហៅថាមេយ៉ូស ។មានបួនវគ្គគឺ ប្រូផាស អាណាផាស មេតាផាស និង តេឡូផាស ។,10,5,2,0.5,0.380615234375,2,4,0,1
4,ហេតុអ្វីបានជាផ្នែកឯកជនជាកម្លាំងដ៏សំខាន់សម្រាប់ការវិនិយោគសេដ្ឋកិច្ច?,សេដ្ឋកិច្ចកម្ពុជាពឹងផ្អែកលើវិស័យកសិកម្មជាសំខាន់ៗ 5 គឺឧស្សាហកម្មកសិកម្មពាណិជ្ជកម្មគមនាគមន៍និងទេសចរណ៍ ក៏បានជាគេនិយាយថាកម្ពុជាប្រទេសកសិកម្មនៅប្រទេសកម្ពុជាមនុស្សមួយចំនួនធំគឺធ្វើកសិកម្ម។ច្រើនសុទ្ធតែជាកសិករកម្ពុជាសម្បូរជីកសិកម្មមានជីវជាតិសម្រាប់ឲ្យយើងធ្វើកសិកម្មចិញ្ចឹមសត្វនិងការដណ្ដប់ជួយបង្កើនចំណូលជូនជាងការងារចេញនៅក្រៅប្រទេសស្ករស្រូវដំឡូងកៅស៊ូ ខ. គេចែកកសិករទាំងនេះជាបួនប្រភេទកសិករតំបន់វាលខ្ពស់កសិករធ្វើស្រែឬមិនធ្វើស្រែកសិករភូមិភាគឥសានកសិករធ្វើតែស្រែ,ខ. គេចែកកសិកម្មទាំងនោះជាបួនប្រភេទ -កសិកម្មព្រៃឈើ -កសិកម្មការនេសាទ -កសិកម្មការចិញ្ចឹមសត្វ -កសិកម្មក្នុងការដាំដំណាំ។ ក. បានជាគេនិយាយថាកម្ពុជាជាប្រទេសកសិកម្មព្រោះកម្ពុជាប្រទេសកម្ពុជាជាប្រទេសកម្ពុជាកំពុងអភិវឌ្ឍន៍នៅឡើយមិនទាន់មាននូវគ្រឿងសហភារៈធំៗនិងបច្ចេកទេសគ្រប់គ្រាន់ហើយប្រទេសកម្ពុជាប្រជាជនប្រកបនូវរបបកសិកម្មច្រើននិងប្រកាន់នូវរបបបើកសេរីជនបទចូលចិត្តមកវិនិយោគ -ជាប្រទេសស្ថិតអាកាសមួយសុំក្ដៅហើយអំណោយផលដល់កសិកម្មច្រើន -មានផ្ទៃដីធំទូលាយងាយស្រួលធ្វើកសិកម្ម -សម្បូរដោយជីវជាតិច្រើនធ្វើឲ្យដំណាំងាយស្រួលប្រមូលផល -បង្កើតការងារដល់ប្រជាជន -កាត់បន្ថយនូវការចំណាកស្រុកជាដើម +ប្រទេសកម្ពុជាអំណោយផលដល់កសិកម្មដូចជា -ដំណាំស្រូវ -ដំណាំកៅស៊ូ -ដំឡូង -អំពៅ -ត្បាញ​ ក្រម៉ា សំពត់ ក្បិន។,15,12,3,0.8,0.453857421875,2,7,1,5
5,តើការស្ថិតនៅក្រៅសារពាង្គកាយនៃពងស្វាសមានសារៈសំខាន់ដូចម្តេច?,ការស្ថិតនៅក្រោមសារពាង្គកាយនៃពងស្វាសមានសារៈសំខាន់ដូចជាដើម្បីរក្សាសីតុណ្ហភាពឲ្យ ទាបជាងសីតុណ្ហភាពក្នុងខ្លួន ប្រហែលពី(2-3)សីតុណ្ហភាពក្នុងខ្លួន37 ។,ការស្ថិតនៅក្រោមសារពាង្គកាយនៃពងស្វាសមានសារៈសំខាន់ក្នុងការផលិតអរម៉ូនភេទឈ្មោលនិង បង្កើតស្ពែម៉ាតូសូអ៊ីតរក្សាសីតុណ្ហភាពឲ្យទាបជាងសីតុណ្ហភាពក្នុងខ្លួន ប្រហែលពី(2-3) ។,10,8,3,0.8,0.74560546875,3,7,0,1
6,តើសង្គមខ្មែរនៅសម័យអង្គរមានប៉ុន្មានវណ្ណៈ? វណ្ណៈអ្វីខ្លះ? ចូលរៀបរាប់។,សង្គមខ្មែរនៅសម័យអង្គរមានប្រាំវណ្ណៈគឺ -វណ្ណៈក្សត្រឬរាជវង្សនុវង្ស (ជាស្ដេចគ្រប់គ្រងប្រទេស -វណ្ណៈមន្ត្រី (អ្នករស់នៅក្នុងរាជវាំងបម្រើស្ដេច) -វណ្ណៈព្រាហ្ម៍ឬបុព្វជិត​(គឺជាអ្នកបួស) -វណ្ណៈអ្នកជាឬកសិករ (អ្នករស់នៅនឹងធ្វើស្រែចម្ការ) -វណ្ណៈអ្នកងារឬទាសករ(ទាសករបម្រើគេតកូនតចៅ)។,សង្គមខ្មែរនៅសម័យអង្គរមានប្រាំវណ្ណៈគឺ -វណ្ណៈក្សត្រឬរាជវង្សនុវង្ស: មានបុព្វសិទ្ធណាស់គ្មានការបង់ពន្ធ មានអំណាចគ្រប់គ្រាន់រស់នៅដោយស្រួលមិនចាំបាច់ធ្វើការងារ និងមិននឿយហត់ទេ -វណ្ណៈមន្ត្រី: ឋានានុក្រមរបស់ពួកគេអាចសម្គាល់តាមរយៈឥស្សតិយយសនិងចំនួនផ្ទះប្រកក្បឿងរបស់ពួកគេ។ -វណ្ណៈអ្នកបួសឬបុព្វជិត​: មានពួកប៉ាន់ឃាប ព្រាហ្ម៍បុរោហិត ជូគូនិងប៉ាវីស៊ី។ -វណ្ណៈអ្នកជា:ពួកមានឋន្តះដូចពួកឈ្មួញសិប្បករ កសិករនិងប្រជារាស្រ្ដសាមញ្ញ -វណ្ណៈអ្នកងារឬទាសករ:ពួកនេះជាបម្រើគេអស់មួយជីវិតតកូនតចៅនេះមានឋានៈទាបបំផុតហើយត្រូវទៅធ្វើការតាមបញ្ជាគេដាក់ឲ្យនឹងគ្មានប្រាក់កម្រៃទេ។ពួកទាសកនេះមានទាសករឈ្លើយសឹក ទាសករតពូជ ទាសករជាជនជាតិភាគតិចនិងទាសករដែលគេចាប់យកមកលក់។,10,10,4,1.0,0.9638671875,4,10,0,0
7,បុព្វហេតុអ្វីខ្លះដែលនាំឲ្យអាណាចក្រចេនឡាបែកបាក់ជាពីរគឺអាណាចក្រចេនឡាដីគោកនិងចេនឡាទឹកលិច?,បុព្វហេតុដែលនាំហើយអាណាចក្រចេនឡាបែកជាពីរគឺ -វិសាលភាពទឹកដីធំទូលាយ -ចម្បាំងអត់ឈប់ឈរ -សមន្ដរដ្ឋបះបោរចង់ផ្ដាច់ខ្លួន -វិបត្តិផ្ទៃក្នុង -ព្រះនាងជ័យទេវីគ្មានសមត្ថភាពគ្រប់គ្រង។,បុព្វហេតុដែលនាំហើយអាណាចក្រចេនឡាបែកជាពីរគឺ -វិសាលភាពទឹកដីធំទូលាយ -ចម្បាំងអត់ឈប់ឈរ -សមន្ដរដ្ឋបះបោរចង់ផ្ដាច់ខ្លួន -វិបត្តិផ្ទៃក្នុង -ព្រះនាងជ័យទេវីគ្មានសមត្ថភាពគ្រប់គ្រង។,7,7,4,1.0,0.96728515625,4,7,0,0
8,តើព្រះអង្គឌួងមានស្នាព្រហស្ថអ្វីខ្លះចំពោះប្រទេសជាតិនិងប្រជារាស្ត្រខ្មែរ?,ព្រះបាទអង្គឌួងមានស្នាព្រហស្តដូចជាផ្នែករដ្ឋបាលរៀបចំប្រព័ន្ធរដ្ឋបាលនិងច្បាប់ទម្លាប់ស្ដារឡើងវិញមានរបៀបផ្នែកសេដ្ឋកិច្ចលើកស្ទួយវិស័យកសិកម្មជួសជុលប្រព័ន្ធ សេះនិងពាណិជ្ជកម្ម ភ្នែកបរទេសស្វែងរកជំនួយពីបារាំងដើម្បីទប់ទល់នឹងការត្រួតត្រាយួននិងសៀម ផ្នែកវប្បធម៌លើកស្ទួយវប្បធម៌អក្សរសាស្ត្រខ្មែរនិង សាសនា កត្តាផ្ទៃក្នុង ការបែកបាក់រាជវង្សានុវង្សបែកបាក់សាមគ្គី។,ព្រះអង្គឌួងមានស្នាព្រហស្តដូចជានយោបាយទាមទារទឹកដីដែលបាត់បង់មកវិញនិងស្វែងរកកិច្ចការពារពីប្រទេសបារាំងដើម្បីប្រទេសពីការ ត្រួតត្រារបស់សៀមយួន វប្បធម៌ លើកស្ទួយអក្សរសាស្ត្រខ្មែរនិពន្ធរឿងកាកីនិងជួសជុលវត្តអារាម សេដ្ឋកិច្ច បោះពុម្ពប្រាក់ដួងប្រើប្រាស់និងកសាងផ្លូវថ្នល់ផ្លូវពីឧត្តុង្គទៅកំពត។,15,13,3,0.8666666666666667,0.849609375,3,13,0,0
9,ចូរពណ៏នាពីការអភិវឌ្ឍសេដ្ឋកិច្ច សង្គម នៅកម្ពុជាពីឆ្នាំ១៩៩៣ មកទល់សព្វថ្ងៃ?,ការអភិវឌ្ឈនៅកម្ពុជា +វិស័យសេដ្ឋកិច្ច -ជួយជំរុញវិស័យកសិកម្ម ឧស្សាហកម្ម ពាណិជ្ជកម្ម ទេសចរណ៌ មានការអភិវឌ្ឈ -មានកំណើនការវិនិយោគពីឯកជនបង្កើតទុនបរទេស -មានទំនាក់ទំនងពាណិជ្ជកម្មអន្តរជាតិជាមួយអាស៊ាននិងមហាអំណាចធំៗ -មានកំណើនភ្ញៀវទេសចរណ៌ជាតិនិងអន្តរជាតិ ផ្ដល់ចំណូលដល់ប្រជាជន -កសាងហេដ្ឋារចនាសម្ព័ន្ធ មានផ្លូវថ្នល់ ស្ពានដែក កំពង់ផែ អាកាសយាន្តដ្ឋាន ដោយបំពាក់ប្រព័ន្ធទឹកភ្លើងពីទីក្រុងទៅជនបទ +វិស័យសង្គម -មានការទប់ស្កាត់សង្គ្រាម -លើកស្ទួយការគោរពសិទ្ធិមនុស្ស -ទប់ស្កាត់អំពើពុករលួយ -ធ្វើឱ្យរដ្ឋាភិបាលមានលទ្ធភាពសម្រេចផែនការនានាតាមការកំណត់ -ជួយឱ្យមានរក្សាសន្តិភាព សុខសុវត្ថិភាព -មានការអភិវឌ្ឈសាលារៀន មន្ទីរពេទ្យ -មានសមភាពយែនឌ័រក្នុងសង្គម -កម្ពុជារៀបចំកម្មវិធីធំៗថ្នាក់ជាតិ។,ការអភិវឌ្ឍនសិដ្ឋកិច្ចសង្គមកម្ពុជា1993 មកទល់សព្វថហងៃមានដូចជា +នយោបាយឈ្នះ-ឈ្នះ:  -នយោបាយឈ្នះ-ឈ្នះ បានធ្វើឲរាជរដ្ឋាភិបាលដាក់ចេញនៅយុទ្ធសាស្ត្រត្រីកោណនិងយុទ្ធសាស្ត្រវតុកោណក្នុង្រអភិវឌ្ឍសេដ្ឋកិច្ចសង្គម សមភាពយែនឌ័រ  ហិរញ្ញវុត្ថុ លុបបំបាត់អំពើពុករលួយ ការគ្រប់គ្រងធនធានធម្មជាតិប្រកបដោយចីរភាព។ +វិស័យសេដ្ឋកិច្ច: -បង្កើតទំនាក់ទំនងពាណិជ្ជកម្មអន្តរជាតិនិងជាមួយអាស៊ាន ហើយមហាអំណាចធំៗនៅលើពិភពលោក -កសិកម្មមានការរីកចម្រើនព្រោះរាជរដ្ឋាភិបាលបានយកចិត្តទុកដាក់ក្នុងការបង្កើតបករព័ន្ធធារាសាស្ត្រនិងបង្កាត់ពូជ -អនុវត្តសេដ្ឋកិច្ចទីផ្សារសេរីកម្ពុជាបានក្លាយជាកន្លែងទាក់ទាញវិនិយោគទុនបរទេស -ឧស្សាហកម្មមានការរីកចម្រើនផ្នែករោងចក្រសហគ្រាសតូចធំជាពិសេសរោងចក្រវាយភ័ណ្ឌដែលជួយបង្កើតការងារ ប្រាក់ចំណូល កាត់បន្ថយភាពក្រីក្រ  និងចំណាកស្រុក -វប្បធម៌មានប្រាសាទបុតាណជាច្រើននិងទេសចរណ៍ធម្មជាតិសម្រាប់ទាក់ទាញភ្ញៀវជាតិនិងអន្តរជាតិ -អត្រាប្ដូប្រាក់មានស្ថេរភាព ចូលជាសមាជិកអង្គរការពាណិជ្ជកម្មពិភពលោក។ +វិស័យសង្គម -ឆ្នាំ1998មានរៀបចំរដ្ឋាភិបាលសណ្ដាប់ធ្នាប់សង្គមសុខដុមរមនា និងស្ថិរភាពនយោបាយ -ធ្វើឲមានសមទ្ធិផលជាច្រើនកើតឡើងដូចជា: •បង្កើតសាលារៀនគ្រប់កម្រិតថ្នាក់ពីមតេយ្យសិក្សារហូតដល់សកលវិទ្យាល័យ •កសាងមន្ទីរពេទ្យ ផ្លូវថ្នល់ ស្ពាន ស្ពានអាកាសនិងប្រព័ន្ធធារាសាស្ត្រ +ការអនុវត្តច្បាប់ -ទប់ស្កាត់ៗនឲមានការជួញដូរមនុស្ស គ្រឿងញៀន និងអំពើភារវកម្ម -មានសិទ្ធិសេរីភាពផ្នែកសារព័ត៌មាននិងអនុញ្ញាតឲមានសិទ្ធិសេរីភាពក្នុងការបង្កើតអង្គការសង្គមស៊ីវិល -សមភាពយែនឌ័រ (ផ្ដល់សិទ្ធិឲស្ត្រី)។,10,10,4,1.0,0.7978515625,3,8,1,2
10,តើការស្ថិតនៅក្រៅសារពាង្គកាយនៃពងស្វាសមានសារៈសំខាន់ដូចម្តេច?,ការស្ថិតនៅក្រោមសារពាង្គកាយនៃពងស្វាសមានសារៈសំខាន់ដូចជាដើម្បីរក្សាសីតុណ្ហភាពឲ្យ ទាបជាងសីតុណ្ហភាពក្នុងខ្លួន ប្រហែលពី(2-3)សីតុណ្ហភាពក្នុងខ្លួន37 ។,ការស្ថិតនៅក្រោមសារពាង្គកាយនៃពងស្វាសមានសារៈសំខាន់ក្នុងការផលិតអរម៉ូនភេទឈ្មោលនិង បង្កើតស្ពែម៉ាតូសូអ៊ីត ។,10,3,1,0.3,0.25732421875,0,3,1,0
11,តើសង្គមខ្មែរនៅសម័យអង្គរមានប៉ុន្មានវណ្ណៈ? វណ្ណៈអ្វីខ្លះ? ចូលរៀបរាប់។,សង្គមខ្មែរនៅសម័យអង្គរមានប្រាំវណ្ណៈគឺ -វណ្ណៈក្សត្រឬរាជវង្សនុវង្ស (ជាស្ដេចគ្រប់គ្រងប្រទេស -វណ្ណៈមន្ត្រី (អ្នករស់នៅក្នុងរាជវាំងបម្រើស្ដេច) -វណ្ណៈព្រាហ្ម៍ឬបុព្វជិត​(គឺជាអ្នកបួស) -វណ្ណៈអ្នកជាឬកសិករ (អ្នករស់នៅនឹងធ្វើស្រែចម្ការ) -វណ្ណៈអ្នកងារឬទាសករ(ទាសករបម្រើគេតកូនតចៅ)។,សង្គមខ្មែរនៅសម័យអង្គរមានប្រាំវណ្ណៈគឺ -វណ្ណៈក្សត្រ -វណ្ណៈមន្ត្រី -វណ្ណៈបុព្វជិត -វណ្ណៈអ្នកជា -វណ្ណៈទាសករ។,10,5,2,0.5,0.50439453125,2,5,0,0
12,តើកត្តាអ្វីខ្លះដែលធ្វើអោយសម័យអង្គររីកចម្រើនដល់កំពូល?​ ចូលរៀបរាប់។,កត្តាដែលធ្វើអោយសម័យអង្គររីកចម្រើនគឺ: កត្តាព្រះរាជា:ព្រះរាជាចាប់ពីព្រះបាទជ័យវរ្ម័នទី 2 រហូតដល់ព្រះបាទជ័យវរ្ម័នទី 7 សុទ្ធតែជាស្ដេចខ្លាំងពូកែ កត្តានយោបាយ: នយោបាយក្នុងប្រទេសបង្រួបបង្រួមជាតិកសាងនិងការពារទឹកដី នយោបាយក្រៅប្រទេស:ចងសម្ព័ន្ធមិត្តជាមួយប្រទេសធំៗវាយយករដ្ឋតូចដាក់ជាចំណុះ កត្តាសេដ្ឋកិច្ច:រីកចម្រើនលើវិស័យកសិកម្មសិប្បកម្មគណនាគម កត្តាសាសនា:ការឯកភាពគ្នារវាងសាសនាព្រាហ្មនិងព្រះពុទ្ធ កត្តាធនធានមនុស្សបន្សល់ទុកតាំងពីសម័យនគរភ្នំនិងចេនឡាមក។,កត្តាដែលធ្វើអោយសម័យអង្គររីកចម្រើនគឺ: កត្តាព្រះរាជា:ព្រះរាជាចាប់ពីព្រះបាទជ័យវរ្ម័នទី 2 រហូតដល់ព្រះបាទជ័យវរ្ម័នទី 7 សុទ្ធសឹងតែជាស្ដេចខ្លាំងពូកែ កត្តានយោបាយ: នយោបាយក្នុងប្រទេសបង្រួបបង្រួមជាតិកសាងនិងការពារទឹកដី នយោបាយក្រៅប្រទេស:ចងសម្ព័ន្ធមិត្តជាមួយប្រទេសធំៗវាយយករដ្ឋតូចដាក់ជាចំណុះ កត្តាសេដ្ឋកិច្ច:រីកចម្រើនលើវិស័យកសិកម្មសិប្បកម្មគណនាគមន៍ កត្តាសាសនា:ការឯកភាពគ្នារវាងសាសនាព្រាហ្មនិងព្រះពុទ្ធ កត្តាធនធាន:មនុស្សបន្សល់ទុកតាំងពីសម័យនគរភ្នំនិងចេនឡាមក។,10,10,4,1.0,0.970703125,4,10,0,0
13,តើថ្ងៃរំដោះ៧មករា១៩៧៩ មានអត្ថន័យយ៉ាងណាខ្លះចំពោះប្រវត្តិសាស្ត្រកម្ពុជា?,ថ្ងៃរំដោះ 7 មករា 1979 មានអត្ថន័យជាប្រវត្តិសាស្រ្តដូចជា÷ -ជាថ្ងៃដែលប្រជាជនរួចផុតពីរបបប្រល័យពូជសាសន៍ -ជាថ្ងៃដែលរបបកម្ពុជាប្រជាធិបតេយ្យដួលរលំ -ជាថ្ងៃកំណើតទី 2 របស់ប្រជាជនខ្មែរ -ជាថ្ងៃដែលកងទ័ពរណសិរ្យសាមគ្គីនិងកងទ័ពរំដោះប្រជាជន បានរំដោះប្រជាជនចេញពីរបបប្រល័យពូជសាស្ត្រកម្ពុជា។,ថ្ងៃរំដោះ 7 មករា 1979 មានអត្ថន័យជាប្រវត្តិសាស្រ្តដូចជា÷ -ជាថ្ងៃដែលប្រជាជនរួចផុតពីរបបប្រល័យពូជសាសន៍ -ជាថ្ងៃដែលរបបកម្ពុជាប្រជាធិបតេយ្យដួលរលំ -ជាថ្ងៃកំណើតទី 2 របស់ប្រជាជនខ្មែរ -ជាថ្ងៃដែលកងទ័ពរណសិរ្យសាមគ្គីនិងកងទ័ពរំដោះប្រជាជន បានរំដោះប្រជាជនចេញពីរបបប្រល័យពូជសាស្ត្រកម្ពុជា។,8,6,3,0.75,0.96484375,4,8,1,2
14,តើការស្ថិតនៅក្រៅសារពាង្គកាយនៃពងស្វាសមានសារៈសំខាន់ដូចម្តេច?,ការស្ថិតនៅក្រោមសារពាង្គកាយនៃពងស្វាសមានសារៈសំខាន់ដូចជាដើម្បីរក្សាសីតុណ្ហភាពឲ្យ ទាបជាងសីតុណ្ហភាពក្នុងខ្លួន ប្រហែលពី(2-3)សីតុណ្ហភាពក្នុងខ្លួន37 ។,ការស្ថិតនៅក្រោមសារពាង្គកាយនៃពងស្វាសមានសារៈសំខាន់ក្នុងការផលិតអរម៉ូនភេទឈ្មោលនិង បង្កើតស្ពែម៉ាតូសូអ៊ីត ។,10,3,1,0.3,0.25732421875,0,3,1,0
15,តើកត្តាអ្វីខ្លះដែលធ្វើអោយសម័យអង្គររីកចម្រើនដល់កំពូល?​ ចូលរៀបរាប់។,កត្តាដែលធ្វើអោយសម័យអង្គររីកចម្រើនគឺ: កត្តាព្រះរាជា:ព្រះរាជាចាប់ពីព្រះបាទជ័យវរ្ម័នទី 2 រហូតដល់ព្រះបាទជ័យវរ្ម័នទី 7 សុទ្ធតែជាស្ដេចខ្លាំងពូកែ កត្តានយោបាយ: នយោបាយក្នុងប្រទេសបង្រួបបង្រួមជាតិកសាងនិងការពារទឹកដី នយោបាយក្រៅប្រទេស:ចងសម្ព័ន្ធមិត្តជាមួយប្រទេសធំៗវាយយករដ្ឋតូចដាក់ជាចំណុះ កត្តាសេដ្ឋកិច្ច:រីកចម្រើនលើវិស័យកសិកម្មសិប្បកម្មគណនាគម កត្តាសាសនា:ការឯកភាពគ្នារវាងសាសនាព្រាហ្មនិងព្រះពុទ្ធ កត្តាធនធានមនុស្សបន្សល់ទុកតាំងពីសម័យនគរភ្នំនិងចេនឡាមក។,កត្តាដែលធ្វើអោយសម័យអង្គររីកចម្រើនគឺ: កត្តាព្រះរាជា:ព្រះរាជាចាប់ពីព្រះបាទជ័យវរ្ម័នទី 2 រហូតដល់ព្រះបាទជ័យវរ្ម័នទី 7 សុទ្ធសឹងតែជាស្ដេចខ្លាំងពូកែ កត្តានយោបាយ: នយោបាយក្នុងប្រទេស:បង្រួបបង្រួម​ កសាង និងការពារ។ នយោបាយក្រៅប្រទេស:ចងសម្ព័ន្ធមិត្តជាមួយប្រទេសធំៗដូចជាចិននិងឥណ្ឌា និងវាយយករដ្ឋតូចដាក់ជាចំណុះ កត្តាសេដ្ឋកិច្ច:ការរីកចម្រើនលើវិស័យកសិកម្ម សិប្បកម្ម គណនាគមន៍ កត្តាសាសនា:មានការឯកភាពគ្នារវាងសាសនាព្រាហ្មនិងព្រះពុទ្ធ កត្តាធនធានមនុស្សបន្សល់ទុកតាំងពីសម័យនគរភ្នំនិងចេនឡាមក។,10,10,4,1.0,0.9697265625,4,10,0,0
16,ចូររៀបរាប់ពីទំនាក់ទំនងរវាងការដាំដុះ​ អាជីវកម្មព្រៃឈើ និងការនេសាទ។,ទំនាក់ទំនងរវាងការដាំដុះ អាជីវកម្មព្រៃឈើ និងការនេសាទមានដូចជា៖ -ការដាំដុះដោយប្រើជីធម្មជាតិ -ការប្រើប្រាស់ជីគីមី -ដាំដុះនិងធ្វើតាមរដូវ -អាជីវកម្មព្រៃឈើ -ការកាប់បំផ្លាញព្រៃឈើ -ការដុតព្រៃឈើ -ការកាប់ឈើយកទៅធ្វើអាជីវកម្ម +ការនេសាទ -ការនេសាទត្រីពេលត្រីពក -ការនេសាទដោយប្រើអគ្គិសនី -ការនេសាទហួសកម្រិត -ការនេសាទគឺជាមុខរបរប្រចាំថ្ងៃាបស់ប្រជាជន -នឹងជាអាហារប្រចាំថ្ងៃរបស់ប្រជាជន -ការនេសាទធ្វើប្រជាជនមានមុខរបររកស៊ីត្រឹមត្រូវ -ការនេសាទប្រើប្រាស់ឧបករណ៍នេសាទខុសច្បាប់ -ការបំផ្លាញជំរកត្រី -ការបកហូរទឹកចេញពី,ទំនាក់ទំនងរវាងការដាំដុះ អាជីវកម្មព្រៃឈើ និងការនេសាទ៖ -ការដាំដុះៈការធ្វើស្រែចម្ការដូចជាស្រូវ ពោត សណ្ដែក ល្ងរ ល្ពៅ និងឈើហូបផ្លែដទៃទៀត ការដាំកៅស៊ូ វល្ថ កប្បាស និងឈើមានតម្លៃ។ -អាជីវកម្មព្រៃឈើៈ ការជួញដូរព្រៃឈើដូចជា ការកាប់ឈើមានតម្លៃយកទៅលក់ ការដាំដុះឈើក្រអូបដើម្បីប្រមូលខ្លឹមតែត្រូវអនុវត្ត ច្បាប់ព្រៃឈើផងដែរ។ -ការនេសាទៈ មានដូចជាការដាក់សន្ទូច បង្កែ លប អួន ទ្រូ តែការនេសាទនេះមិនត្រូវនេសាទនៅរដុវត្រីពងឡើង និងត្រូវគោរព ច្បាប់នេសាទ។,15,2,1,0.1333333333333333,0.6123046875,2,9,1,7
17,បុព្វហេតុអ្វីខ្លះដែលនាំឲ្យអាណាចក្រចេនឡាបែកបាក់ជាពីរគឺអាណាចក្រចេនឡាដីគោកនិងចេនឡាទឹកលិច?,បុព្វហេតុដែលនាំហើយអាណាចក្រចេនឡាបែកជាពីរគឺ -វិសាលភាពទឹកដីធំទូលាយ -ចម្បាំងអត់ឈប់ឈរ -សមន្ដរដ្ឋបះបោរចង់ផ្ដាច់ខ្លួន -វិបត្តិផ្ទៃក្នុង -ព្រះនាងជ័យទេវីគ្មានសមត្ថភាពគ្រប់គ្រង។,បុព្វហេតុដែលនាំហើយអាណាចក្រចេនឡាបែកជាពីរគឺ -វិសាលភាពទឹកដីធំទូលាយ -ចម្បាំងអត់ឈប់ឈរ -សមន្ដរដ្ឋបះបោរចង់ផ្ដាច់ខ្លួន -វិបត្តិផ្ទៃក្នុង -ព្រះនាងជ័យទេវីគ្មានសមត្ថភាពគ្រប់គ្រង។,7,7,4,1.0,0.96728515625,4,7,0,0
18,សេដ្ឋកិច្ចកម្ពុជាពឹងផ្អែកលើវិស័យកសិកម្មជាសំខាន់៖ ​ក.​ ហេតុអ្វីបានជាគេនិយាយថាកម្ពុជាជាប្រទេសកសិកម្ម? ខ. តើគេចែកកសិករទាំងនោះជាប៉ុន្មានប្រភេទ?,សេដ្ឋកិច្ចកម្ពុជាបានផ្អែកលើវិស័យកសិកម្មជាសំខាន់៖ ក​. បានជាគេនិយាយថាប្រទេសកម្ពុជាជាប្រទេសកសិកម្មដោយសារ -ផ្ទៃដីនៅប្រទេសកម្ពុជាប្រហែល៩០ភាគរយសិតតែដំណាំស្រូវ -ប្រជាជនកកម្ពុជា ៧០.៣ភាគរយធ្វើកសិកម្ម -កសិកម្មជួយឲ្យប្រជាជនកម្ពុជាមានការងារធ្វើ -ប្រជាជននិយមធ្វើកសិកម្ម -ដីនៅកម្ពុជាប្រកបជាមួយកាធ្វើកសិកម្ម -កម្ពុជាមានអាកាសធាតុសមស្របសម្រាប់ធ្វើកសិកម្ម ខ. គេចែកកសិកម្មទាំងនោះជាពីរប្រភេទ៖ +កសិករខ្នាតតូច -ធ្វើកសិកម្មដើម្បីជីវិត -ធ្វើលក្ខណៈតិចតួច ទុកតែបរិភោគសម្រាប់គ្រួសារ -មិនលក់ឲ្យអ្នកណា +កសិករខ្នាតធំ -ធ្វើកសិកម្មច្រើនហើយទុកសម្រាប់លក់ឬនាំចេញទៅក្រៅប្រទេស -ធ្វើមួយឆ្នាំអាចទៅពីរលើក -ធ្វើលក្ខណៈច្រើន ដើម្បីលក់និងនាំចេញ។,សេដ្ឋកិច្ចកម្ពុជាបានផ្អែកលើវិស័យកសិកម្មជាសំខាន់៖ ក. បានជាគេនិយាយថាកម្ពុជាជាប្រទេសកសិកម្មព្រោះប្រជាជនកម្ពុជាស្ទើតែ៧២.៣%ទៅហើយជាកសិករ ហើយពួកគេពឹងផ្អែកលើវិស័យ កសិកម្ម ដើម្បីទទួលបានប្រាក់ចំណូលចូលគ្រួសារពួកគេ។ -ប្រទេសកម្ពុជាមានប្រភេទដែលអាចដាំដំណាំគ្រប់ប្រភេទបាន -ប្រជាជនមួយភាគចំណូលរបស់ពួកគេមកពីការធ្វើកសិកម្ម -មានដំណាំអាចនាំចេញចូលក្រៅប្រទេសបាន។ ខ. គេចែកកសិករទាំងនោះជាកសិករបែបបុរាណ និងកសិករបែបទំនើប៖ +កសិករបុរាណ -ធ្វើស្រែដោយប្រើរនាស់ -បោកកណ្ដាប់ជាដើម។ +កសិករបែបទំនើប -ធ្វើស្រែដោយរបស់ទំនើប (គោញង់ ត្រាក់ទ័រ) -ផលិតដោយប្រើរបស់ទំនើប។,15,11,3,0.7333333333333333,0.64990234375,2,10,1,1
19,បុព្វហេតុអ្វីខ្លះដែលនាំឲ្យអាណាចក្រចេនឡាបែកបាក់ជាពីរគឺអាណាចក្រចេនឡាដីគោកនិងចេនឡាទឹកលិច?,បុព្វហេតុដែលនាំហើយអាណាចក្រចេនឡាបែកជាពីរគឺ -វិសាលភាពទឹកដីធំទូលាយ -ចម្បាំងអត់ឈប់ឈរ -សមន្ដរដ្ឋបះបោរចង់ផ្ដាច់ខ្លួន -វិបត្តិផ្ទៃក្នុង -ព្រះនាងជ័យទេវីគ្មានសមត្ថភាពគ្រប់គ្រង។,បុព្វហេតុដែលនាំហើយអាណាចក្រចេនឡាបែកជាពីរគឺ -វិសាលភាពទឹកដីធំទូលាយ -ចម្បាំងអត់ឈប់ឈរ -សមន្ដរដ្ឋបះបោរចង់ផ្ដាច់ខ្លួន -វិបត្តិផ្ទៃក្នុង -ព្រះនាងជ័យទេវីគ្មានសមត្ថភាពគ្រប់គ្រង។,7,7,4,1.0,0.96728515625,4,7,0,0
20,តើឧស្សាហកម្មមានតួនាទីដូចម្ដេចខ្លះចំពោះសេដ្ឋកិច្ចជាតិ?,ឧស្សាហកម្មមាន​តួនាទីចំពោះសេដ្ឋកិច្ចជាតិដូចជា ៖ ​ _ ជួយបង្កើតថវិការជាតិ ​ _ ជួយបង្កើតទិន្នផលជាតិ ​​ _ ជួយឲ្យសេដ្ឋកិច្ចជាតិរីកចម្រើន  _ ប្រជាជនសំបូរធូរធារ  _អភិវឌ្ឍគ្រប់វិស័យ  _ មានទំនាក់ទំនងល្អជាមួយអ្នកជិតខាង  _ មានភាពរុងរឿងនៅក្នុងប្រទេសជាតិ។,ឧស្សាហកម្មមានតួនាទីចំពោះសេដ្ឋកិច្ចជាតិដូចជា៖ -ជាប្រភពចូលចំណូលសេដ្ឋកិច្ចជាតិ -ផ្ដល់ប្រាក់កម្រៃផលកម្មករនិងប្រជាជន -ការនាំចេញទៅលក់នៅក្រៅប្រទេស -កាត់បន្ថយការនាំចូលនិងការហូរសាច់ប្រាក់ចេញទៅក្រៅប្រទេស -ឲ្យសេដ្ឋកិច្ចរានការកើតឡើង -បម្រើផលប្រយោជន៍ដល់ប្រជាជន -បងេី្កនអាកាសការងារដល់ប្រជាជន។  -កាត់បន្ថយអាតិជរណា។,15,5,1,0.3333333333333333,0.84423828125,3,13,2,8
21,តើអាណាចក្រភ្នំមានព្រំប្រទល់ជាប់ប្រទេសណាខ្លះ?,អាណាចក្រភ្នំមានព្រំប្រទល់ជាប់ប្រទេសដូចជា -ខាងជើងជាប់ចិន -ខាងត្បូងជាឈូងសមុទ្រខ្មែរ -ខាងកើតជាប់រដ្ឋចម្ប៉ា -ខាងលិចជាប់រដ្ធមនឬភូមា។,អាណាចក្រភ្នំមានព្រំប្រទល់ជាប់ប្រទេសដូចជា -ខាងជើងជាប់ចិន -ខាងត្បូងជាឈូងសមុទ្រខ្មែរ -ខាងកើតជាប់រដ្ឋចម្ប៉ា -ខាងលិចជាប់រដ្ឋមនឬភូមា។,6,6,4,1.0,0.94775390625,4,6,0,0
22,តើកត្តាអ្វីខ្លះដែលធ្វើអោយសម័យអង្គររីកចម្រើនដល់កំពូល?​ ចូលរៀបរាប់។,កត្តាដែលធ្វើអោយសម័យអង្គររីកចម្រើនគឺ: កត្តាព្រះរាជា:ព្រះរាជាចាប់ពីព្រះបាទជ័យវរ្ម័នទី 2 រហូតដល់ព្រះបាទជ័យវរ្ម័នទី 7 សុទ្ធតែជាស្ដេចខ្លាំងពូកែ កត្តានយោបាយ: នយោបាយក្នុងប្រទេសបង្រួបបង្រួមជាតិកសាងនិងការពារទឹកដី នយោបាយក្រៅប្រទេស:ចងសម្ព័ន្ធមិត្តជាមួយប្រទេសធំៗវាយយករដ្ឋតូចដាក់ជាចំណុះ កត្តាសេដ្ឋកិច្ច:រីកចម្រើនលើវិស័យកសិកម្មសិប្បកម្មគណនាគម កត្តាសាសនា:ការឯកភាពគ្នារវាងសាសនាព្រាហ្មនិងព្រះពុទ្ធ កត្តាធនធានមនុស្សបន្សល់ទុកតាំងពីសម័យនគរភ្នំនិងចេនឡាមក។,កត្តាដែលធ្វើអោយសម័យអង្គររីកចម្រើនគឺ: .កត្តាព្រះរាជា:ព្រះរាជាចាប់ពីព្រះបាទជ័យវរ្ម័នទី 2 រហូតដល់ព្រះបាទជ័យវរ្ម័នទី 7 សុទ្ធសឹងតែជាស្ដេចខ្លាំងពូកែ .កត្តានយោបាយ: +នយោបាយក្នុងប្រទេស:បង្រួបបង្រួម​ កសាង និងការពារ។ +នយោបាយក្រៅប្រទេស:ចងសម្ព័ន្ធមិត្តជាមួយប្រទេសធំៗដូចជាចិននិងឥណ្ឌា និងវាយយករដ្ឋតូចដាក់ជាចំណុះ .កត្តាសេដ្ឋកិច្ច:ការរីកចម្រើនលើវិស័យកសិកម្ម សិប្បកម្ម គណនាគមន៍ .កត្តាសាសនា:មានការឯកភាពគ្នារវាងសាសនាព្រាហ្មនិងព្រះពុទ្ធ .កត្តាធនធានមនុស្សបន្សល់ទុកតាំងពីសម័យនគរភ្នំនិងចេនឡាមក។,10,10,4,1.0,0.96923828125,4,10,0,0
23,ដូចម្តេចដែលហៅថាមេយ៉ូស? ចូរនិយាយពីវគ្គផ្សេងៗនៃមេយ៉ូស។,មេយ៉ូសជាសំណុំនៃចំណែកកោសិកាពីរដងបន្តបន្ទាប់គ្នាដែលបង្កើតបានជាកោសិកាអាលូអុីតបួន ហៅថាមេយ៉ូស ។ _តេឡូផាស1 ស៊ីតូប្លាសចែកខ្លួនបានជាកោសិកាកូនពីរ ។កោសិកាកូននីមួយៗទទួលបានក្រូម៉ូសូម តែមួយពីរគូអូម៉ូឡូក ។ _ប្រផាស1 មានរយៈពេលវែង ។ _អាណាផាស1 ក្រូម៉ូសូមដំរៀបលើផ្លាស់ភ្ជាប់នឹងក្រយ៉ូងក្រូម៉ាទិចដោយសង់ក្រូងទ័ររបស់វា ។ _តេឡូផាស2 ក្រូម៉ូមនីមួយៗបានមកដល់ប៉ូលភ្នាស _មេតាផាស2 ក្រូម៉ូសូមប្រេះតាមបណ្ដោយភ្ជាប់ខ្លួនទៅនិងក្រយ៉ងក្រូម៉ាទិចដោយសង់ _ប្រូដាស2 ត្តយ៉ងអាក្រូម៉ាទិតកើតមានក្នុងកោសិកាគូនីមួយៗ _អាណាផាស2 សង់ក្រូម៉ែធ្វើចំណែកដែលនាំអោយក្រូម៉ាទិចបងប្អូនដាច់ចេញពីគ្នា ។បន្ទាប់មក ក្រូម៉ូសូមកូនទាំង2ធ្វើដំណើរឆ្ពោះទៅប៉ូលផ្ទុយគ្នារបស់ត្រយ៉ូងអាក្រូម៉ាទិច ។,មេយ៉ូសជាសំណុំនៃចំណែកកោសិកាពីរដងបន្តបន្ទាប់គ្នាដែលបង្កើតបានជាកោសិកាអាលូអុីតបួន ហៅថាមេយ៉ូស ។ _តេឡូផាស1 _ប្រផាស1  _អាណាផាស1 _មេតាផាស1 _ប្រូដាស2  _អាណាផាស2 _មេតាផាស2 _តេឡូផាស2,10,4,2,0.4,0.35888671875,1,4,1,0
24,ហេតុអ្វីបានជាផ្នែកឯកជនជាកម្លាំងដ៏សំខាន់សម្រាប់វិនិយោគនិងធ្វើឲ្យមានកំណើនសេដ្ឋកិច្ចក្នុងប្រទេស?,បានជាផ្នែកឯកជនជាកម្លាំងដ៏សំខាន់សម្រាប់វិនិយោគនិងធ្វើឲ្យមានកំណើនសេដ្ឋកិច្ចក្នុងប្រទេស ព្រោះប្រទេសកម្ពុជាជាប្រទេសអភិវឌ្ឍន៍ សេដ្ឋកិច្ចទីផ្សារដោយបានធ្វើកំណែទម្រង់សហគ្រាសឧស្សាហកម្មឲ្យក្លាយទៅជាកម្មសិទ្ធិឯកជន ។ សេដ្ឋកិច្ចទីផ្សារសេរីនេះនាំឲ្យអ្នករកស៊ីបរទេសចូលចិត្តមកវិនិយោគ ហើយកាលណាផ្នែកឯកជនរឹងមាំមកវិនិយោគ ហើយកាលណាផ្នែកឯកជនមិនរឹងមាំអាចបំពេញបន្ថែមវិនិយោគនិងវិស័យសង្គមកិច្ចមានន័យថាវិស័យឯកជនស្រូបយកកម្លាំងការងារកាន់តែកើនឡើង។,បានជាផ្នែកឯកជនជាកម្លាំងដ៏សំខាន់សម្រាប់វិនិយោគ និងធ្វើឱ្យមានកំណើនសេដ្ឋកិច្ចក្នុងប្រទេសមានព្រោះ៖ _ ទទួលបានប្រាក់ចំណូលចូលជាតិយ៉ាងច្រើន  _ បានប្រាក់ចំណូលចូលរដ្ឋ  _ មានភ្ញៀវទេសចរណ៍ច្រើនកុះករចូលមកក្នុងប្រទេស  _ មានការចំណេញលើគ្រប់ការងារទាំងក្នុងនិងក្រៅប្រទេស  _ ប្រជាជនអាចមានការងារធ្វើច្រើនដោយសារការវិនិយោគទន់  _ ធ្វើផលិតផលចាស់ឪ្យទៅជាផលិតថ្មី  _ ផលិតផលមានគុណភាព និងស្ដង់ដារជាងមុន  _ ប្រទេសមានការអភិវឌ្ឍនិងរីកចម្រើនជាងមុន។,15,5,1,0.3333333333333333,0.293212890625,0,4,1,1
25,តើកត្តាអ្វីខ្លះដែលធ្វើអោយសម័យអង្គររីកចម្រើនដល់កំពូល?​ ចូលរៀបរាប់។,កត្តាដែលធ្វើអោយសម័យអង្គររីកចម្រើនគឺ: កត្តាព្រះរាជា:ព្រះរាជាចាប់ពីព្រះបាទជ័យវរ្ម័នទី 2 រហូតដល់ព្រះបាទជ័យវរ្ម័នទី 7 សុទ្ធតែជាស្ដេចខ្លាំងពូកែ កត្តានយោបាយ: នយោបាយក្នុងប្រទេសបង្រួបបង្រួមជាតិកសាងនិងការពារទឹកដី នយោបាយក្រៅប្រទេស:ចងសម្ព័ន្ធមិត្តជាមួយប្រទេសធំៗវាយយករដ្ឋតូចដាក់ជាចំណុះ កត្តាសេដ្ឋកិច្ច:រីកចម្រើនលើវិស័យកសិកម្មសិប្បកម្មគណនាគម កត្តាសាសនា:ការឯកភាពគ្នារវាងសាសនាព្រាហ្មនិងព្រះពុទ្ធ កត្តាធនធានមនុស្សបន្សល់ទុកតាំងពីសម័យនគរភ្នំនិងចេនឡាមក។,កត្តាដែលធ្វើអោយសម័យអង្គររីកចម្រើនគឺ: កត្តាព្រះរាជា:ព្រះរាជាចាប់ពីព្រះបាទជ័យវរ្ម័នទី 2 រហូតដល់ព្រះបាទជ័យវរ្ម័នទី 7 សុទ្ធសឹងតែជាស្ដេចខ្លាំងពូកែ កត្តានយោបាយ: នយោបាយក្នុងប្រទេសបង្រួបបង្រួមជាតិកសាងនិងការពារទឹកដី នយោបាយក្រៅប្រទេស:ចងសម្ព័ន្ធមិត្តជាមួយប្រទេសធំៗវាយយករដ្ឋតូចដាក់ជាចំណុះ,10,5,2,0.5,0.8828125,4,9,2,4
26,ហេតុអ្វីបានជាមនុស្សស្រូបយកខ្យល់ដែលមានកាបូនម៉ណូអុកស៊ីតអាចបង្កគ្រោះថ្នាក់ដល់ស្លាប់បាន?,បានជាមនុស្សស្រូបយកខ្យល់ដែលមានកាបូនម៉ូណូអុកស៊ីដអាចបង្កឲ្យមានគ្រោះថ្នាក់ដល់ស្លាប់ បានព្រោះកាបូនម៉ូណូអុកស៊ីដមានសមត្ថភាពចាប់យក ក្នុងឈាមបានខ្លាំងជាងអុកស៊ីសែន វារារាំងឈាមមិនឲ្យដឹកនាំអុកស៊ីសែនទៅចិញ្ចឹមសរីរាង្គជាពិសេសខួរក្បាលដែលបណ្តាលឲ្យ ស្លាប់និង សន្លប់ ។,បានជាមនុស្សស្រូបយកខ្យល់ដែលមាន កាបូនម៉ូណូអុកស៊ីដអាចបង្កគ្រោះថ្នាក់ដល់ស្លាប់បានព្រោះ វាជាខ្យល់ពុលដែលមានពោរពេញដោយបរិយាកាសជុំវិញខ្លួន ។,5,2,2,0.4,0.603515625,2,3,0,1
27,តើអាណាចក្រភ្នំមានព្រំប្រទល់ជាប់ប្រទេសណាខ្លះ?,អាណាចក្រភ្នំមានព្រំប្រទល់ជាប់ប្រទេសដូចជា -ខាងជើងជាប់ចិន -ខាងត្បូងជាឈូងសមុទ្រខ្មែរ -ខាងកើតជាប់រដ្ឋចម្ប៉ា -ខាងលិចជាប់រដ្ធមនឬភូមា។,អាណាចក្រភ្នំមានព្រំប្រទល់ជាប់ប្រទេសដូចជា -ខាងជើងជាប់ចិន(រដ្ឋណានឆាវតុងកឹង) -ខាងត្បូងជាឈូងសមុទ្រខ្មែរ(ឈូងសមុទ្រនគរភ្នំ) -ខាងកើតជាប់រដ្ឋចម្ប៉ា -ខាងលិចជាប់រដ្ឋមនឬភូមា។,6,6,4,1.0,0.92529296875,4,6,0,0
28,តើឧស្សាហកម្មមានតួនាទីដូចម្ដេចខ្លះចំពោះសេដ្ឋកិច្ចជាតិ?,ឧស្សាហកម្មមាន​តួនាទីចំពោះសេដ្ឋកិច្ចជាតិដូចជា ៖ ​ _ ជួយបង្កើតថវិការជាតិ ​ _ ជួយបង្កើតទិន្នផលជាតិ ​​ _ ជួយឲ្យសេដ្ឋកិច្ចជាតិរីកចម្រើន  _ ប្រជាជនសំបូរធូរធារ  _អភិវឌ្ឍគ្រប់វិស័យ  _ មានទំនាក់ទំនងល្អជាមួយអ្នកជិតខាង  _ មានភាពរុងរឿងនៅក្នុងប្រទេសជាតិ។,ឧស្សាហកម្មមានតួនាទីចំពោះសេដ្ឋកិច្ចដូចជា៖ -ក្រុមហ៊ុនផ្តល់ការងារដល់ប្រជាជនក្នុងប្រាក់ចំណូល -ជួយបង្កើនប្រាក់ចំណូលជាតិដើរទៅមុខ -កាត់បន្ថយភាពក្រីក្ -របង្កើតធនធាន  -ការជួយប្រធានបច្ចេកទេសកសិកម្ម  -ប្រជាជនធូរធារ  -ការអភិវឌ្ឍទៅមុខ ជំរុញឲ្យសេដ្ឋកិច្ចដើរទៅមុខ។,15,15,4,1.0,0.8779296875,4,13,0,2
29,តើឧស្សាហកម្មមានតួនាទីចំពោះសេដ្ឋកិច្ចជាតិយ៉ាងដូចម្ដេច?,ឧស្សាហកម្មមានតួនាទីសម្រាប់សេដ្ឋកិច្ចជាតិដូចជា -ជួយបង្កើតប្រាក់ចំណូលចូលជាតិ -បង្កើតការងារដល់ប្រជាជន -បង្កើតប្រាក់ចំណូលចូលក្នុងគ្រួសារ -ប្រជាជនមានជីវភាពធូរធារ -ជួយរក្សាជញ្ជីងពាណិជ្ជកម្ម -ជួយបង្កើតទិន្នផលសម្រាប់ការនាំចេញនាំចូល -បង្កើននូវសង្ឃភារៈសម្រាប់ប្រើប្រាស់។,ឧស្សាហកម្មមានតួនាទីចំពោះសេដ្ឋកិច្ចដូចជា៖ -បង្កើតរោងចក្រសម្រាប់ការវិនិយោគទន់ -ប្រជាជនមានការងារធ្វើ -មានរោងចក្រក្នុងប្រទេសច្រើន -សេដ្ឋកិច្ចកាន់តែមានភាពរីកចម្រើនទៅមុខ -នៅឆ្នាំ ២០០៨ ឧស្សាហកម្មរកចំណូលបាន​២៣.៨% -បង្កើតបានអ្វីដែលថ្មីសម្រាប់ប្រទេស -ជឿនលឿននៅលើគ្រប់វិស័យ -ប្រជាជនលែងខ្វះការងារធ្វើ -ជួយដល់សេដ្ឋកិច្ចជាតិ -មានជនបរទេសមកវិនិយោគនៅប្រទេសកម្ពុជាច្រើន -មានភាពសុចរិត -ជនបរទេសណែនាំទៅប្រទេសក្រៅធ្វើឲ្យមានការវិនិយោគទន់កាន់តែច្រើនឡើងនៅក្នុងប្រទេស។,15,15,4,1.0,0.8193359375,3,12,1,3
30,ហេតុអ្វីបានជាផ្នែកឯកជនជាកម្លាំងដ៏សំខាន់សម្រាប់វិនិយោគ និងធ្វើឲ្យមានកំណើនសេដ្ឋកិច្ចក្នុងប្រទេស?,បានជាផ្នែកឯកជនជាកម្លាំងដ៏សំខាន់សម្រាប់កំណើនសេដ្ឋកិច្ចកម្ពុជាព្រោះ -កម្ពុជាបានអនុវត្តសេដ្ឋកិច្ចទីផ្សារសេរីដោយបានធ្វើកំណែទម្រង់ពីសហគ្រាសរដ្ឋឲ្យក្លាយទៅជាកម្មសិទ្ធិឯកជន -សេដ្ឋកិច្ចទីផ្សារសេរីនាំឲ្យអ្នករកស៊ីចូលចិត្តមករកស៊ីនិងដាក់វិនិយោគទុន -កាលណាភ្នែកឯកជនរឹងមាំអាចជួយបំពេញបន្ថែមលើវិនិយោគសាធារណៈក្នុងវិស័យសេដ្ឋកិច្ចគឺផ្នែកឯកជនអាចស្រូបយកកម្លាំងពលកម្មកើនឡើង។,បានជាផ្នែកឯកជនជាកម្លាំងដ៏សំខាន់សម្រាប់វិនិយោគនិងធ្វើឲ្យមានកំណើនសេដ្ឋកិច្ចព្រោះ៖ -ព្រោះវាជាផ្នែកឯកជនកម្មសិទ្ធផ្ទាល់ខ្លួន -ធ្វើឲ្យមានការនាំចេញនាំចូលញឹកញាប់ -កំណើនសេដ្ឋកិច្ចកាន់តែរីកលូតលាស់ -មានការអភិវឌ្ឍន៍ -វិនិយោគទន់ជាមួយប្រទេសនានា -សេដ្ឋកិច្ចកាន់តែកើនឡើងបន្តបន្ទាប់ -ប្រទេសជិតមកវិនិយោគជាមួយច្រើនឡើងៗ -រោងចក្រនានាមានការរីកធំ ហើយកាន់តែមានប្រាក់ចំណូលចូលប្រើន -ប្រព័ន្ធសេដ្ឋកិច្ចកាន់តែមានការអភិវឌ្ឍជាលំដាប់ -ប្រជាជនអាចប្រើប្រាស់ឬលក់ -ជួយជំរុញការវិនិយោគ -វិស័យឧស្សាហកម្មកាន់តែកើនឡើង។,15,8,2,0.5333333333333333,0.52734375,2,8,0,0
31,តើព្រះអង្គឌួងមានស្នាព្រហស្ថអ្វីខ្លះចំពោះប្រទេសជាតិនិងប្រជារាស្ត្រខ្មែរ?,ព្រះបាទអង្គឌួងមានស្នាព្រហស្តដូចជាផ្នែករដ្ឋបាលរៀបចំប្រព័ន្ធរដ្ឋបាលនិងច្បាប់ទម្លាប់ស្ដារឡើងវិញមានរបៀបផ្នែកសេដ្ឋកិច្ចលើកស្ទួយវិស័យកសិកម្មជួសជុលប្រព័ន្ធ សេះនិងពាណិជ្ជកម្ម ភ្នែកបរទេសស្វែងរកជំនួយពីបារាំងដើម្បីទប់ទល់នឹងការត្រួតត្រាយួននិងសៀម ផ្នែកវប្បធម៌លើកស្ទួយវប្បធម៌អក្សរសាស្ត្រខ្មែរនិង សាសនា កត្តាផ្ទៃក្នុង ការបែកបាក់រាជវង្សានុវង្សបែកបាក់សាមគ្គី។,ព្រះបាទអង្គឌួងមានស្នាព្រហស្តដូចជាផ្នែករដ្ឋបាលរៀបចំប្រព័ន្ធរដ្ឋបាលនិងច្បាប់ទម្លាប់ស្ដារឡើងវិញមានរបៀបផ្នែកសេដ្ឋកិច្ចលើកស្ទួយវិស័យកសិកម្មជួសជុលប្រព័ន្ធ សេះនិងពាណិជ្ជកម្ម ភ្នែកបរទេសស្វែងរកជំនួយពីបារាំងដើម្បីទប់ទល់នឹងការត្រួតត្រាយួននិងសៀម ផ្នែកវប្បធម៌លើកស្ទួយវប្បធម៌អក្សរសាស្ត្រខ្មែរនិង សាសនា កត្តាផ្ទៃក្នុង ការបែកបាក់រាជវង្សានុវង្សបែកបាក់សាមគ្គី។,15,15,4,1.0,0.89404296875,4,13,0,2
32,ហេតុអ្វីបានជាមនុស្សស្រូបយកខ្យល់ដែលមានកាបូនម៉ណូអុកស៊ីតអាចបង្កគ្រោះថ្នាក់ដល់ស្លាប់បាន?,បានជាមនុស្សស្រូបយកខ្យល់ដែលមានកាបូនម៉ូណូអុកស៊ីដអាចបង្កឲ្យមានគ្រោះថ្នាក់ដល់ស្លាប់ បានព្រោះកាបូនម៉ូណូអុកស៊ីដមានសមត្ថភាពចាប់យក ក្នុងឈាមបានខ្លាំងជាងអុកស៊ីសែន វារារាំងឈាមមិនឲ្យដឹកនាំអុកស៊ីសែនទៅចិញ្ចឹមសរីរាង្គជាពិសេសខួរក្បាលដែលបណ្តាលឲ្យ ស្លាប់និង សន្លប់ ។,បានជាមនុស្សស្រូបយកខ្យល់ដែលមានកាបូនម៉ូណូអុកស៊ីដអាចបង្កឲ្យមានគ្រោះថ្នាក់ដល់ស្លាប់បាន ព្រោះ _កាបូនម៉ូណូអុកស៊ីដមានសមត្ថភាពចាប់យក ក្នុងឈាមបានខ្លាំងជាងអុកស៊ីសែន _រារាំងឈាមមិនឲ្យដឹកនាំអុកស៊ីសែនទៅចិញ្ចឹមសរីរាង្គជាពិសេសខួរក្បាលដែលបណ្តាលឲ្យស្លាប់និង សន្លប់ ។,5,3,2,0.6,0.68896484375,3,3,1,0
33,តើសង្គមខ្មែរនៅសម័យអង្គរមានប៉ុន្មានវណ្ណៈ? វណ្ណៈអ្វីខ្លះ? ចូលរៀបរាប់។,សង្គមខ្មែរនៅសម័យអង្គរមានប្រាំវណ្ណៈគឺ -វណ្ណៈក្សត្រឬរាជវង្សនុវង្ស (ជាស្ដេចគ្រប់គ្រងប្រទេស -វណ្ណៈមន្ត្រី (អ្នករស់នៅក្នុងរាជវាំងបម្រើស្ដេច) -វណ្ណៈព្រាហ្ម៍ឬបុព្វជិត​(គឺជាអ្នកបួស) -វណ្ណៈអ្នកជាឬកសិករ (អ្នករស់នៅនឹងធ្វើស្រែចម្ការ) -វណ្ណៈអ្នកងារឬទាសករ(ទាសករបម្រើគេតកូនតចៅ)។,សង្គមខ្មែរនៅសម័យអង្គរមានប្រាំវណ្ណៈគឺ -វណ្ណៈក្សត្រ:វណ្ណៈនេះមានបុព្វសិទ្ធណាស់ដូចជាគ្មានការបង់ពន្ធ មិនជាប់កំណែននិងមិនត្រូវធ្វើការងារធ្ងន់ជាដើម។ -វណ្ណៈមន្ត្រី:ជាអ្នកដែលធ្វើការក្នុងវាំងនិងបម្រើព្រះរាជា -វណ្ណៈអ្នកបួស:ពួកប៉ាន់ឃាបគឺពួកព្រាហ្មណ៍​ ពួកនេះស្លៀកពាក់ដូចគេទៀតដែរ ខុសត្រង់មានពាក់ខ្សែរអំបោះដវេញមួយខ្សែរនៅក ជាសញ្ញាថាអ្នកចេះ។ -វណ្ណៈអ្នកជា:ពួកគេជាវណ្ណៈកណ្ដាលក្នុងសង្គម​ ដែលមានឋានន្ដរមានប្រហាក់ប្រហែលនិងពួកឈ្មួញសិប្បកម្ម សិប្បករនិងប្រជារាស្ត្រសាមញ្ញ -វណ្ណៈទាសករ:ពួកគេជាវណ្ណៈទាបបំផុតនៅក្នុងសង្គមដែលជាអ្នកបម្រើគេអស់មួយជីវិត។,10,10,4,1.0,0.96533203125,4,10,0,0
34,តើកត្តាអ្វីខ្លះដែលធ្វើអោយសម័យអង្គររីកចម្រើនដល់កំពូល?​ ចូលរៀបរាប់។,កត្តាដែលធ្វើអោយសម័យអង្គររីកចម្រើនគឺ: កត្តាព្រះរាជា:ព្រះរាជាចាប់ពីព្រះបាទជ័យវរ្ម័នទី 2 រហូតដល់ព្រះបាទជ័យវរ្ម័នទី 7 សុទ្ធតែជាស្ដេចខ្លាំងពូកែ កត្តានយោបាយ: នយោបាយក្នុងប្រទេសបង្រួបបង្រួមជាតិកសាងនិងការពារទឹកដី នយោបាយក្រៅប្រទេស:ចងសម្ព័ន្ធមិត្តជាមួយប្រទេសធំៗវាយយករដ្ឋតូចដាក់ជាចំណុះ កត្តាសេដ្ឋកិច្ច:រីកចម្រើនលើវិស័យកសិកម្មសិប្បកម្មគណនាគម កត្តាសាសនា:ការឯកភាពគ្នារវាងសាសនាព្រាហ្មនិងព្រះពុទ្ធ កត្តាធនធានមនុស្សបន្សល់ទុកតាំងពីសម័យនគរភ្នំនិងចេនឡាមក។,កត្តាដែលធ្វើអោយសម័យអង្គររីកចម្រើនគឺ: កត្តាព្រះរាជា:ព្រះរាជាចាប់ពីព្រះបាទជ័យវរ្ម័នទី 2 រហូតដល់ព្រះបាទជ័យវរ្ម័នទី 7 សុទ្ធសឹងតែជាស្ដេចខ្លាំងពូកែ កត្តានយោបាយ: នយោបាយក្នុងប្រទេសបង្រួបបង្រួមជាតិកសាងនិងការពារទឹកដី នយោបាយក្រៅប្រទេស:ចងសម្ព័ន្ធមិត្តជាមួយប្រទេសធំៗវាយយករដ្ឋតូចដាក់ជាចំណុះ កត្តាសាសនា:ការឯកភាពគ្នារវាងសាសនាព្រាហ្មនិងព្រះពុទ្ធ កត្តាមនុស្ស:មនុស្សបន្សល់ទុកតាំងពីសម័យនគរភ្នំនិងចេនឡាមក។,10,9,4,0.9,0.96923828125,4,10,0,1
35,តើអាណាចក្រភ្នំមានព្រំប្រទល់ជាប់ប្រទេសណាខ្លះ?,អាណាចក្រភ្នំមានព្រំប្រទល់ជាប់ប្រទេសដូចជា -ខាងជើងជាប់ចិន -ខាងត្បូងជាឈូងសមុទ្រខ្មែរ -ខាងកើតជាប់រដ្ឋចម្ប៉ា -ខាងលិចជាប់រដ្ធមនឬភូមា។,អាណាចក្រភ្នំមានព្រំប្រទល់ជាប់ប្រទេសដូចជា -ខាងជើងជាប់ឈូងសមុទ្រចិន -ខាងត្បូងជាប់ឈូងសមុទ្រនគរខ្មែរ -ខាងកើតជាប់រដ្ឋចម្ប៉ានិងឈូងសមុទ្រចិន -ខាងលិចជាប់ភូមានិងឈូងសមុទ្របេងហ្គាល់។,6,6,4,1.0,0.94775390625,4,6,0,0
36,ហេតុអ្វីបានជាមនុស្សស្រូបយកខ្យល់ដែលមានកាបូនម៉ណូអុកស៊ីតអាចបង្កគ្រោះថ្នាក់ដល់ស្លាប់បាន?,បានជាមនុស្សស្រូបយកខ្យល់ដែលមានកាបូនម៉ូណូអុកស៊ីដអាចបង្កឲ្យមានគ្រោះថ្នាក់ដល់ស្លាប់ បានព្រោះកាបូនម៉ូណូអុកស៊ីដមានសមត្ថភាពចាប់យក ក្នុងឈាមបានខ្លាំងជាងអុកស៊ីសែន វារារាំងឈាមមិនឲ្យដឹកនាំអុកស៊ីសែនទៅចិញ្ចឹមសរីរាង្គជាពិសេសខួរក្បាលដែលបណ្តាលឲ្យ ស្លាប់និង សន្លប់ ។,បានជាមនុស្សស្រូបយកខ្យល់ដែលមានកាបូនម៉ូណូអុកស៊ីដអាចបង្កឲ្យមានគ្រោះថ្នាក់ដល់ស្លាប់ បានព្រោះកាបូនម៉ូណូអុកស៊ីដមានសមត្ថភាពចាប់យក ក្នុងឈាមបានខ្លាំងជាងអុកស៊ីសែន វារារាំងឈាមមិនឲ្យដឹកនាំអុកស៊ីសែនទៅចិញ្ចឹមសរីរាង្គជាពិសេសខួរក្បាលដែលបណ្តាលឲ្យ ស្លាប់និង សន្លប់ ។,5,4,3,0.8,0.8359375,3,4,0,0
37,សេដ្ឋកិច្ចកម្ពុជាពឹងផ្អែកលើវិស័យកសិកម្មជាសំខាន់៖ ​ក.​ ហេតុអ្វីបានជាគេនិយាយថាកម្ពុជាជាប្រទេសកសិកម្ម? ខ. តើគេចែកកសិករទាំងនោះជាប៉ុន្មានប្រភេទ?,សេដ្ឋកិច្ចកម្ពុជាបានផ្អែកលើវិស័យកសិកម្មជាសំខាន់៖ ក​. បានជាគេនិយាយថាប្រទេសកម្ពុជាជាប្រទេសកសិកម្មដោយសារ -ផ្ទៃដីនៅប្រទេសកម្ពុជាប្រហែល៩០ភាគរយសិតតែដំណាំស្រូវ -ប្រជាជនកកម្ពុជា ៧០.៣ភាគរយធ្វើកសិកម្ម -កសិកម្មជួយឲ្យប្រជាជនកម្ពុជាមានការងារធ្វើ -ប្រជាជននិយមធ្វើកសិកម្ម -ដីនៅកម្ពុជាប្រកបជាមួយកាធ្វើកសិកម្ម -កម្ពុជាមានអាកាសធាតុសមស្របសម្រាប់ធ្វើកសិកម្ម ខ. គេចែកកសិកម្មទាំងនោះជាពីរប្រភេទ៖ +កសិករខ្នាតតូច -ធ្វើកសិកម្មដើម្បីជីវិត -ធ្វើលក្ខណៈតិចតួច ទុកតែបរិភោគសម្រាប់គ្រួសារ -មិនលក់ឲ្យអ្នកណា +កសិករខ្នាតធំ -ធ្វើកសិកម្មច្រើនហើយទុកសម្រាប់លក់ឬនាំចេញទៅក្រៅប្រទេស -ធ្វើមួយឆ្នាំអាចទៅពីរលើក -ធ្វើលក្ខណៈច្រើន ដើម្បីលក់និងនាំចេញ។,សេដ្ឋកិច្ចកម្ពុជាបានផ្អែកលើវិស័យកសិកម្មជាសំខាន់៖ ក. បានជាគេនិយាយថាកម្ពុជាជាប្រទេសកសិកម្មគឺដោយសារនៅឆ្នាំ ២០០៨ ប្រជាជនកម្ពុជាភាគច្រើននាំគ្នាធ្វើ កសិកម្មពិសេសអ្នកជនបទ។ កម្ពុជាសម្បូរដោយដីមានជីវជាតិនិងវាលទំនាបពិសេសប្រទេសកម្ពុជាស្ថិតនៅ តំបន់ត្រូពិចដែលអំណោយផលដល់ការដាំដុះនិងមានរដូវ២ច្បាស់លាស់គឺ រដូវប្រាំង និងរដូវស្សា ដែលមានភាព ងាយស្រួលដល់កសិករក្នុងការធ្វើកសិកម្ម។ ខ. គេចែកកសិករទាំងនោះជា ៣ ប្រភេទដូចជា៖ -កសិករដាំស្រូវ -កសិករឡើងត្នោត -កសិករព្រៃឈើ។,15,8,2,0.5333333333333333,0.634765625,2,10,0,2
38,តើអាណាចក្រភ្នំមានព្រំប្រទល់ជាប់ប្រទេសណាខ្លះ?,អាណាចក្រភ្នំមានព្រំប្រទល់ជាប់ប្រទេសដូចជា -ខាងជើងជាប់ចិន -ខាងត្បូងជាឈូងសមុទ្រខ្មែរ -ខាងកើតជាប់រដ្ឋចម្ប៉ា -ខាងលិចជាប់រដ្ធមនឬភូមា។,អាណាចក្រភ្នំមានព្រំប្រទល់ជាប់ប្រទេសដូចជា -ខាងជើងជាប់ចិន -ខាងត្បូងជាឈូងសមុទ្រខ្មែរ -ខាងកើតជាប់រដ្ឋចម្ប៉ា -ខាងលិចជាប់រដ្ឋមនឬភូមា។,6,6,4,1.0,0.94775390625,4,6,0,0
39,បុព្វហេតុអ្វីខ្លះដែលនាំឲ្យអាណាចក្រចេនឡាបែកបាក់ជាពីរគឺអាណាចក្រចេនឡាដីគោកនិងចេនឡាទឹកលិច?,បុព្វហេតុដែលនាំហើយអាណាចក្រចេនឡាបែកជាពីរគឺ -វិសាលភាពទឹកដីធំទូលាយ -ចម្បាំងអត់ឈប់ឈរ -សមន្ដរដ្ឋបះបោរចង់ផ្ដាច់ខ្លួន -វិបត្តិផ្ទៃក្នុង -ព្រះនាងជ័យទេវីគ្មានសមត្ថភាពគ្រប់គ្រង។,បុព្វហេតុដែលនាំហើយអាណាចក្រចេនឡាបែកជាពីរគឺ -វិសាលភាពទឹកដីធំទូលាយ -ចម្បាំងអត់ឈប់ឈរ -សមន្ដរដ្ឋបះបោរចង់ផ្ដាច់ខ្លួន -វិបត្តិផ្ទៃក្នុង -ព្រះនាងជ័យទេវីគ្មានសមត្ថភាពគ្រប់គ្រង។,7,7,4,1.0,0.96728515625,4,7,0,0
40,តើឧស្សាហកម្មមានតួនាទីចំពោះសេដ្ឋកិច្ចជាតិយ៉ាងដូចម្ដេច?,ឧស្សាហកម្មមានតួនាទីសម្រាប់សេដ្ឋកិច្ចជាតិដូចជា -ជួយបង្កើតប្រាក់ចំណូលចូលជាតិ -បង្កើតការងារដល់ប្រជាជន -បង្កើតប្រាក់ចំណូលចូលក្នុងគ្រួសារ -ប្រជាជនមានជីវភាពធូរធារ -ជួយរក្សាជញ្ជីងពាណិជ្ជកម្ម -ជួយបង្កើតទិន្នផលសម្រាប់ការនាំចេញនាំចូល -បង្កើននូវសង្ឃភារៈសម្រាប់ប្រើប្រាស់។,ឧស្សាហកម្មមានតួនាទីចំពោះសេដ្ឋកិច្ចជាតិដូចជា៖ -ជួយបង្កើតប្រាក់ចំណូលចូលជាតិ២៣.៨%ឆ្នាំ២០០៨ -បង្កើតការងារជូនប្រជាជន -ផ្ដល់ប្រាក់ចំណូលក្នុងគ្រួសារ -ប្រជាជនមានជីវភាពធូរធារ -ជួយថែរក្សាលំនឹងជញ្ជីងពាណិជ្ជកម្ម -ផ្ដល់ផលិតផលសម្រាប់នាំចេញ -ផ្ដល់ផលិតផលសម្រាប់ប្រើប្រាស់។,15,12,3,0.8,0.95751953125,4,14,1,2
41,តើគេចែកយុគសម័យបុរេប្រវត្តិសាស្ត្រកម្ពុជាជាប៉ុន្មានយុគសម័យ?អ្វីខ្លះ?,គេចែកយុគសម័យបុរេប្រវត្តិសាស្ត្រកម្ពុជាជាបីយុគសម័យគឺ -យុគថ្មបំបែក (600000 - 12000 ឆ្នាំមុនគ.ស) -យុគថ្មរលីងឬសំលៀង (8000 - 2000 ឆ្នាំមុនគ.ស) -យុគលោហៈ(2000-100 ឆ្នាំមុនគ.ស)។,គេចែកយុគសម័យបុរេប្រវត្តិសាស្ត្រកម្ពុជាជាបីយុគសម័យគឺ -យុគថ្មបំបែក (600000 - 12000 ឆ្នាំមុនគ.ស) -យុគថ្មរលីងឬសំលៀង (8000 - 2000 ឆ្នាំមុនគ.ស) -យុគលោហៈ(2000-100 ឆ្នាំមុនគ.ស)។,5,5,4,1.0,0.98046875,4,5,0,0
42,តើសេដ្ឋកិច្ចកម្ពុជាពឹងផ្អែកលើវិស័យអ្វីជាសំខាន់?     ក/ ហេតុអ្វីបានជាគេនិយាយថាកម្ពុជាជាប្រទេសកសិកម្ម?     ខ/ តើគេចែកកសិករជាប៉ុន្មានប្រភេទ?អ្វីខ្លះ?,សេដ្ឋកិច្ចកម្ពុជាពឹងផ្អែកលើវិស័យកសិកម្មជាសំខាន់។   ក/ បានជាគេនិយាយថាកម្ពុជាជាប្រទេសឧស្សាហកម្មព្រោះ៖  _  សណ្ឋានដី : ដីមានជីវជាតិល្អនិងសម្បូរទំនាបល្បាប់   _ ផ្លូវទឹក : ផ្លូវទឹកខ្វាត់ខ្វែងងាយស្រួលដល់ការដាំដុះ  _ ប្រជាជន : ប្រជាជនខ្មែរភាគច្រើនចូលចិត្តធ្វើកសិកម្ម  _ អាកាសធាតុ : ទទួលអាកាសធាតុក្តៅសើម  _ កសិកម្មផ្តល់ផល50%នៃផលិតផលជាតិសរុប។  ខ/ គេចែកកសិករទាំងនោះជា4ប្រភេទគឺ៖  _ កសិករធ្វើស្រែឬអ្នកស្រែ : និយមធ្វើស្រែ ស្រូវប្រាំង ស្រូវវស្សា ស្រូវឡើងទឹក  _ កសិករតំបន់ដីខ្ពស់ : គេដាំដំណាំជាអចិន្ត្រៃយ៍(ពោត ដំឡូង ចេក កៅស៊ូសណ្តែក)  _ កសិករធ្វើចម្ការដំណាំស្រូវ : គេដាំដំណាំតាមមាត់ទន្លេ ចិញ្ចឹមសត្វនិងនេសាទ  _ កសិករភូមិភាគឦសាន: គេធ្វើដំណាំព្រៃដុតមានដូចជាពោត ដំឡូង ស្រូវរុក្ខជាតិយកមើមដទៃទៀត និងបរបាញ់សត្វផងដែរ។,សេដ្ឋកិច្ចកម្ពុជាពឹងផ្អែកលើវិស័យកសិកម្មជាសំខាន់  ក.បានជាគេនិយាយថាកម្ពុជាជាប្រទេសកសិកម្មព្រោះ -ប្រទេសកម្ពុជាសម្បូរទៅដោយការដាំដុះ  -សម្បូរទៅដោយធម្មជាតិ  -សម្បូរទៅដោយអ្នកធ្វើកសិកម្មជាពិសេសទៅតាមជនបទ -ប្រទេសកម្ពុជាជាប្រទេសដែលរីកចម្រើនខាងកសិកម្មនិងឧស្សាហកម្ម -ប្រទេសកម្ពុជាសម្បូរទៅដោយអ្នកធ្វើកសិកម្ម -ប្រជាជននៅកម្ពុជាសម្បូរទៅ អ្នកដាំដំណាំធម្មជាតិដូចជាការដាំដុះការដាំបន្លែជាដើមទាំងនេះសម្បូរទៅដោយនៅតាមជនបទ -ប្រជាជនខ្លះដាំដំណាំហើយយកទៅលក់ដើម្បីចិញ្ចឹមជីវិត -ប្រជាជនកម្ពុជាសម្បូរទៅដោយអ្នកធ្វើកសិកម្ម -រដ្ឋាភិបាលកម្ពុជាបានពង្រឹងទៅលើវិស័យកសិកម្មយ៉ាងខ្លាំង -ប្រទេសកម្ពុជាសម្បូរទៅដោយដីមានជីជាតិ -សម្បូរដីមានជីវជាតិធ្វើឲ្យប្រជាជនងាយក្នុងការធ្វើកសិកម្ម -ប្រទេសកម្ពុជាសម្បូរទៅដោយការដាំដុះនឹងដីមានជីវជាតិហើយសម្បូរទៅដោយដីមានជីវជាតិដូច្នេះហើយបានជាប្រទេសកម្ពុជាសេដ្ឋកិច្ចពឹងផ្អែកលើវិស័យកសិកម្ម  -ប្រជាជនដាំដូងដើម្បីប្រមូលផល -កសិករដាំដុះទៅលើកសិកម្មជាច្រើនដើម្បីប្រមូលផលយកទៅលក់ នាំចេញ ហេតុដូច្នេះហើយប្រទេសពឹងផ្អែកទៅលើវិស័យកសិកម្ម។ ខ.កសិកម្មទាំងនោះចែកចេញជាប្រភេទដូចជា,20,10,2,0.5,0.580078125,2,12,0,2
43,ដូចម្តេចដែលហៅថាមេយ៉ូស? ចូរនិយាយពីវគ្គផ្សេងៗនៃមេយ៉ូស។,មេយ៉ូសជាសំណុំនៃចំណែកកោសិកាពីរដងបន្តបន្ទាប់គ្នាដែលបង្កើតបានជាកោសិកាអាលូអុីតបួន ហៅថាមេយ៉ូស ។ _តេឡូផាស1 ស៊ីតូប្លាសចែកខ្លួនបានជាកោសិកាកូនពីរ ។កោសិកាកូននីមួយៗទទួលបានក្រូម៉ូសូម តែមួយពីរគូអូម៉ូឡូក ។ _ប្រផាស1 មានរយៈពេលវែង ។ _អាណាផាស1 ក្រូម៉ូសូមដំរៀបលើផ្លាស់ភ្ជាប់នឹងក្រយ៉ូងក្រូម៉ាទិចដោយសង់ក្រូងទ័ររបស់វា ។ _តេឡូផាស2 ក្រូម៉ូមនីមួយៗបានមកដល់ប៉ូលភ្នាស _មេតាផាស2 ក្រូម៉ូសូមប្រេះតាមបណ្ដោយភ្ជាប់ខ្លួនទៅនិងក្រយ៉ងក្រូម៉ាទិចដោយសង់ _ប្រូដាស2 ត្តយ៉ងអាក្រូម៉ាទិតកើតមានក្នុងកោសិកាគូនីមួយៗ _អាណាផាស2 សង់ក្រូម៉ែធ្វើចំណែកដែលនាំអោយក្រូម៉ាទិចបងប្អូនដាច់ចេញពីគ្នា ។បន្ទាប់មក ក្រូម៉ូសូមកូនទាំង2ធ្វើដំណើរឆ្ពោះទៅប៉ូលផ្ទុយគ្នារបស់ត្រយ៉ូងអាក្រូម៉ាទិច ។,មេយ៉ូសជាសំណុំនៃចំណែកកោសិកាពីរដងបន្តបន្ទាប់គ្នាដែលបង្កើតបានជាកោសិកាអាលូអុីតបួន ហៅថាមេយ៉ូស ។ _តេឡូផាស1 ស៊ីតូប្លាសចែកខ្លួនបានជាកោសិកាកូនពីរ ។កោសិកាកូននីមួយៗទទួលបានក្រូម៉ូសូម តែមួយពីរគូអូម៉ូឡូក ។ _ប្រផាស1 មានរយៈពេលវែង ។ _អាណាផាស1 ក្រូម៉ូសូមដំរៀបលើផ្លាស់ភ្ជាប់នឹងក្រយ៉ូងក្រូម៉ាទិចដោយសង់ក្រូងទ័ររបស់វា ។ _តេឡូផាស2 ក្រូម៉ូមនីមួយៗបានមកដល់ប៉ូលភ្នាស _មេតាផាស2 ក្រូម៉ូសូមប្រេះតាមបណ្ដោយភ្ជាប់ខ្លួនទៅនិងក្រយ៉ងក្រូម៉ាទិចដោយសង់ _ប្រូដាស2 ត្តយ៉ងអាក្រូម៉ាទិតកើតមានក្នុងកោសិកាគូនីមួយៗ _អាណាផាស2 សង់ក្រូម៉ែធ្វើចំណែកដែលនាំអោយក្រូម៉ាទិចបងប្អូនដាច់ចេញពីគ្នា ។បន្ទាប់មក ក្រូម៉ូសូមកូនទាំង2ធ្វើដំណើរឆ្ពោះទៅប៉ូលផ្ទុយគ្នារបស់ត្រយ៉ូងអាក្រូម៉ាទិច ។,10,10,4,1.0,0.67431640625,3,7,1,3
44,តើប្រព័ន្ធផលិតកម្មកសិកម្មនៅក្នុងប្រទេសកម្ពុជាមានអ្វីខ្លះ?ចូររៀបរាប់​ ។,ប្រព័ន្ធផលិតកម្មកសិកម្មនៅប្រទេសកម្ពុជាមាន៖    _ ដំណាំ : ដំណាំស្រូវ ដំណាំកៅស៊ូ ដំណាំផ្សេងៗទៀត    _ ការចិញ្ចឹមសត្វ : ការចិញ្ចឹមសត្វលើគោក ការចិញ្ចឹមសត្វក្នុងទឹក    _ ការនេសាទ : ការនេសាទទឹកសាប ការនេសាទទឹកប្រៃ  _ ព្រៃឈើ : ផលិតផលឈើ អនុផលព្រៃឈើ(រកឃ្មុំ ជ័រទឹក វល្លិ៍ ផ្តៅ) សត្វព្រៃ ។,ប្រព័ន្ធផលិតកម្មកសិកម្មនៅប្រទេសកម្ពុជាមានដូចជា៖  • ដំណាំ  • ដំណាំកៅស៊ូ  • ចិញ្ចឹមសត្វក្នុងទឹក  • ដំណាំស្រូវ  • ការចិញ្ចឹមសត្វដទៃទៀត  • នេសាទ  • ការនេសាទក្នុងទឹកសាប  • ការនេសាទក្នុងទឹកប្រៃ  • វារីវប្បកម្ម  • វប្បកម្មសមុទ្រ (ការចិញ្ចឹម បង្កង និង ភក់ជាដើម)  • សិប្បកម្ម។,10,9,4,0.9,0.91845703125,4,9,0,0
45,បុព្វហេតុអ្វីខ្លះដែលនាំឲ្យអាណាចក្រចេនឡាបែកបាក់ជាពីរគឺអាណាចក្រចេនឡាដីគោកនិងចេនឡាទឹកលិច?,បុព្វហេតុដែលនាំហើយអាណាចក្រចេនឡាបែកជាពីរគឺ -វិសាលភាពទឹកដីធំទូលាយ -ចម្បាំងអត់ឈប់ឈរ -សមន្ដរដ្ឋបះបោរចង់ផ្ដាច់ខ្លួន -វិបត្តិផ្ទៃក្នុង -ព្រះនាងជ័យទេវីគ្មានសមត្ថភាពគ្រប់គ្រង។,បុព្វហេតុដែលនាំហើយអាណាចក្រចេនឡាបែកជាពីរគឺ -វិសាលភាពទឹកដីធំទូលាយ -ចម្បាំងអត់ឈប់ឈរ -សមន្ដរដ្ឋបះបោរចង់ផ្ដាច់ខ្លួន -ព្រះនាងជ័យទេវីគ្មានសមត្ថភាពគ្រប់គ្រង។,7,7,4,1.0,0.94091796875,4,7,0,0
46,តើសម័យឧដុង្គចាប់ពីឆ្នាំណាដល់ឆ្នាំណា?ហេតុអ្វីបានជាប្រទេសកម្ពុជាធ្លាក់ចុះខ្សោយកាន់តែខ្លាំងនៅសម័យឧដុង្គ។ចូរពន្យល់,សម័យឧដុង្គចាប់ពីឆ្នាំ បានជាប្រទេសកម្ពុជាធ្លាក់ចុះខ្សោយកាន់តែខ្លាំងនៅសម័យឧដុង្គព្រោះ សង្គ្រាមផ្ទៃក្នុងញឹកញាប់និងការជាវជ្រៀតជ្រែកពីសៀមនិងយួន ការប្រកួតប្រជែងដណ្ដើមរាជ្យបានឡើងក្នុងចំណោមព្រះរាជវង្សានុវង្ស បែកបាក់សាមគ្គីផ្ទៃក្នុងគ្មានការសាមគ្គីរួបរួមនៅក្នុងប្រទេសជិតខាង កម្ពុជាត្រូវបែកជាពីរផ្នែកដោយសារសៀមត្រួតត្រាផ្នែកខាងលិចបាត់ដំបងសៀមរាបត្រួតត្រាខាងត្បូង បាត់បង់ទឹកដីដោយសារខេត្តជាច្រើននៅភាគខាងលិចបាត់ដំបងសៀមរាបមង្គលបុរី ត្រូវបានធ្លាក់ក្នុងកណ្ដាប់ដៃសៀមនៅឆ្នាំនិងមុនបាត់បង់ដីភាគខាងកើតនៅវៀតណាម សេដ្ឋកិច្ចពឹងផ្អែកលើវិស័យកសិកម្មបុរាណដែល សួយសារអាករឲ្យគេ ចំណែកវប្បធម៌វិញវត្តអារាមត្រូវបានបំផ្លិចបំផ្លាញ ប្រទេសជាតិខ្សោយគ្មានកម្លាំងទប់ទល់នឹងការវាយលុកពីខាងក្រៅមន្ត្រីក្បត់ជាតិច្រើន ដោយសារ រាជវង្សផ្ទៃក្នុងការដណ្ដើមអំណាចគ្នា។,សម័យឧដុង្គចាប់ពីឆ្នាំ បានជាប្រទេសកម្ពុជាធ្លាក់ចុះខ្សោយកាន់តែខ្លាំងនៅសម័យឧដុង្គព្រោះ សង្គ្រាមផ្ទៃក្នុងញឹកញាប់និងការជាវជ្រៀតជ្រែកពីសៀមនិងយួន ការប្រកួតប្រជែងដណ្ដើមរាជ្យបានឡើងក្នុងចំណោមព្រះរាជវង្សានុវង្ស បែកបាក់សាមគ្គីផ្ទៃក្នុងគ្មានការសាមគ្គីរួបរួមនៅក្នុងប្រទេសជិតខាង កម្ពុជាត្រូវបែកជាពីរផ្នែកដោយសារសៀមត្រួតត្រាផ្នែកខាងលិចបាត់ដំបងសៀមរាបត្រួតត្រាខាងត្បូង បាត់បង់ទឹកដីដោយសារខេត្តជាច្រើននៅភាគខាងលិចបាត់ដំបងសៀមរាបមង្គលបុរី ត្រូវបានធ្លាក់ក្នុងកណ្ដាប់ដៃសៀមនៅឆ្នាំនិងមុនបាត់បង់ដីភាគខាងកើតនៅវៀតណាម សេដ្ឋកិច្ចពឹងផ្អែកលើវិស័យកសិកម្មបុរាណដែល សួយសារអាករឲ្យគេ ចំណែកវប្បធម៌វិញវត្តអារាមត្រូវបានបំផ្លិចបំផ្លាញ ប្រទេសជាតិខ្សោយគ្មានកម្លាំងទប់ទល់នឹងការវាយលុកពីខាងក្រៅមន្ត្រីក្បត់ជាតិច្រើន ដោយសារ រាជវង្សផ្ទៃក្នុងការដណ្ដើមអំណាចគ្នា។,15,15,4,1.0,0.953125,4,14,0,1
47,ហេតុអ្វីបានជាមនុស្សស្រូបយកខ្យល់ដែលមានកាបូនម៉ណូអុកស៊ីតអាចបង្កគ្រោះថ្នាក់ដល់ស្លាប់បាន?,បានជាមនុស្សស្រូបយកខ្យល់ដែលមានកាបូនម៉ូណូអុកស៊ីដអាចបង្កឲ្យមានគ្រោះថ្នាក់ដល់ស្លាប់ បានព្រោះកាបូនម៉ូណូអុកស៊ីដមានសមត្ថភាពចាប់យក ក្នុងឈាមបានខ្លាំងជាងអុកស៊ីសែន វារារាំងឈាមមិនឲ្យដឹកនាំអុកស៊ីសែនទៅចិញ្ចឹមសរីរាង្គជាពិសេសខួរក្បាលដែលបណ្តាលឲ្យ ស្លាប់និង សន្លប់ ។,បានជាមនុស្សស្រូបយកខ្យល់ដែលមានកាបូនម៉ូណូអុកស៊ីដអាចបង្កឲ្យមានគ្រោះថ្នាក់ដល់ស្លាប់ បានព្រោះកាបូនម៉ូណូអុកស៊ីដមានសមត្ថភាពចាប់យក ក្នុងឈាមបានខ្លាំងជាងអុកស៊ីសែន វារារាំងឈាមមិនឲ្យដឹកនាំអុកស៊ីសែនទៅចិញ្ចឹមសរីរាង្គជាពិសេសខួរក្បាលដែលបណ្តាលឲ្យ ស្លាប់និង សន្លប់ ។,5,4,3,0.8,0.8359375,3,4,0,0
48,តើការស្ថិតនៅក្រៅសារពាង្គកាយនៃពងស្វាសមានសារៈសំខាន់ដូចម្តេច?,ការស្ថិតនៅក្រោមសារពាង្គកាយនៃពងស្វាសមានសារៈសំខាន់ដូចជាដើម្បីរក្សាសីតុណ្ហភាពឲ្យ ទាបជាងសីតុណ្ហភាពក្នុងខ្លួន ប្រហែលពី(2-3)សីតុណ្ហភាពក្នុងខ្លួន37 ។,ការស្ថិតនៅក្រោមសារពាង្គកាយនៃពងស្វាសមានសារៈសំខាន់ក្នុងការផលិតអរម៉ូនភេទឈ្មោលនិង បង្កើតស្ពែម៉ាតូសូអ៊ីត ។,10,2,1,0.2,0.25732421875,0,3,1,1
49,សេដ្ឋកិច្ចកម្ពុជាពឹងផ្អែកលើវិស័យកសិកម្មជាសំខាន់៖ ​ក.​ ហេតុអ្វីបានជាគេនិយាយថាកម្ពុជាជាប្រទេសកសិកម្ម? ខ. តើគេចែកកសិករទាំងនោះជាប៉ុន្មានប្រភេទ?,សេដ្ឋកិច្ចកម្ពុជាបានផ្អែកលើវិស័យកសិកម្មជាសំខាន់៖ ក​. បានជាគេនិយាយថាប្រទេសកម្ពុជាជាប្រទេសកសិកម្មដោយសារ -ផ្ទៃដីនៅប្រទេសកម្ពុជាប្រហែល៩០ភាគរយសិតតែដំណាំស្រូវ -ប្រជាជនកកម្ពុជា ៧០.៣ភាគរយធ្វើកសិកម្ម -កសិកម្មជួយឲ្យប្រជាជនកម្ពុជាមានការងារធ្វើ -ប្រជាជននិយមធ្វើកសិកម្ម -ដីនៅកម្ពុជាប្រកបជាមួយកាធ្វើកសិកម្ម -កម្ពុជាមានអាកាសធាតុសមស្របសម្រាប់ធ្វើកសិកម្ម ខ. គេចែកកសិកម្មទាំងនោះជាពីរប្រភេទ៖ +កសិករខ្នាតតូច -ធ្វើកសិកម្មដើម្បីជីវិត -ធ្វើលក្ខណៈតិចតួច ទុកតែបរិភោគសម្រាប់គ្រួសារ -មិនលក់ឲ្យអ្នកណា +កសិករខ្នាតធំ -ធ្វើកសិកម្មច្រើនហើយទុកសម្រាប់លក់ឬនាំចេញទៅក្រៅប្រទេស -ធ្វើមួយឆ្នាំអាចទៅពីរលើក -ធ្វើលក្ខណៈច្រើន ដើម្បីលក់និងនាំចេញ។,សេដ្ឋកិច្ចកម្ពុជាបានផ្អែកលើវិស័យកសិកម្មជាសំខាន់ព្រោះ៖ ក. បានជាគេនិយាយថាកម្ពុជាជាប្រទេសកសិកម្មព្រោះប្រជាជននៅតាមទីជនបទជាកសិករធ្វើចម្ការ និងដាំស្រូវ ហើយផ្ទៃដីនៅ ប្រទេសកម្ពុជាគឺអំណោយផកដីមានជីជាតិដែលអនុគ្រោះដល់វិស័យកសិកម្ម។ ខ. គេចែកកសិករទាំងនោះជា៣ប្រភេទ៖ -កសិករដាំស្រូវ -កសិករមិនធ្វើស្រែ -កសិករធ្វើចម្ការតែមិនដាំស្រូវ។,15,9,2,0.6,0.52978515625,2,8,0,1
50,ដូចម្តេចដែលហៅថាមេយ៉ូស? ចូរនិយាយពីវគ្គផ្សេងៗនៃមេយ៉ូស។,មេយ៉ូសជាសំណុំនៃចំណែកកោសិកាពីរដងបន្តបន្ទាប់គ្នាដែលបង្កើតបានជាកោសិកាអាលូអុីតបួន ហៅថាមេយ៉ូស ។ _តេឡូផាស1 ស៊ីតូប្លាសចែកខ្លួនបានជាកោសិកាកូនពីរ ។កោសិកាកូននីមួយៗទទួលបានក្រូម៉ូសូម តែមួយពីរគូអូម៉ូឡូក ។ _ប្រផាស1 មានរយៈពេលវែង ។ _អាណាផាស1 ក្រូម៉ូសូមដំរៀបលើផ្លាស់ភ្ជាប់នឹងក្រយ៉ូងក្រូម៉ាទិចដោយសង់ក្រូងទ័ររបស់វា ។ _តេឡូផាស2 ក្រូម៉ូមនីមួយៗបានមកដល់ប៉ូលភ្នាស _មេតាផាស2 ក្រូម៉ូសូមប្រេះតាមបណ្ដោយភ្ជាប់ខ្លួនទៅនិងក្រយ៉ងក្រូម៉ាទិចដោយសង់ _ប្រូដាស2 ត្តយ៉ងអាក្រូម៉ាទិតកើតមានក្នុងកោសិកាគូនីមួយៗ _អាណាផាស2 សង់ក្រូម៉ែធ្វើចំណែកដែលនាំអោយក្រូម៉ាទិចបងប្អូនដាច់ចេញពីគ្នា ។បន្ទាប់មក ក្រូម៉ូសូមកូនទាំង2ធ្វើដំណើរឆ្ពោះទៅប៉ូលផ្ទុយគ្នារបស់ត្រយ៉ូងអាក្រូម៉ាទិច ។,មេយ៉ូសជាសំណុំនៃចំណែកកោសិកាពីរដងបន្តបន្ទាប់គ្នាដែលបង្កើតបានជាកោសិកាអាលូអុីតបួន ហៅថាមេយ៉ូស ។ _ប្រផាស1  _អាណាផាស1 _តេឡូផាស2 _មេតាផាស2  _ប្រូដាស2,10,5,2,0.5,0.345458984375,1,3,1,2
51,បុព្វហេតុអ្វីខ្លះដែលនាំឲ្យអាណាចក្រចេនឡាបែកបាក់ជាពីរគឺអាណាចក្រចេនឡាដីគោកនិងចេនឡាទឹកលិច?,បុព្វហេតុដែលនាំហើយអាណាចក្រចេនឡាបែកជាពីរគឺ -វិសាលភាពទឹកដីធំទូលាយ -ចម្បាំងអត់ឈប់ឈរ -សមន្ដរដ្ឋបះបោរចង់ផ្ដាច់ខ្លួន -វិបត្តិផ្ទៃក្នុង -ព្រះនាងជ័យទេវីគ្មានសមត្ថភាពគ្រប់គ្រង។,បុព្វហេតុដែលនាំហើយអាណាចក្រចេនឡាបែកជាពីរគឺ -វិសាលភាពទឹកដីធំទូលាយ -ចម្បាំងអត់ឈប់ឈរ -សមន្ដរដ្ឋបះបោរចង់ផ្ដាច់ខ្លួន -វិបត្តិផ្ទៃក្នុង -ព្រះនាងជ័យទេវីគ្មានសមត្ថភាពគ្រប់គ្រង។,7,7,4,1.0,0.96728515625,4,7,0,0
52,តើប្រទេសកម្ពុជាចូលជាសមាជិក សហគមន៍អាស៊ីអាគ្នេយ៍ទទួលផលវិជ្ជមាននិងអវិជ្ជមានដូចម្តេចខ្លះ?,ពណ៌នាពីពីការអភិវឌ្ឍសេដ្ឋកិច្ច សង្គម នៅកម្ពុជាពីឆ្នាំ១៩៩៣ មកទល់សព្វថ្ងៃ .វិស័យសេដ្ឋកិច្ច:  +សេដ្ឋកិច្ចកម្ពុជាមានការរីកចម្រើនឡើងជាបន្តបន្ទាប់ដែលធ្វើឲ្យប្រទេសកម្ពុជាមានជីវភាពល្អប្រសើរ។ +កសិកម្មរីកចម្រើនខាងដាំដំណាំស្រូវទទួលបានទិន្នផលខ្ពស់ជាបន្តបន្ទាប់ +ឧស្សាហកម្មមានតំណាងរោងចក្រច្រើនកន្លែងនិងលើកឡើងនៅសហគ្រឿងធំៗដែលបានផ្ដល់ចំណូលដល់ប្រជាពលរដ្ឋ +ពាណិជ្ជកម្មកាលនាំចូលមកក្នុងប្រទេសនិងមានវិនិយោគក្នុងប្រទេស +គមនាគមន៍កសាងស្ពានផ្លូវថ្នល់អាកាសយានដ្ឋានផ្គត់ផ្គង់ប្រព័ន្ធទឹកពីទីក្រុងដល់ជនបទ កំពុងផែ +ហិរញ្ញវត្ថុមានស្ថេរភាពក្នុងអត្រាប្ដូរប្រាក់ +ធនាគារលើកឡើងនៅធនាគារជាតិហ្នឹងឯកជនជាច្រើន .វិស័យសង្គម +ការអប់រំសិក្សា បង្កើតសាលារៀនគ្រប់កម្រិតពីមត្តីរហូតដល់ឧត្តមសិក្សាបណ្ដុះបណ្ដាលធនធានមនុស្សនិងបញ្ជូននិស្សិតឲ្យទៅរៀននៅក្រៅប្រទេស។ +វប្បធម៌អរិយធម៌ ស្ដារវប្បធម៌ឡើងវិញនិងដាក់បញ្ចូលជាសម្បត្តិបេតិកភណ្ឌពិភពលោកចាប់ផ្ដើមប្រជាជនមានសិទ្ធិជឿលើសាសនា។ +សុខាភិបាលបង្កើតឲ្យមានមន្ទីរពេទ្យលោកសុខភាពនិងឱសថសាស្ត្រ +សិល្បៈបង្កើតឲ្យមានសាលាសាកលវិទ្យាល័យសិល្បៈ.,ផលវិជ្ជមាន +ខាងនយោបាយ -កម្ពុជាជាកន្លែងទាក់ទាញវិនិយោគទុនសំខាន់ -កម្ពុជាអាចឈរស្មើមុខជាមួយប្រទេសជាសមាជិក -អាចចូលរួមក្នុងការសម្រេចចិត្តនានាក្នុងតំបន់ -កម្ពុជាលេងឯកោទៅទៀត +ខាងសេដ្ឋកិច្ច -ការធ្វើពាណិជ្ជកម្មមានភាពងាយស្រួលជាងមុន -ប្រជាជនងាយស្រួលរកការងារធ្វើនៅក្នុងតំបន់នៅក្នុងប្រទេស -កំណើនភ្ញៀវទេសចរណ៍បង្កើនការងារប្រាក់ចំណូលដល់ប្រជាជន -កំណើនសេដ្ឋកិច្ចកម្ពុជាជារៀងរាល់ឆ្នាំ +ខាងសង្គម -លុបបំបាត់អំពើជួញដូរមនុស្សគ្រឿងញៀននិងអំពើអភិវកម្ម -ចាបជួបគ្នាទៅវិញទៅមកការប្រទេសបទពិសោធន៍ចំណេះដឹងការដាក់អាហារូបករសម្រាប់យុវជនកម្ពុជារៀនសូត្រនិងទទួលបានឱកាសជាច្រើន -ប្រទេសកម្ពុជាទទួលបានការការពារពីប្រទេសសមាជិកធ្វើឲ្យមានសុវត្ថិភាពនិងសន្តិភាពសង្គម -ធ្វើឱ្យមានការកសាងហេដ្ឋារចនាសម្ព័ន្ធផ្លូវជាតិផ្លូវដែកស្ពានកំពង់ផែអាកាសយាន្តដ្ឋានជាតិ,10,7,3,0.7,0.86474609375,3,9,0,2
53,តើការស្ថិតនៅក្រៅសារពាង្គកាយនៃពងស្វាសមានសារៈសំខាន់ដូចម្តេច?,ការស្ថិតនៅក្រោមសារពាង្គកាយនៃពងស្វាសមានសារៈសំខាន់ដូចជាដើម្បីរក្សាសីតុណ្ហភាពឲ្យ ទាបជាងសីតុណ្ហភាពក្នុងខ្លួន ប្រហែលពី(2-3)សីតុណ្ហភាពក្នុងខ្លួន37 ។,ការស្ថិតនៅក្រោមសារពាង្គកាយនៃពងស្វាសមានសារៈសំខាន់ក្នុងការផលិតអរម៉ូនភេទឈ្មោលនិង បង្កើតស្ពែម៉ាតូសូអ៊ីត ។,10,5,2,0.5,0.25732421875,0,3,2,2
54,តើប្រទេសកម្ពុជាចូលជាសមាជិក សហគមន៍អាសុីអាគ្នេយ៍ទទួលបានផលវិជ្ជមាននិងផលអវិជ្ជមានដូចម្ដេចខ្លះ?,ប្រទេសកម្ពុជាចូលជាសមាជិកសាមាសហគមន៍អាស៊ីអាគ្នេយ៍ទទួលផលវិជ្ជមាននឹងអវិជ្ជមានដូចជា៖ +ផលវិជ្ជមាន៖ -កម្ពុជាលែងឯកោទៅទៀត -បានចូលរួមនៅរាល់ការសម្រេចចិត្តនានាក្នុងតំបន់ -កម្ពុជាបានឈរស្មើមុខមាត់ជាមួយបណ្ដាប្រទេសជាសមាជិកអាស៊ាន -កម្ពុជាមានដៃគូច្រើនទាំងក្នុងតំបន់និងពិភព -កម្ពុជាអាចពង្រីកអនុភាពនិងបង្កើតតួនាទីរបស់ខ្លួនកាន់តែសកម្មភាពដែលក្នុងតំបន់នៃអន្តរជាតិ -កម្ពុជាមានសិទ្ធពេញលេញក្រោមការរៀបចំកិច្ចប្រជុំធំៗក្នុងប្រទេសខ្លួនលក្ខណៈតំបន់និងពិភពលោក -ការលើកលែងទិដ្ឋការ -កម្ពុជាក្លាយជាកន្លែងវិនិយោគដ៏មានសក្តានុពលពាណិជ្ជកម្មរវាងពាណិជ្ជកម្មនិងស្រួលជាងមុនចំពោះទីផ្សារ -សេដ្ឋកិច្ចកម្ពុជាមានកំណើនរៀងរាល់ឆ្នាំ -ប្រជាជនអាចរកការងារធ្វើទាំងក្នុងប្រទេសក្នុងតំបន់និងក្រៅតំបន់ -កំណើនភ្ញៀវទេសចរជាច្រើន +ផលអវិជ្ជមាន៖ -ពាណិជ្ជកម្មសេដ្ឋកិច្ចដំណើរការមិនល្អ -កម្ពុជាបាត់បង់ជំនឿសាសនាប្រពៃណីទំនៀមទម្លាប់,ប្រទេសកម្ពុជាចូលជាសមាជិកសាមាសហគមន៍អាស៑ននៅថ្ងៃទី 30 មេសា 1999 ទទួលផលវិជ្ជមាននឹងអវិជ្ជមានដូចជា៖ +ផលវិជ្ជមាន៖ -កម្ពុជាលែងឯកោតែឯង -មានទំនាក់ទំនងល្អជាមួយប្រតេសក្នុងតំបន់អាស៑ាន -បានចូលរួមនៅរាល់ការសម្រេចចិត្តនានាក្នុងតំបន់ -កម្ពុជាឈរស្មផមុខស្មើមាត់លើឆាកអន្តរជាតិជាមួយប្រទេសក្នុងសមាគមន៌អាសុីអាគ្នេយ៌ -អគ្គលេខាអាស៊ានបានផ្ដល់ថវិកាដើម្បីឱ្យកម្ពុជាយកមកអភិវឌ្ឈប្រទេស -កម្ពុជាមានសុខសន្តិភាព -កិច្ចសហប្រតិបត្តិ សេដ្ឋកិច្ច ពាណិជ្ជកម្ម និង ឧស្សាហកម្មជាមួយប្រទេសក្នុងតំបន់ -បញ្ជូននិស្សិតទៅសិក្សានៅក្នុងប្រទេសដែលស្ថិតនៅក្នុងតំបន់អាស៊ីអាគ្នេយ៌ -ផ្ដល់ជំនួយដល់កម្ពុជាយ៉ាងច្រើន -ពង្រឹងវិស័យនយោបាយឱ្យមានភាពរឹងមាំ។,10,9,4,0.9,0.7529296875,3,8,1,1
55,ហេតុអ្វីបានជាផ្នែកឯកជនជាកម្លាំងដ៏សំខាន់សម្រាប់វិនិយោគនិងធ្វើឲ្យមានកំណើនសេដ្ឋកិច្ចក្នុងប្រទេស?,បានជាផ្នែកឯកជនជាកម្លាំងដ៏សំខាន់សម្រាប់វិនិយោគនិងធ្វើឲ្យមានកំណើនសេដ្ឋកិច្ចក្នុងប្រទេស ព្រោះប្រទេសកម្ពុជាជាប្រទេសអភិវឌ្ឍន៍ សេដ្ឋកិច្ចទីផ្សារដោយបានធ្វើកំណែទម្រង់សហគ្រាសឧស្សាហកម្មឲ្យក្លាយទៅជាកម្មសិទ្ធិឯកជន ។ សេដ្ឋកិច្ចទីផ្សារសេរីនេះនាំឲ្យអ្នករកស៊ីបរទេសចូលចិត្តមកវិនិយោគ ហើយកាលណាផ្នែកឯកជនរឹងមាំមកវិនិយោគ ហើយកាលណាផ្នែកឯកជនមិនរឹងមាំអាចបំពេញបន្ថែមវិនិយោគនិងវិស័យសង្គមកិច្ចមានន័យថាវិស័យឯកជនស្រូបយកកម្លាំងការងារកាន់តែកើនឡើង។,បានជាផ្នែកឯកជនជាកម្លាំងដ៏សំខាន់សម្រាប់វិនិយោគនិងធ្វើឲ្យមានកំណើនសេដ្ឋកិច្ចក្នុងប្រទេសព្រោះ -ប្រទេសនោះជាប្រទេសរីកចម្រើនខាងវិស័យឧស្សាហកម្មកសិកម្ម -ប្រទេសនោះជាប្រទេសដែលងាយ វិនិយោគ -ជាប្រទេសដែលសម្បូររោងចក្រឃ្លាំងជាច្រើន -ការយកពន្ធទាប -ប្រទេសនោះសម្បូរទៅដោយធនធានមនុស្ស -ប្រជាជនមានបច្ចេកវិទ្យាបច្ចេកទេសយ៉ាងសម្បូរបែប -ឯកជនជាផ្នែកដ៏សំខាន់សម្រាប់វិនិយោគដើម្បីឲ្យ សេដ្ឋកិច្ចជាតិក្នុងប្រទេស -ឯកជនជាកម្លាំងដ៏សំខាន់សម្រាប់ជំរុញប្រជាជនឱ្យអនុវត្តសេដ្ឋកិច្ច -ប្រជាជននិងឯកជនតែងតែរកវិធីច្នៃប្រឌិតដើម្បីអាចអនុវត្តប្រទេស -ប្រជាជននោះសម្បូរទៅដោយឧស្សាហកម្មនិងសម្បូរទៅដោយរបស់របរជាច្រើនហើយបាននាំចេញទៅក្រៅប្រទេស -ប្រជាជនខិតខំប្រឹងប្រែងយ៉ាងខ្លាំងដើម្បីកំណើនសេដ្ឋកិច្ច -ប្រជាជនតែងតែរកដំណោះស្រាយដើម្បីអភិវឌ្ឍជាតិ -នៅពេលដែលឯកជននិងប្រទេសសម្បូរធនធានជាច្រើនដើម្បីនាំធនធានមនុស្សចេញក្រៅប្រទេសហើយកាត់បន្ថយការនាំចូលដូច្នេះហើយធ្វើឲ្យប្រទេស។កំណើនសេដ្ឋកិច្ចជា មិនខាន,15,6,2,0.4,0.52783203125,2,8,0,2
56,តើសម័យឧដុង្គចាប់ពីឆ្នាំណាដល់ឆ្នាំណា?ហេតុអ្វីបានជាប្រទេសកម្ពុជាធ្លាក់ចុះខ្សោយកាន់តែខ្លាំងនៅសម័យឧដុង្គ។ចូរពន្យល់,សម័យឧដុង្គចាប់ពីឆ្នាំ បានជាប្រទេសកម្ពុជាធ្លាក់ចុះខ្សោយកាន់តែខ្លាំងនៅសម័យឧដុង្គព្រោះ សង្គ្រាមផ្ទៃក្នុងញឹកញាប់និងការជាវជ្រៀតជ្រែកពីសៀមនិងយួន ការប្រកួតប្រជែងដណ្ដើមរាជ្យបានឡើងក្នុងចំណោមព្រះរាជវង្សានុវង្ស បែកបាក់សាមគ្គីផ្ទៃក្នុងគ្មានការសាមគ្គីរួបរួមនៅក្នុងប្រទេសជិតខាង កម្ពុជាត្រូវបែកជាពីរផ្នែកដោយសារសៀមត្រួតត្រាផ្នែកខាងលិចបាត់ដំបងសៀមរាបត្រួតត្រាខាងត្បូង បាត់បង់ទឹកដីដោយសារខេត្តជាច្រើននៅភាគខាងលិចបាត់ដំបងសៀមរាបមង្គលបុរី ត្រូវបានធ្លាក់ក្នុងកណ្ដាប់ដៃសៀមនៅឆ្នាំនិងមុនបាត់បង់ដីភាគខាងកើតនៅវៀតណាម សេដ្ឋកិច្ចពឹងផ្អែកលើវិស័យកសិកម្មបុរាណដែល សួយសារអាករឲ្យគេ ចំណែកវប្បធម៌វិញវត្តអារាមត្រូវបានបំផ្លិចបំផ្លាញ ប្រទេសជាតិខ្សោយគ្មានកម្លាំងទប់ទល់នឹងការវាយលុកពីខាងក្រៅមន្ត្រីក្បត់ជាតិច្រើន ដោយសារ រាជវង្សផ្ទៃក្នុងការដណ្ដើមអំណាចគ្នា។,សម័យឧដុង្គចាប់ពីឆ្នាំដល់ បានជាប្រទេសកម្ពុជាធ្លាក់ចុះខ្សោយកាន់តែខ្លាំងឡើងទៅនៅសម័យឧដុង្គព្រោះមានសង្គ្រាមជាបន្តបន្ទាប់ជាមួយសៀមដែលធ្វើឲ្យប្រទេសបាត់បង់ធនធានមនុស្សនិងទ្រព្យសម្បត្តិយ៉ាងធ្ងន់ធ្ងរជាមួយ សៀមបានជ្រៀតជ្រែកកិច្ចការផ្ទៃក្នុងកាន់តែខ្លាំងរហូតដល់មន្ត្រីរបស់ខ្លួនមកត្រួតត្រាប្រទេសខ្មែរ ខ្មែរបានបាត់បង់ទឹកដីមួយចំនួនទៅឲ្យពួកសៀមព្រះរាជាកាន់អំណាចខ្សោយហើយប្រទេសជាតិបែងចែកជាពីរចំណែកដែលគ្រប់គ្រងដោយយួននិងសៀម។,15,14,4,0.9333333333333332,0.51953125,2,8,2,6
57,ចូររៀបរាប់អំពីទំនាក់ទំនងរវាងការដាំដុះអាជីវកម្មព្រៃឈើនិងនេសាទ។,ទំនាក់ទំនងរវាង ការដាំដុះអាជីវកម្មព្រៃឈើ និងការនេសាទ៖  _ ការដាំដុះអាជីវកម្មព្រៃឈើ និងការនេសាទ ជាភោគទ្រព្យយ៉ាងសំខាន់សម្រាប់ប្រជាជនក្នុងការទ្រទ្រង់ក្នុងជីវភាពរស់នៅនិងការអភិវឌ្ឍន៍ប្រទេសជាតិ   _ ដើម្បីបំពេញតម្រូវការក្នុងកសិកម្មផលិតកម្មនិងត្រូវការផ្សេងៗ មនុស្សនាំគ្នាកាប់ព្រៃឈើដើម្បីធ្វើអាជីវកម្មព្រៃឈើជាមូលហេតុធ្វើឲ្យអាកាសធាតុប្រែប្រួលប៉ះពាល់ដល់ជីវិតមនុស្ស សត្វ និងរុក្ខជាតិ  ​ _ អតិផលនៃប្រព័ន្ធកសិកម្ម នាំឲ្យមានកំណើននៃការប្រើប្រាស់គីមីនិងថ្នាំសម្លាប់សត្វល្អិត។ ជីគីមី និងថ្នាំសម្លាប់សត្វល្អិត ទាំងនោះហូរទៅផ្ដុំគ្នានៅតាមផ្លូវទឹកនានា បំផ្លាញជីវិតសត្វនិងពូជធម្មជាតិ។,រៀបរាប់ពីទំនាក់ទំនងរវាងការដាំដុះ ការចិញ្ចឹមសត្វ និងការនេសាទ៖ -ការដាំដុះគឺជាការដាំដុះនូវដំណាំផ្សេងផ្សេងដូចជាស្រូវបន្លែជាច្រើនការដាំដុះនេះ ភាគច្រើនគេដាំវានៅតាមជនបទដើម្បីយកទៅលក់នៅទីផ្សារដើម្បីយកប្រាក់មកដោះដូរជីវភាព ប្រជាជនខ្លះដាំដុះនេះដើម្បីទុកបរិភោគខ្លួនឯងដោយកាត់បន្ថយទៅលើការចំណាយហើយការដាំដុះនេះ សារៈសំខាន់ចំពោះជាតិផងដែរការដាំដុះនេះអាចនាំចេញទៅក្រៅស្រុកបាន ផងដែរ អ្នកខ្លះទៀតយកការដាំដុះនេះជាមុខរបរនាំយកទៅទីក្រុងដើម្បីលក់ដូរ។ -អាជីវកម្មព្រៃឈើប្រជាជនមួយបានយកការកាប់ព្រៃឈើធ្វើជាអាជីវកម្មដើម្បីចិញ្ចឹមជីវិតហើយអាជីវកម្ម នេះមួយចំនួនអាចយកធ្វើជាអុសធ្យូងផ្ទះគ្រែកៅអីជាដើមគឺទាំងអស់នេះ ក៏ជាការសំខាន់ដែរដើម្បីយកទៅលក់ដូរដើម្បីដោះដូរជីវភាពបានប៉ុន្តែការធ្វើអាជីវកម្មព្រៃឈើនេះក៏អាចបង្កដល់អំពើខុសច្បាប់ដែរហើយអាចមានសំឡេងរំខានដល់អ្នកដទៃផងដែរ។ -ការនេសាទក៏អាចដោះដូរជីវភាពបានតែប្រជាជនមួយចំនួនបានយកការនេសាទនេះ ចិញ្ចឹមជីវិតនិងគ្រួសារការនេសាទឬមានច្រើនបែបណាដូចជាការនេសាទត្រីការនេសាទសត្វ ការនេសាទនៅសមុទ្រជាដើម។,15,5,1,0.3333333333333333,0.402587890625,2,6,1,1
58,តើកត្តាអ្វីខ្លះដែលធ្វើអោយសម័យអង្គររីកចម្រើនដល់កំពូល?​ ចូលរៀបរាប់។,កត្តាដែលធ្វើអោយសម័យអង្គររីកចម្រើនគឺ: កត្តាព្រះរាជា:ព្រះរាជាចាប់ពីព្រះបាទជ័យវរ្ម័នទី 2 រហូតដល់ព្រះបាទជ័យវរ្ម័នទី 7 សុទ្ធតែជាស្ដេចខ្លាំងពូកែ កត្តានយោបាយ: នយោបាយក្នុងប្រទេសបង្រួបបង្រួមជាតិកសាងនិងការពារទឹកដី នយោបាយក្រៅប្រទេស:ចងសម្ព័ន្ធមិត្តជាមួយប្រទេសធំៗវាយយករដ្ឋតូចដាក់ជាចំណុះ កត្តាសេដ្ឋកិច្ច:រីកចម្រើនលើវិស័យកសិកម្មសិប្បកម្មគណនាគម កត្តាសាសនា:ការឯកភាពគ្នារវាងសាសនាព្រាហ្មនិងព្រះពុទ្ធ កត្តាធនធានមនុស្សបន្សល់ទុកតាំងពីសម័យនគរភ្នំនិងចេនឡាមក។,កត្តាដែលធ្វើអោយសម័យអង្គររីកចម្រើនគឺ: .កត្តាព្រះរាជា:ព្រះរាជាចាប់ពីព្រះបាទជ័យវរ្ម័នទី 2 រហូតដល់ព្រះបាទជ័យវរ្ម័នទី 7 សុទ្ធសឹងតែជាស្ដេចខ្លាំងពូកែ .កត្តានយោបាយ: +នយោបាយក្នុងប្រទេស:បង្រួបបង្រួម​ កសាង និងការពារ។ +នយោបាយក្រៅប្រទេស:ចងសម្ព័ន្ធមិត្តជាមួយប្រទេសធំៗដូចជាចិននិងឥណ្ឌា និងវាយយករដ្ឋតូចដាក់ជាចំណុះ .កត្តាសេដ្ឋកិច្ច:ការរីកចម្រើនលើវិស័យកសិកម្ម សិប្បកម្ម គណនាគមន៍ .កត្តាសាសនា:មានការឯកភាពគ្នារវាងសាសនាព្រាហ្មនិងព្រះពុទ្ធ .កត្តាធនធានមនុស្សបន្សល់ទុកតាំងពីសម័យនគរភ្នំនិងចេនឡាមក។,10,10,4,1.0,0.96923828125,4,10,0,0
59,តើឧស្សាហកម្មមានតួនាទីដូចម្ដេចខ្លះចំពោះសេដ្ឋកិច្ចជាតិ?,ឧស្សាហកម្មមាន​តួនាទីចំពោះសេដ្ឋកិច្ចជាតិដូចជា ៖ ​ _ ជួយបង្កើតថវិការជាតិ ​ _ ជួយបង្កើតទិន្នផលជាតិ ​​ _ ជួយឲ្យសេដ្ឋកិច្ចជាតិរីកចម្រើន  _ ប្រជាជនសំបូរធូរធារ  _អភិវឌ្ឍគ្រប់វិស័យ  _ មានទំនាក់ទំនងល្អជាមួយអ្នកជិតខាង  _ មានភាពរុងរឿងនៅក្នុងប្រទេសជាតិ។,ឧស្សាហកម្មមានតួនាទីចំពោះសេដ្ឋកិច្ចជាតិដូចជា -ផ្តល់កាងារឲ្យប្រជាជនធ្វើ -ផ្ដល់ចំណូលដល់សេដ្ឋកិច្ចជាតិមាន២៣.៨%ឆ្នាំ២០០៨ ផ្ដល់ផលិតផលសម្រាប់នាំចេញ ផ្ដល់ផលិតផលសម្រាប់ប្រើប្រាស់ ជួយរក្សាលំនឹងជញ្ជីងពាណិជ្ជកម្ម និងផ្ដល់ប្រាក់ចំណូលដល់គ្រួសារ។,15,15,4,1.0,0.88330078125,4,13,0,2
60,តើអាណាចក្រភ្នំមានព្រំប្រទល់ជាប់ប្រទេសណាខ្លះ?,អាណាចក្រភ្នំមានព្រំប្រទល់ជាប់ប្រទេសដូចជា -ខាងជើងជាប់ចិន -ខាងត្បូងជាឈូងសមុទ្រខ្មែរ -ខាងកើតជាប់រដ្ឋចម្ប៉ា -ខាងលិចជាប់រដ្ធមនឬភូមា។,អាណាចក្រភ្នំមានព្រំប្រទល់ជាប់ប្រទេសដូចជា -ខាងជើងជាប់ចិន(រដ្ឋណានឆាវតុងកឹង) -ខាងត្បូងជាឈូងសមុទ្រខ្មែរ -ខាងកើតជាប់រដ្ឋចម្ប៉ា -ខាងលិចជាប់រដ្ឋមនឬភូមា។,6,6,4,1.0,0.943359375,4,6,0,0
61,តើប្រព័ន្ធផលិតកម្មកសិកម្មនៅក្នុងប្រទេសកម្ពុជាមានអ្វីខ្លះ?ចូររៀបរាប់​ ។,ប្រព័ន្ធផលិតកម្មកសិកម្មនៅប្រទេសកម្ពុជាមាន៖    _ ដំណាំ : ដំណាំស្រូវ ដំណាំកៅស៊ូ ដំណាំផ្សេងៗទៀត    _ ការចិញ្ចឹមសត្វ : ការចិញ្ចឹមសត្វលើគោក ការចិញ្ចឹមសត្វក្នុងទឹក    _ ការនេសាទ : ការនេសាទទឹកសាប ការនេសាទទឹកប្រៃ  _ ព្រៃឈើ : ផលិតផលឈើ អនុផលព្រៃឈើ(រកឃ្មុំ ជ័រទឹក វល្លិ៍ ផ្តៅ) សត្វព្រៃ ។,ប្រព័ន្ធផលិតកម្មនៅប្រទេសកម្ពុជារួមមាន៖ -កៅស៊ូដំឡូងមី -ក្រចៅ  -ម្រេច  -ស្រូវ  -កម្បាស។,10,3,1,0.3,0.488525390625,2,5,1,2
62,តើកម្ពុជាមានបេតិកភណ្ឌអ្វីខ្លះ ដែលបានចុះបញ្ជីបេតិកភណ្ឌរូបី និង អរូបីពិភពលោករបស់អង្គការយូ ណេស្កូ? ចូររៀបរាប់ឲ្យបានប្រាំ។,បេតិកភណ្ឌរូបិយនិងអរូបិយមានដូចជា -ប្រាសាទព្រះវិហារ -ប្រាសាទអង្គវត្ត -ប្រាសាតសម្បូរព្រៃគុក -ប្រាសាទកោះកេរ្ត៍ -របាំព្រះរាជទ្រព្យ -ល្ខោនខោល -ល្បែងប្រជាប្រិយ។,+បេតិកភណ្ឌរូបី -ប្រាសាទព្រះវិហារ -ប្រាសាទអង្គវត្ត -ប្រាសាតសម្បូរព្រៃគុក -ប្រាសាទកោះកេរ្ត៍ -គុកទួលស្លែង '+បេតិកអភណ្ឌរូបី -របាំ -ចាបុី -ល្ខោន -ស្បៃខ្មែរ -របាំស្បែកធំ,5,5,4,1.0,0.953125,4,5,0,0
63,ហេតុអ្វីបានជាមនុស្សស្រូបយកខ្យល់ដែលមានកាបូនម៉ណូអុកស៊ីតអាចបង្កគ្រោះថ្នាក់ដល់ស្លាប់បាន?,បានជាមនុស្សស្រូបយកខ្យល់ដែលមានកាបូនម៉ូណូអុកស៊ីដអាចបង្កឲ្យមានគ្រោះថ្នាក់ដល់ស្លាប់ បានព្រោះកាបូនម៉ូណូអុកស៊ីដមានសមត្ថភាពចាប់យក ក្នុងឈាមបានខ្លាំងជាងអុកស៊ីសែន វារារាំងឈាមមិនឲ្យដឹកនាំអុកស៊ីសែនទៅចិញ្ចឹមសរីរាង្គជាពិសេសខួរក្បាលដែលបណ្តាលឲ្យ ស្លាប់និង សន្លប់ ។,បានជាមនុស្សស្រូបយកខ្យល់ដែលមានកាបូនម៉ូណូអុកស៊ីដអាចបង្កគ្រោះថ្នាក់ដល់ស្លាប់បានព្រោះ អុកស៊ីតដែលមនុស្សត្រូវការ ឧស្ម័នកាបូនិចនិងទឹក ទើបអាចរស់បាន ។,5,2,2,0.4,0.666015625,3,3,1,1
64,តើកត្តាអ្វីខ្លះដែលបណ្ដាលឲ្យសៀមវាយបែកបន្ទាយលង្វែក?,កត្តាដែលបណ្ដាលឲ្យសៀមវាយបន្ទាយលង្វែកព្រះរាជាព្រះសត្ថាទីមួយឆោតល្ងង់ទៅជួយរំដោះក្រុងឰយុធ្យារបស់សៀមមកពីការត្រួតត្រាភូមាសៀមរមិលគុណប្រើល្បិចបញ្ជូនសល់ពីរអង្គ យកការវិបត្តិផ្ទៃក្នុងជាជួរជលសារលោករវល់ នាដើមម៉ឺនមន្ត្រីប្រជារាស្ត្រមិនពេញចិត្តដែលតែងទៅកូនអាយុដប់មួយវស្សា ឲ្យកូនរៀននៅ ក្នុងនាម មហាឧបរាជ ធ្វើឲ្យប្រជារាស្ត្របាត់បង់ស្មារតីប្រយុទ្ធប្រជារាស្ត្រខ្មែរក្រីក្រឆោតល្ងង់ចង់បានប្រាក់ដួលក៏នាំគ្នាកាប់ឆ្ការគុម្ពឫស្សីដែលជារបងការពារបន្ទាយលង្វែកដ៏រឹងមាំ រីប្រទេសខ្មែរហាក់បីដូចជាបាត់បង់សាមគ្គីដូចជាស្ថានីយមួយនាំកូនទាំងពីររត់ភៀសខ្លួនទៅប្រទេសឡាវមិនគិតពីប្រជារាស្ត្រនាំឲ្យប្រជាជន អស់ជំនឿ,កត្តាដែលបណ្តាលឲ្យសៀមវាយបែកបន្ទាយលង្វែកគឺ កម្លាំងខ្សោយខាងទ័ពនឹងការពារ សៀមមាននយោបាយខ្លាំង ការខ្វះភាពរួបរួមប្រទេស ការបែកបាក់ផ្ទៃក្នុងពីរាជ។,10,5,2,0.5,0.7587890625,3,8,1,3
65,តើការស្ថិតនៅក្រៅសារពាង្គកាយនៃពងស្វាសមានសារៈសំខាន់ដូចម្តេច?,ការស្ថិតនៅក្រោមសារពាង្គកាយនៃពងស្វាសមានសារៈសំខាន់ដូចជាដើម្បីរក្សាសីតុណ្ហភាពឲ្យ ទាបជាងសីតុណ្ហភាពក្នុងខ្លួន ប្រហែលពី(2-3)សីតុណ្ហភាពក្នុងខ្លួន37 ។,ការស្ថិតនៅក្រោមសារពាង្គកាយនៃពងស្វាសមានសារៈសំខាន់ក្នុងការផលិតអរម៉ូនភេទឈ្មោលនិង បង្កើតស្ពែម៉ាតូសូអ៊ីត ។រក្សាសីតុណ្ហភាពឲ្យទាបជាងសីតុណ្ហភាពក្នុងខ្លួន ប្រហែលពី(2-3)សីតុណ្ហភាព ក្នុងខ្លួន37 ។,10,10,4,1.0,0.88818359375,4,9,0,1
66,សេដ្ឋកិច្ចកម្ពុជាពឹងផ្អែកលើវិស័យកសិកម្មជាសំខាន់៖ ​ក.​ ហេតុអ្វីបានជាគេនិយាយថាកម្ពុជាជាប្រទេសកសិកម្ម? ខ. តើគេចែកកសិករទាំងនោះជាប៉ុន្មានប្រភេទ?,សេដ្ឋកិច្ចកម្ពុជាបានផ្អែកលើវិស័យកសិកម្មជាសំខាន់៖ ក​. បានជាគេនិយាយថាប្រទេសកម្ពុជាជាប្រទេសកសិកម្មដោយសារ -ផ្ទៃដីនៅប្រទេសកម្ពុជាប្រហែល៩០ភាគរយសិតតែដំណាំស្រូវ -ប្រជាជនកកម្ពុជា ៧០.៣ភាគរយធ្វើកសិកម្ម -កសិកម្មជួយឲ្យប្រជាជនកម្ពុជាមានការងារធ្វើ -ប្រជាជននិយមធ្វើកសិកម្ម -ដីនៅកម្ពុជាប្រកបជាមួយកាធ្វើកសិកម្ម -កម្ពុជាមានអាកាសធាតុសមស្របសម្រាប់ធ្វើកសិកម្ម ខ. គេចែកកសិកម្មទាំងនោះជាពីរប្រភេទ៖ +កសិករខ្នាតតូច -ធ្វើកសិកម្មដើម្បីជីវិត -ធ្វើលក្ខណៈតិចតួច ទុកតែបរិភោគសម្រាប់គ្រួសារ -មិនលក់ឲ្យអ្នកណា +កសិករខ្នាតធំ -ធ្វើកសិកម្មច្រើនហើយទុកសម្រាប់លក់ឬនាំចេញទៅក្រៅប្រទេស -ធ្វើមួយឆ្នាំអាចទៅពីរលើក -ធ្វើលក្ខណៈច្រើន ដើម្បីលក់និងនាំចេញ។,សេដ្ឋកិច្ចកម្ពុជាបានផ្អែកលើវិស័យកសិកម្មជាសំខាន់៖ ក. បានជាគេនិយាយថាកម្ពុជាជាប្រទេសកសិកម្មដោយសារតែជាប្រទេសពឹងផ្អែកលើវិស័យកសិកម្មសំខាន់់ មាន លក្ខខណ្ឌអនុគ្រោះជាច្រើនដល់វិស័យកសិកម្មមានដូចជា៖ -សណ្ឋានដីៈ មានលក្ខណៈអនុគ្រោះដល់វិស័យនេះពោលគឺសម្បូរទៅដោយវាលទំនាប​ និងខ្ពង់រាបទាបៗប្រកបដោយ ជីជាតិល្អ សម្រាប់ដាំដុះ ការចិញ្ចឹមសត្វ និងព្រៃឈើ -កម្ពុជាស្ថិតក្នុងតំបន់ត្រូពិចដែលមានអាកាសធាតុក្ដៅ ហើយសើមទទួលខ្យល់មូលសុង -ប្រទេសកម្ពុជាសម្បូរទឹក ផ្លូវទឹក ដល់ការដាំដុះ ចិញ្ចឹមសត្វ នេសាទ -វិស័យនេះបានផ្ដល់ការងារដល់ប្រជាជន -កាត់បន្ថយអត្រាអត់ការងារធ្វើ -ជាប្រភពនៃស្បៀងអាហារសម្រាប់ប្រជាជន។ ខ. គេចែកកសិករទាំងនោះជា ៤ ប្រភេទដូចជា៖ -កសិករដាំស្រូវ -កសិករធ្វើស្រែ -កសិករតំបន់ខ្ពស់ -កសិករភូមិភាគឥសាន្ត។,15,19,4,1.2666666666666666,0.609375,2,9,2,10
67,បុព្វហេតុអ្វីខ្លះដែលនាំឲ្យអាណាចក្រចេនឡាបែកបាក់ជាពីរគឺអាណាចក្រចេនឡាដីគោកនិងចេនឡាទឹកលិច?,បុព្វហេតុដែលនាំហើយអាណាចក្រចេនឡាបែកជាពីរគឺ -វិសាលភាពទឹកដីធំទូលាយ -ចម្បាំងអត់ឈប់ឈរ -សមន្ដរដ្ឋបះបោរចង់ផ្ដាច់ខ្លួន -វិបត្តិផ្ទៃក្នុង -ព្រះនាងជ័យទេវីគ្មានសមត្ថភាពគ្រប់គ្រង។,បុព្វហេតុដែលនាំហើយអាណាចក្រចេនឡាបែកជាពីរគឺ -វិសាលភាពទឹកដីធំទូលាយ -ចម្បាំងអត់ឈប់ឈរ -សមន្ដរដ្ឋបះបោរចង់ផ្ដាច់ខ្លួន -វិបត្តិផ្ទៃក្នុង -ព្រះនាងជ័យទេវីគ្មានសមត្ថភាពគ្រប់គ្រង។,7,7,4,1.0,0.96728515625,4,7,0,0
68,តើព្រះអង្គឌួងមានស្នាព្រហស្ថអ្វីខ្លះចំពោះប្រទេសជាតិនិងប្រជារាស្ត្រខ្មែរ?,ព្រះបាទអង្គឌួងមានស្នាព្រហស្តដូចជាផ្នែករដ្ឋបាលរៀបចំប្រព័ន្ធរដ្ឋបាលនិងច្បាប់ទម្លាប់ស្ដារឡើងវិញមានរបៀបផ្នែកសេដ្ឋកិច្ចលើកស្ទួយវិស័យកសិកម្មជួសជុលប្រព័ន្ធ សេះនិងពាណិជ្ជកម្ម ភ្នែកបរទេសស្វែងរកជំនួយពីបារាំងដើម្បីទប់ទល់នឹងការត្រួតត្រាយួននិងសៀម ផ្នែកវប្បធម៌លើកស្ទួយវប្បធម៌អក្សរសាស្ត្រខ្មែរនិង សាសនា កត្តាផ្ទៃក្នុង ការបែកបាក់រាជវង្សានុវង្សបែកបាក់សាមគ្គី។,ព្រះបាទអង្គឌួងមានស្នាព្រហស្តចំពោះប្រទេសជាតិនិងប្រជារាស្ត្រខ្មែរ ការពារទឹកដីខ្មែរពីចោរសៀម កសាងវប្បធម៌ខ្មែរវត្តអារាមសាលារៀន។,15,8,2,0.5333333333333333,0.6162109375,2,9,0,1
69,បុព្វហេតុអ្វីខ្លះដែលនាំឲ្យអាណាចក្រចេនឡាបែកបាក់ជាពីរគឺអាណាចក្រចេនឡាដីគោកនិងចេនឡាទឹកលិច?,បុព្វហេតុដែលនាំហើយអាណាចក្រចេនឡាបែកជាពីរគឺ -វិសាលភាពទឹកដីធំទូលាយ -ចម្បាំងអត់ឈប់ឈរ -សមន្ដរដ្ឋបះបោរចង់ផ្ដាច់ខ្លួន -វិបត្តិផ្ទៃក្នុង -ព្រះនាងជ័យទេវីគ្មានសមត្ថភាពគ្រប់គ្រង។,បុព្វហេតុដែលនាំហើយអាណាចក្រចេនឡាបែកជាពីរគឺ -វិសាលភាពទឹកដីធំទូលាយ -ចម្បាំងអត់ឈប់ឈរ -សមន្ដរដ្ឋបះបោរចង់ផ្ដាច់ខ្លួន -វិបត្តិផ្ទៃក្នុង -ព្រះនាងជ័យទេវីគ្មានសមត្ថភាពគ្រប់គ្រង។,7,7,4,1.0,0.96728515625,4,7,0,0
70,តើអាណាចក្រភ្នំមានព្រំប្រទល់ជាប់ប្រទេសណាខ្លះ?,អាណាចក្រភ្នំមានព្រំប្រទល់ជាប់ប្រទេសដូចជា -ខាងជើងជាប់ចិន -ខាងត្បូងជាឈូងសមុទ្រខ្មែរ -ខាងកើតជាប់រដ្ឋចម្ប៉ា -ខាងលិចជាប់រដ្ធមនឬភូមា។,អាណាចក្រភ្នំមានព្រំប្រទល់ខាងជើងជាប់នឹងប្រទេសចិន(រដ្ឋណានឆាវនិងតុងតឹង)ខាងកើតជាប់រដ្ឋចម្ប៉ា(ឈូងសមុទ្រចិន)និងខាងត្បូងជាប់និងឈូងសមុទ្រខ្មែរ(នគរភ្នំ)និងខាងលិចជាប់រដ្ឋមនឬភូមា។,6,6,4,1.0,0.93603515625,4,6,0,0
71,តើព្រះបាទពញាយ៉ាតមានបុត្រប៉ុន្មានអង្គព្រះនាមអ្វីខ្លះ?ជាមួយអ្នកម្នាងណាខ្លះ?,ព្រះបាទពញាយ៉ាតមានបុត្របីអង្គគឺ នារាយណ៍រាជា ជាបុត្រជាមួយម្នាងទេវី ស្រីរាជាជាបុត្រជាមួយបុទុមកេសរ និងធម្មរាជាជាបុត្រជាមួយសុីសង៉ាម(បុត្រីស្ដេចសៀម)។,ព្រះបាទពញាយ៉ាតមានបទបីអង្គ ព្រះនាមព្រះបាទស្រីសុរិយោពណ៌ ជាបុត្រជាមួយអ្នកម្នាងស្រី ព្រះកែវហ្វា ព្រះបាទធម្មរាជា,5,2,2,0.4,0.64404296875,2,3,0,1
72,ហេតុអ្វីបានជាផ្នែកឯកជនជាកម្លាំងដ៏សំខាន់សម្រាប់វិនិយោគនិងធ្វើឲ្យមានកំណើនសេដ្ឋកិច្ចក្នុងប្រទេស?,បានជាផ្នែកឯកជនជាកម្លាំងដ៏សំខាន់សម្រាប់វិនិយោគនិងធ្វើឲ្យមានកំណើនសេដ្ឋកិច្ចក្នុងប្រទេស ព្រោះប្រទេសកម្ពុជាជាប្រទេសអភិវឌ្ឍន៍ សេដ្ឋកិច្ចទីផ្សារដោយបានធ្វើកំណែទម្រង់សហគ្រាសឧស្សាហកម្មឲ្យក្លាយទៅជាកម្មសិទ្ធិឯកជន ។ សេដ្ឋកិច្ចទីផ្សារសេរីនេះនាំឲ្យអ្នករកស៊ីបរទេសចូលចិត្តមកវិនិយោគ ហើយកាលណាផ្នែកឯកជនរឹងមាំមកវិនិយោគ ហើយកាលណាផ្នែកឯកជនមិនរឹងមាំអាចបំពេញបន្ថែមវិនិយោគនិងវិស័យសង្គមកិច្ចមានន័យថាវិស័យឯកជនស្រូបយកកម្លាំងការងារកាន់តែកើនឡើង។,បានជាផ្នែកឯកជនជាកម្លាំងដ៏សំខាន់សម្រាប់វិនិយោគ និងធ្វើឲមានកំណើនសេដ្ឋកិច្ចក្នុងប្រទេសព្រោះ៖  _ កម្ពុជាជាប្រទេសអនុវត្តសេដ្ឋកិច្ចទីផ្សាសេរីចាប់តាំងពីឆ្នាំ1993ដោយបានធ្វើកំណែទម្រង់សហគ្រាសឲក្លាយទៅជាកម្មសិទ្ធិឯកជន  _ សេដ្ឋកិច្ចទីផ្សារសេរីនេះនាំឲអ្នករកស៊ីបរទេសចូលចិត្តមកវិនិយោគ  _ កាលណាផ្នែកឯកជនរឹងមាំអាចបំពេញបន្ថែមវិនិយោគសាធារណៈក្នុងវិស័យសង្គមកិច្ច មានន័យថាវិស័យឯកជនអាចស្រូបយកកម្លាំងការងារកាន់តែច្រើនឡើង។,15,15,4,1.0,0.490234375,2,7,2,8
73,តើគេចែកយុគសម័យបុរេប្រវត្តិសាស្ត្រកម្ពុជាជាប៉ុន្មានយុគសម័យ?អ្វីខ្លះ?,គេចែកយុគសម័យបុរេប្រវត្តិសាស្ត្រកម្ពុជាជាបីយុគសម័យគឺ -យុគថ្មបំបែក (600000 - 12000 ឆ្នាំមុនគ.ស) -យុគថ្មរលីងឬសំលៀង (8000 - 2000 ឆ្នាំមុនគ.ស) -យុគលោហៈ(2000-100 ឆ្នាំមុនគ.ស)។,គេចែកយុគសម័យបុរេប្រវត្តិសាស្ត្រកម្ពុជាជាបីយុគសម័យគឺ -យុគថ្មបំបែក -យុគថ្មរំលីងឬសំលៀង -យុគលោហៈ។,5,3,2,0.6,0.440185546875,2,2,0,1
74,តើសេដ្ឋកិច្ចកម្ពុជាពឹងផ្អែកលើវិស័យអ្វីជាសំខាន់?     ក/ ហេតុអ្វីបានជាគេនិយាយថាកម្ពុជាជាប្រទេសកសិកម្ម?     ខ/ តើគេចែកកសិករជាប៉ុន្មានប្រភេទ?អ្វីខ្លះ?,សេដ្ឋកិច្ចកម្ពុជាពឹងផ្អែកលើវិស័យកសិកម្មជាសំខាន់។   ក/ បានជាគេនិយាយថាកម្ពុជាជាប្រទេសឧស្សាហកម្មព្រោះ៖  _  សណ្ឋានដី : ដីមានជីវជាតិល្អនិងសម្បូរទំនាបល្បាប់   _ ផ្លូវទឹក : ផ្លូវទឹកខ្វាត់ខ្វែងងាយស្រួលដល់ការដាំដុះ  _ ប្រជាជន : ប្រជាជនខ្មែរភាគច្រើនចូលចិត្តធ្វើកសិកម្ម  _ អាកាសធាតុ : ទទួលអាកាសធាតុក្តៅសើម  _ កសិកម្មផ្តល់ផល50%នៃផលិតផលជាតិសរុប។  ខ/ គេចែកកសិករទាំងនោះជា4ប្រភេទគឺ៖  _ កសិករធ្វើស្រែឬអ្នកស្រែ : និយមធ្វើស្រែ ស្រូវប្រាំង ស្រូវវស្សា ស្រូវឡើងទឹក  _ កសិករតំបន់ដីខ្ពស់ : គេដាំដំណាំជាអចិន្ត្រៃយ៍(ពោត ដំឡូង ចេក កៅស៊ូសណ្តែក)  _ កសិករធ្វើចម្ការដំណាំស្រូវ : គេដាំដំណាំតាមមាត់ទន្លេ ចិញ្ចឹមសត្វនិងនេសាទ  _ កសិករភូមិភាគឦសាន: គេធ្វើដំណាំព្រៃដុតមានដូចជាពោត ដំឡូង ស្រូវរុក្ខជាតិយកមើមដទៃទៀត និងបរបាញ់សត្វផងដែរ។,សេដ្ឋកិច្ចកម្ពុជាពឹងផ្អែកលើវិស័យកសិកម្មសំខាន់ ក- ប្រទេសកម្ពុជាជាប្រទេសកសិកម្មពីព្រោះ -ផ្ទៃដីកម្ពុជាអំណោយផលដល់កសិកម្មគ្រប់ប្រភេទមានវាលទំនាបខ្ពង់រាបអាកាសធាតុទៀងទាត់ខ្យល់មូសុងដែលមានសំណើមនូវកម្ដៅគ្រប់គ្រាន់(ផ្ទៃដីកសិកម្មមាន៩០%) -ប្រជាជនធ្វើកសិកម្មច្រើនតែជួយផ្ដល់ការងារដល់ប្រជាជន(កសិករមាន៧២.៣%) -ជួយដល់សេដ្ឋកិច្ចគ្រួសារនិងជាតិ -សម្រាប់ផ្គត់ផ្គង់ក្នុងស្រុកនិងសសម្រាប់នាំចេញ  -ស្រូវជាអាហារចាំបាច់សម្រាប់ប្រជាជន -ផ្ដល់នូវវត្ថុធាតុដើមសម្រាប់ឧស្សាហកម្ម(កៅស៊ូដំឡូង..) -ការបន្ថយការធ្វើចលនាបម្លាស់ទីលំនៅរបស់ប្រជាជន(កសិកម្មនៅជនបទស្រាប់)...។ ខ.គេចែកកសិករទាំងនោះជាបួនប្រភេទ -កសិករអនុផលព្រៃឈើ(កៅស៊ូ វល្លិ៍ ផ្ដៅ…) -កសិករចិញ្ចឹមត្រី(វារីវប្បកម្មនិងនេសាទ) -កសិករចិញ្ចឹមសត្វ (គោ ជ្រូក ទា…) -កសិករដាំដំណាំ(ស្រូវ ពោត សណ្តែក…)។,20,10,2,0.5,0.708984375,3,14,1,4
75,តើមូលហេតុអ្វីបានជាព្រះបាទពញាយ៉ាត ជ្រើសរើសយកចតុមុខធ្វើជារាជធានី?,បានជាព្រះបាទពញាយ៉ាតជ្រើសរើសក្រុងចតុមុខជារាជធានីព្រោះ មានទីតាំងភូមិសាស្ត្រល្អ គេចពីសត្រូវឈ្លានពានសៀម ដីមានជីវជាតិងាយស្រួលក្នុងការធ្វើកសិកម្ម ជាទីប្រសព្វនៃជំនួសទាំងផ្លូវគោកនិងផ្លូវទឹក សម្បូរផ្លូវក្នុងការធ្វើកសិកម្មនិងជំនួញ ភាពខាងត្បូងដីមានប្រជាជនច្រើននិងធនធានដើម្បីកសាងសេដ្ឋកិច្ចជាតិ។,ហេតុបានជាព្រះបាទពញាយ៉ាតជ្រើសរើស យកចតុមុខធ្វើជារាជធានី ព្រោះតំបន់ចតុមុខភ្នំពេញមានលក្ខណៈអំណោយផលដូចជា ស្ថិតនៅឆ្ងាយពីការយាយីរបស់ទ័ពសៀមជាងរាជធានីអង្គរ ភូមិសាស្ត្រ ជាចំណុចប្រសព្វទន្លេបួនដែលងាយស្រួលក្នុងការធ្វើចរាចរណ៍និងពាណិជ្ជកម្មតាមផ្លូវទឹក សេដ្ឋកិច្ច ចុះជាតំបន់ បីសុនដំ សំបូរត្រីសាច់និងដីមានជីជាតិសម្រាប់កសិកម្ម។,10,8,3,0.8,0.9111328125,4,9,1,1
76,តើអាណាចក្រភ្នំមានព្រំប្រទល់ជាប់ប្រទេសណាខ្លះ?,អាណាចក្រភ្នំមានព្រំប្រទល់ជាប់ប្រទេសដូចជា -ខាងជើងជាប់ចិន -ខាងត្បូងជាឈូងសមុទ្រខ្មែរ -ខាងកើតជាប់រដ្ឋចម្ប៉ា -ខាងលិចជាប់រដ្ធមនឬភូមា។,អាណាចក្រភ្នំមានព្រំប្រទល់ជាប់ប្រទេសដូចជា -ខាងជើងជាប់ចិន -ខាងត្បូងជាឈូងសមុទ្រខ្មែរ -ខាងកើតជាប់រដ្ឋចម្ប៉ា -ខាងលិចជាប់រដ្ឋមនឬភូមា។,6,6,4,1.0,0.94775390625,4,6,0,0
77,ហេតុអ្វីបានជាផ្នែកឯកជនជាកម្លាំងដ៏សំខាន់សម្រាប់វិនិយោគនិងធ្វើឲ្យមានកំណើនសេដ្ឋកិច្ចក្នុងប្រទេស?,បានជាផ្នែកឯកជនជាកម្លាំងដ៏សំខាន់សម្រាប់វិនិយោគនិងធ្វើឲ្យមានកំណើនសេដ្ឋកិច្ចក្នុងប្រទេស ព្រោះប្រទេសកម្ពុជាជាប្រទេសអភិវឌ្ឍន៍ សេដ្ឋកិច្ចទីផ្សារដោយបានធ្វើកំណែទម្រង់សហគ្រាសឧស្សាហកម្មឲ្យក្លាយទៅជាកម្មសិទ្ធិឯកជន ។ សេដ្ឋកិច្ចទីផ្សារសេរីនេះនាំឲ្យអ្នករកស៊ីបរទេសចូលចិត្តមកវិនិយោគ ហើយកាលណាផ្នែកឯកជនរឹងមាំមកវិនិយោគ ហើយកាលណាផ្នែកឯកជនមិនរឹងមាំអាចបំពេញបន្ថែមវិនិយោគនិងវិស័យសង្គមកិច្ចមានន័យថាវិស័យឯកជនស្រូបយកកម្លាំងការងារកាន់តែកើនឡើង។,បានជាផ្នែកឯកជនជាកម្លាំងដ៏សំខាន់សម្រាប់វិនិយោគនិងធ្វើឲ្យមានកំណើនសេដ្ឋកិច្ចក្នុងប្រទេសព្រោះ៖ _ កម្ពុជាជាប្រទេសអនុវត្តសេដ្ឋកិច្ចទីផ្សារសេរីឆ្នាំ1993 ដោយធ្វើកំណែទម្រង់សហគ្រាសឲ្យក្លាយទៅជាកម្មសិទ្ធិឯកជន  _ សេដ្ឋកិច្ចទីផ្សារសេរីនេះនាំឲ្យអ្នករកស៊ីបរទេសចូលចិត្តវិនិយោគ _ កាលណាផ្នែកឯកជនរឹងមាំអាចបំពេញបន្ថែមវិនិយោគសាធារណៈក្នុងវិស័យសង្គមកិច្ចមានន័យថាវិស័យឯកជនអាចស្រូបយកកម្លាំងការងារកាន់តែច្រើនឡើង។,15,15,4,1.0,0.481689453125,2,7,2,8
78,តើអាណាចក្រភ្នំមានព្រំប្រទល់ជាប់ប្រទេសណាខ្លះ?,អាណាចក្រភ្នំមានព្រំប្រទល់ជាប់ប្រទេសដូចជា -ខាងជើងជាប់ចិន -ខាងត្បូងជាឈូងសមុទ្រខ្មែរ -ខាងកើតជាប់រដ្ឋចម្ប៉ា -ខាងលិចជាប់រដ្ធមនឬភូមា។,អាណាចក្រភ្នំមានព្រំប្រទល់ជាប់ប្រទេសដូចជា -ខាងជើងជាប់ចិន(រដ្ឋណានឆាវតុងកឹង) -ខាងត្បូងជាឈូងសមុទ្រខ្មែរ -ខាងកើតជាប់រដ្ឋចម្ប៉ា -ខាងលិចជាប់រដ្ឋមនឬភូមា។,6,6,4,1.0,0.943359375,4,6,0,0
79,ចូររៀបរាប់ពីទំនាក់ទំនងរវាងការដាំដុះ​ អាជីវកម្មព្រៃឈើ និងការនេសាទ។,ទំនាក់ទំនងរវាងការដាំដុះ អាជីវកម្មព្រៃឈើ និងការនេសាទមានដូចជា៖ -ការដាំដុះដោយប្រើជីធម្មជាតិ -ការប្រើប្រាស់ជីគីមី -ដាំដុះនិងធ្វើតាមរដូវ -អាជីវកម្មព្រៃឈើ -ការកាប់បំផ្លាញព្រៃឈើ -ការដុតព្រៃឈើ -ការកាប់ឈើយកទៅធ្វើអាជីវកម្ម +ការនេសាទ -ការនេសាទត្រីពេលត្រីពក -ការនេសាទដោយប្រើអគ្គិសនី -ការនេសាទហួសកម្រិត -ការនេសាទគឺជាមុខរបរប្រចាំថ្ងៃាបស់ប្រជាជន -នឹងជាអាហារប្រចាំថ្ងៃរបស់ប្រជាជន -ការនេសាទធ្វើប្រជាជនមានមុខរបររកស៊ីត្រឹមត្រូវ -ការនេសាទប្រើប្រាស់ឧបករណ៍នេសាទខុសច្បាប់ -ការបំផ្លាញជំរកត្រី -ការបកហូរទឹកចេញពី,រៀបរាប់ពីទំនាក់ទំនងរវាងការដាំដុះ អាជីវកម្មព្រៃឈើ និងការនេសាទ៖ -ការដាំដុះជាការនាំគ្នាដាំរុក្ខាទ្ធវាឡើងវិញសម្រាប់ការប្រមូលផលក៍ ដូចជាសម្រាប់ការធ្វើជាទីផ្សារ និងការដាំដំណាំហូបផ្លែគ្រប់ប្រភេទ  ដែលមានភាពងាយស្រួលក្នុងការនាំយកទៅលក់នៅទីផ្សារខាងក្នុងប្រទេស និងក្រៅប្រទេស។ -អាជីវកម្មព្រៃឈើគឺជាការកាប់ដើមឈើធំៗធ្វើជាគ្រឿងសំណង់ គ្រឿងសង្ហារឹម  ដើម្បីលក់ និងមានការបង្កើតជាគ្រឿងផ្សេង ដែលអាចបង្កើតជា ប្រាក់បានសម្រាប់ផ្គត់ផ្គង់ក្នុងជីវភាពគ្រួសារប្រចាំថ្ងៃ។ -ការនេសាទមានការនេសាទដោយខុសច្បាស់ និងស្របច្បាប់​ នេសាទខុសច្បាប់ជា ការនេសាទដោយប្រើឧបករណ៍ទំនើបបែបវិទ្យាសាស្ត្រ ដែលរងផលប៉ះពាល់យ៉ាងធ្ងន់ធ្ងរដល់ ពួកមច្ឆារជាតិ ដែលធ្វើដាច់ពូជពិសេសនៅរដូវត្រីពង រដ្ឋាភិបាលបាននិយាយថាមិនឲ្យមាន ការនេសាទនៅរដូវត្រីពងជាដាច់ខាត ព្រោះអាំចនាំឲ្យផុតពូជនៃមច្ឆាជាតិ។ ការនេសាទស្របច្បាប់ គឺជាដោយសមល្មមទៅនិងតម្រូវការប្រចាំថ្ងៃ មានឧបករណ៍សាមញ្ញ និងដឹងពីច្បាប់ទម្លាប់នៅក្នុង ការនេសាទដោយដឹងនូវរដូវត្រីពងមិនទៅនេសាទទើបធ្វើឲ្យមានច្បាប់គោរពច្បាប់មិនបំពានទៅលើច្បាប់។ កាលដាំដុះទាំងអាជីវកម្មព្រៃឈើនិងការនេសាទសុទ្ធតែមានទំនាក់ទំនងទៅលើការអនុវត្តតែមួយដែលមាន ភាពឆ្ពោះទៅរកគោលដៅដែលអាចជាចំណូលសម្រាប់ខ្លួនឯងសេដ្ឋកិច្ចជាតិទាំងមូល,15,5,1,0.3333333333333333,0.61474609375,2,9,1,4
80,ចូរនិយាយពីកំណកាម៉ែតញី។,ការស្ថិតនៅក្រោមសារពាង្គកាយនៃពងស្វាសមានសារៈសំខាន់ដូចជាដើម្បីរក្សាសីតុណ្ហភាពឲ្យ ទាបជាងសីតុណ្ហភាពក្នុងខ្លួន ប្រហែលពី(2-3)សីតុណ្ហភាពក្នុងខ្លួន37 ។,កំណកាម៉ែតញីដំបូងកោសិកាពូជមួយរួមចំណែកពីរដងបន្តបន្ទាប់គ្នា បានកោសិកាអូវ៉ូកូរី4 ។ អូវ៉ូកូរីនីមួយៗរីកមាឌអាចជាអូវ៉ូស៊ីត1 ។អូវ៉ូស៊ីតមួយរងចំណែកមួយនៃមេយោធាហើយត្រូវបាន ឈប់គាំងនៅវគ្គប្រផ្ដាស1 ។ក្រោយមកពេលគ្រប់អូវ៉ូស៊ីតមួយបន្តធ្វើចំណែកហើយត្រូវបានបញ្ចប់ នៅរយៈពេល6ម៉ោងមុនដំណើរអូវ៉ុលនិងធ្លាក់មកក្រៅជាអូវ៉ូស៊ីត2 ។ប្រសិនបើជួបស្ពែម៉ាតូសូអុីត បង្កើតបានជាអូវុល ។,10,8,3,0.8,0.69482421875,3,7,0,1
81,ចូររៀបរាប់អំពីទំនាក់ទំនងរវាងការដាំដុះអាជីវកម្មព្រៃឈើនិងនេសាទ។,ទំនាក់ទំនងរវាង ការដាំដុះអាជីវកម្មព្រៃឈើ និងការនេសាទ៖  _ ការដាំដុះអាជីវកម្មព្រៃឈើ និងការនេសាទ ជាភោគទ្រព្យយ៉ាងសំខាន់សម្រាប់ប្រជាជនក្នុងការទ្រទ្រង់ក្នុងជីវភាពរស់នៅនិងការអភិវឌ្ឍន៍ប្រទេសជាតិ   _ ដើម្បីបំពេញតម្រូវការក្នុងកសិកម្មផលិតកម្មនិងត្រូវការផ្សេងៗ មនុស្សនាំគ្នាកាប់ព្រៃឈើដើម្បីធ្វើអាជីវកម្មព្រៃឈើជាមូលហេតុធ្វើឲ្យអាកាសធាតុប្រែប្រួលប៉ះពាល់ដល់ជីវិតមនុស្ស សត្វ និងរុក្ខជាតិ  ​ _ អតិផលនៃប្រព័ន្ធកសិកម្ម នាំឲ្យមានកំណើននៃការប្រើប្រាស់គីមីនិងថ្នាំសម្លាប់សត្វល្អិត។ ជីគីមី និងថ្នាំសម្លាប់សត្វល្អិត ទាំងនោះហូរទៅផ្ដុំគ្នានៅតាមផ្លូវទឹកនានា បំផ្លាញជីវិតសត្វនិងពូជធម្មជាតិ។,រៀបរាប់ពីទំនាក់ទំនងរវាងការដាំដុះ ការចិញ្ចឹមសត្វ និងការនេសាទ៖ -ការដាំដុះអាជីវកម្មព្រៃឈើមានទំនាក់ទំនងការកាប់ឈើធ្វើ -អាជីវកម្មលើឈើធ្វើតុទូកៅអីណានាំចេញទៅលួចកាប់ព្រៃឈើដើម្បីសាងអគារការដាំដុះនិង -ការនេសាទមានទំនាក់ទំនង ឈើជាជម្រកត្រីពងព្រៃឈើជាកន្លែងដែលត្រីរស់នៅបង្កើតជាមនុស្សកុំទឹកក្ដៅពេកអាជីវកម្មព្រៃឈើនិង -ការនេសាទបាត់បង់ជម្រកសម្រាប់ស្ត្រីពរបាត់បងប្អូនក្រអ្នកនេសាទងាយស្រួលដោយសារ,15,5,1,0.3333333333333333,0.3408203125,1,5,0,0
82,តើប្រព័ន្ធផលិតកម្មកសិកម្មនៅប្រទេសកម្ពុជាមានអ្វីខ្លះ?,ប្រព័ន្ធផលិតកម្មកសិកម្មនៅកម្ពុជាមានដូចជាដំណាំដំណាំស្រូវនិងកៅស៊ូដឹកនាំផ្សេងៗទៀតការចិញ្ចឹមសត្វបានចិញ្ចឹមសត្វលើគោកការចិញ្ចឹមសត្វក្នុងទឹកការនេសាទការនេសាទទឹកសាបការនេសាទទឹកប្រៃ  ព្រៃឈើអនុផលព្រៃឈើរកឃ្មុំជ័រទឹកក្តៅសត្វព្រៃ,ប្រព័ន្ធផលិតកម្មកសិកម្មនៅប្រទេសកម្ពុជាមាន​ដូចជា៖ -ដំណាំកៅស៊ូ -ដំណាំពោត -ដំណាំស្រូវ -ការដាំដើមឈើ។,15,3,1,0.2,0.2054443359375,0,3,1,0
83,ហេតុអ្វីបានជាផ្នែកឯកជនជាកម្លាំងដ៏សំខាន់សម្រាប់វិនិយោគនិងធ្វើឲ្យមានកំណើនសេដ្ឋកិច្ចក្នុងប្រទេស?,បានជាផ្នែកឯកជនជាកម្លាំងដ៏សំខាន់សម្រាប់វិនិយោគនិងធ្វើឲ្យមានកំណើនសេដ្ឋកិច្ចក្នុងប្រទេស ព្រោះប្រទេសកម្ពុជាជាប្រទេសអភិវឌ្ឍន៍ សេដ្ឋកិច្ចទីផ្សារដោយបានធ្វើកំណែទម្រង់សហគ្រាសឧស្សាហកម្មឲ្យក្លាយទៅជាកម្មសិទ្ធិឯកជន ។ សេដ្ឋកិច្ចទីផ្សារសេរីនេះនាំឲ្យអ្នករកស៊ីបរទេសចូលចិត្តមកវិនិយោគ ហើយកាលណាផ្នែកឯកជនរឹងមាំមកវិនិយោគ ហើយកាលណាផ្នែកឯកជនមិនរឹងមាំអាចបំពេញបន្ថែមវិនិយោគនិងវិស័យសង្គមកិច្ចមានន័យថាវិស័យឯកជនស្រូបយកកម្លាំងការងារកាន់តែកើនឡើង។,បានជាផ្នែកឯកជនជាកម្លាំងដ៏សំខាន់សម្រាប់វិនិយោគនិងធ្វើឲ្យមានកំណើនសេដ្ឋកិច្ចក្នុងប្រទេស ព្រោះប្រទេសកម្ពុជាជាប្រទេសអភិវឌ្ឍន៍ សេដ្ឋកិច្ចទីផ្សារដោយបានធ្វើកំណែទម្រង់សហគ្រាសឧស្សាហកម្មឲ្យក្លាយទៅជាកម្មសិទ្ធិឯកជន ។ សេដ្ឋកិច្ចទីផ្សារសេរីនេះនាំឲ្យអ្នករកស៊ីបរទេសចូលចិត្តមកវិនិយោគ ហើយកាលណាផ្នែកឯកជនរឹងមាំមកវិនិយោគ ហើយកាលណាផ្នែកឯកជនមិនរឹងមាំអាចបំពេញបន្ថែមវិនិយោគនិងវិស័យសង្គមកិច្ចមានន័យថាវិស័យឯកជនស្រូបយកកម្លាំងការងារកាន់តែកើនឡើង។,15,15,4,1.0,0.89404296875,4,13,0,2
84,តើគេចែកយុគសម័យបុរេប្រវត្តិសាស្ត្រកម្ពុជាជាប៉ុន្មានយុគសម័យ?អ្វីខ្លះ?,គេចែកយុគសម័យបុរេប្រវត្តិសាស្ត្រកម្ពុជាជាបីយុគសម័យគឺ -យុគថ្មបំបែក (600000 - 12000 ឆ្នាំមុនគ.ស) -យុគថ្មរលីងឬសំលៀង (8000 - 2000 ឆ្នាំមុនគ.ស) -យុគលោហៈ(2000-100 ឆ្នាំមុនគ.ស)។,គេចែកយុគសម័យបុរេប្រវត្តិសាស្ត្រកម្ពុជាជាបីយុគសម័យគឺ -យុគថ្មបំបែក (600000 - 12000 ឆ្នាំមុនគ.ស) -យុគថ្មរលីងឬសំលៀង (8000 - 2000 ឆ្នាំមុនគ.ស) -យុគលោហៈ(2000-100 ឆ្នាំមុនគ.ស)។,5,5,4,1.0,0.98046875,4,5,0,0
85,ដូចម្តេចដែលហៅថាមេយ៉ូស? ចូរនិយាយពីវគ្គផ្សេងៗនៃមេយ៉ូស។,មេយ៉ូសជាសំណុំនៃចំណែកកោសិកាពីរដងបន្តបន្ទាប់គ្នាដែលបង្កើតបានជាកោសិកាអាលូអុីតបួន ហៅថាមេយ៉ូស ។ _តេឡូផាស1 ស៊ីតូប្លាសចែកខ្លួនបានជាកោសិកាកូនពីរ ។កោសិកាកូននីមួយៗទទួលបានក្រូម៉ូសូម តែមួយពីរគូអូម៉ូឡូក ។ _ប្រផាស1 មានរយៈពេលវែង ។ _អាណាផាស1 ក្រូម៉ូសូមដំរៀបលើផ្លាស់ភ្ជាប់នឹងក្រយ៉ូងក្រូម៉ាទិចដោយសង់ក្រូងទ័ររបស់វា ។ _តេឡូផាស2 ក្រូម៉ូមនីមួយៗបានមកដល់ប៉ូលភ្នាស _មេតាផាស2 ក្រូម៉ូសូមប្រេះតាមបណ្ដោយភ្ជាប់ខ្លួនទៅនិងក្រយ៉ងក្រូម៉ាទិចដោយសង់ _ប្រូដាស2 ត្តយ៉ងអាក្រូម៉ាទិតកើតមានក្នុងកោសិកាគូនីមួយៗ _អាណាផាស2 សង់ក្រូម៉ែធ្វើចំណែកដែលនាំអោយក្រូម៉ាទិចបងប្អូនដាច់ចេញពីគ្នា ។បន្ទាប់មក ក្រូម៉ូសូមកូនទាំង2ធ្វើដំណើរឆ្ពោះទៅប៉ូលផ្ទុយគ្នារបស់ត្រយ៉ូងអាក្រូម៉ាទិច ។,ដែលហៅថាមេយ៉ូសគឺជាសំណុំនៃចំណែកកោសិកាពីដងបន្តបន្ទាប់គ្នាបង្កើតបានជាកោសិកា អាប្លូអុីត4 ។វគ្គផ្សេងនៃមេយ៉ូសមានដូចជា  _ប្រផាស1 មានរយៈពេលវែង ។ _អាណាផាស1 ក្រូម៉ូសូមដំរៀបលើផ្លាស់ភ្ជាប់នឹងក្រយ៉ូងក្រូម៉ាទិចដោយសង់ក្រូងទ័ររបស់វា ។,10,5,2,0.5,0.6015625,2,6,0,1
86,តើប្រព័ន្ធផលិតកម្មកសិកម្មនៅប្រទេសកម្ពុជាមានអ្វីខ្លះ?,ប្រព័ន្ធផលិតកម្មកសិកម្មនៅកម្ពុជាមានដូចជាដំណាំដំណាំស្រូវនិងកៅស៊ូដឹកនាំផ្សេងៗទៀតការចិញ្ចឹមសត្វបានចិញ្ចឹមសត្វលើគោកការចិញ្ចឹមសត្វក្នុងទឹកការនេសាទការនេសាទទឹកសាបការនេសាទទឹកប្រៃ  ព្រៃឈើអនុផលព្រៃឈើរកឃ្មុំជ័រទឹកក្តៅសត្វព្រៃ,ប្រព័ន្ធផលិតកម្មកសិកម្មនៅកម្ពុជាមានដូចជាសហគ្រាសធំតូចសិប្បកម្ម។,15,2,1,0.1333333333333333,0.44482421875,2,7,1,5
87,តើសង្គមខ្មែរនៅសម័យអង្គរមានប៉ុន្មានវណ្ណៈ? វណ្ណៈអ្វីខ្លះ? ចូលរៀបរាប់។,សង្គមខ្មែរនៅសម័យអង្គរមានប្រាំវណ្ណៈគឺ -វណ្ណៈក្សត្រឬរាជវង្សនុវង្ស (ជាស្ដេចគ្រប់គ្រងប្រទេស -វណ្ណៈមន្ត្រី (អ្នករស់នៅក្នុងរាជវាំងបម្រើស្ដេច) -វណ្ណៈព្រាហ្ម៍ឬបុព្វជិត​(គឺជាអ្នកបួស) -វណ្ណៈអ្នកជាឬកសិករ (អ្នករស់នៅនឹងធ្វើស្រែចម្ការ) -វណ្ណៈអ្នកងារឬទាសករ(ទាសករបម្រើគេតកូនតចៅ)។,សង្គមខ្មែរនៅសម័យអង្គរមានប្រាំវណ្ណៈគឺ -វណ្ណៈក្សត្រ -វណ្ណៈមន្ត្រី -វណ្ណៈបុព្វជិត -វណ្ណៈអ្នកជា -វណ្ណៈទាសករ។,10,10,4,1.0,0.50439453125,2,5,2,5
88,ចូរនិយាយពីកំណកាម៉ែតញី។,ការស្ថិតនៅក្រោមសារពាង្គកាយនៃពងស្វាសមានសារៈសំខាន់ដូចជាដើម្បីរក្សាសីតុណ្ហភាពឲ្យ ទាបជាងសីតុណ្ហភាពក្នុងខ្លួន ប្រហែលពី(2-3)សីតុណ្ហភាពក្នុងខ្លួន37 ។,កំណកាម៉ែតញីដំបូងកោសិកាពូជមួយរួមចំណែកពីរដងបន្តបន្ទាប់គ្នា បានកោសិកាអូវ៉ូកូរី4 ។ អូវ៉ូកូរីនីមួយៗរីកមាឌអាចជាអូវ៉ូស៊ីត1 ។អូវ៉ូស៊ីតមួយរងចំណែកមួយនៃមេយោធាហើយត្រូវបាន ឈប់គាំងនៅវគ្គប្រផ្ដាស1 ។ក្រោយមកពេលគ្រប់អូវ៉ូស៊ីតមួយបន្តធ្វើចំណែកហើយត្រូវបានបញ្ចប់ នៅរយៈពេល6ម៉ោងមុនដំណើរអូវ៉ុលនិងធ្លាក់មកក្រៅជាអូវ៉ូស៊ីត2 ។ប្រសិនបើជួបស្ពែម៉ាតូសូអុីត បង្កើតបានជាអូវុល ។,10,8,3,0.8,0.69482421875,3,7,0,1
89,តើសង្គមខ្មែរនៅសម័យអង្គរមានប៉ុន្មានវណ្ណៈ? វណ្ណៈអ្វីខ្លះ? ចូលរៀបរាប់។,សង្គមខ្មែរនៅសម័យអង្គរមានប្រាំវណ្ណៈគឺ -វណ្ណៈក្សត្រឬរាជវង្សនុវង្ស (ជាស្ដេចគ្រប់គ្រងប្រទេស -វណ្ណៈមន្ត្រី (អ្នករស់នៅក្នុងរាជវាំងបម្រើស្ដេច) -វណ្ណៈព្រាហ្ម៍ឬបុព្វជិត​(គឺជាអ្នកបួស) -វណ្ណៈអ្នកជាឬកសិករ (អ្នករស់នៅនឹងធ្វើស្រែចម្ការ) -វណ្ណៈអ្នកងារឬទាសករ(ទាសករបម្រើគេតកូនតចៅ)។,សង្គមខ្មែរនៅសម័យអង្គរមានប្រាំវណ្ណៈគឺ -វណ្ណៈក្សត្រ:វណ្ណៈនេះមានបុព្វសិទ្ធណាស់ដូចជាគ្មានការបង់ពន្ធ មិនជាប់កំណែននិងមិនត្រូវធ្វើការងារធ្ងន់ជាដើម។ -វណ្ណៈមន្ត្រី:ឋាននុក្រមរបស់ពួកគេអាចសម្គាល់តាមរយៈឥស្សតិយយសនិងចំនួនផ្ទះប្រកក្បឿងរបស់ពួកគេ។ -វណ្ណៈអ្នកបួស: .ពួកប៉ាងឃៀបគឺពួកព្រាហ្មណ៍ពួកនេះស្លៀកពាក់ដូចគេទៀតដែរ ខុសត្រង់មានពាក់ខ្សែរអំបោះដវេញមួយខ្សែរនៅក ជាសញ្ញាថាអ្នកចេះដឹងខ្ពង់ខ្ពស់។ .ពួកជូគូគឺជាភិគូឬសាមលោកព្រះសង្ឃខាងពុទ្ធសាសនាក្រុមនេះកោរសក់និងក្រងជីវពណ៌លឿង .ពួកប៉ាស៊ីវីឬសួកសាបស្លៀកពាក់ដូចអ្នកស្រុកធម្មតាតែជូតក្បាលនិងកំណាត់ពណ៍ក្រហម .ព្រាហ្មណ៍បុរោហិតជាអ្នកពិនិត្យជាអ្នកថែរក្សាវត្តសក្តិសិទ្ធនិងព្រះទេវរូបនៅក្នុងរាជវាំងនិងអ្នកផ្ដល់ពត៍មានដល់ព្រះមហាក្សត្រ -វណ្ណៈអ្នកជា:ពួកគេជាវណ្ណៈកណ្ដាលក្នុងសង្គម​ ដែលមានឋានន្ដរមានប្រហាក់ប្រហែលនិងពួកឈ្មួញសិប្បកម្ម សិប្បករនិងប្រជារាស្ត្រសាមញ្ញ -វណ្ណៈទាសករ:ពួកគេជាវណ្ណៈទាបបំផុតនៅក្នុងសង្គមដែលជាអ្នកបម្រើគេអស់មួយជីវិតនិងតពូជទៀតផង។,10,10,4,1.0,0.96142578125,4,10,0,0
90,តើសម័យឧដុង្គចាប់ពីឆ្នាំណាដល់ឆ្នាំណា?ហេតុអ្វីបានជាប្រទេសកម្ពុជាធ្លាក់ចុះខ្សោយកាន់តែខ្លាំងនៅសម័យឧដុង្គ។ចូរពន្យល់,សម័យឧដុង្គចាប់ពីឆ្នាំ បានជាប្រទេសកម្ពុជាធ្លាក់ចុះខ្សោយកាន់តែខ្លាំងនៅសម័យឧដុង្គព្រោះ សង្គ្រាមផ្ទៃក្នុងញឹកញាប់និងការជាវជ្រៀតជ្រែកពីសៀមនិងយួន ការប្រកួតប្រជែងដណ្ដើមរាជ្យបានឡើងក្នុងចំណោមព្រះរាជវង្សានុវង្ស បែកបាក់សាមគ្គីផ្ទៃក្នុងគ្មានការសាមគ្គីរួបរួមនៅក្នុងប្រទេសជិតខាង កម្ពុជាត្រូវបែកជាពីរផ្នែកដោយសារសៀមត្រួតត្រាផ្នែកខាងលិចបាត់ដំបងសៀមរាបត្រួតត្រាខាងត្បូង បាត់បង់ទឹកដីដោយសារខេត្តជាច្រើននៅភាគខាងលិចបាត់ដំបងសៀមរាបមង្គលបុរី ត្រូវបានធ្លាក់ក្នុងកណ្ដាប់ដៃសៀមនៅឆ្នាំនិងមុនបាត់បង់ដីភាគខាងកើតនៅវៀតណាម សេដ្ឋកិច្ចពឹងផ្អែកលើវិស័យកសិកម្មបុរាណដែល សួយសារអាករឲ្យគេ ចំណែកវប្បធម៌វិញវត្តអារាមត្រូវបានបំផ្លិចបំផ្លាញ ប្រទេសជាតិខ្សោយគ្មានកម្លាំងទប់ទល់នឹងការវាយលុកពីខាងក្រៅមន្ត្រីក្បត់ជាតិច្រើន ដោយសារ រាជវង្សផ្ទៃក្នុងការដណ្ដើមអំណាចគ្នា។,សម័យឧដុង្គចាប់ពីឆ្នាំ ១៦២០-១៨៦៣។ បានជាប្រទេសកម្ពុជាចុះខ្សោយកាន់តែខ្លាំងនៅសម័យនោះព្រោះបណ្ដាលមកពីជម្លោះដណ្ដើមរាជ្យសម្បត្តិក្នុងរាជវង្សខ្មែរនិងការធ្វើអន្តរាគមន៍ពីប្រទេសជិតខាង។,15,8,2,0.5333333333333333,0.50146484375,2,8,0,0
91,ហេតុអ្វីបានជាមនុស្សស្រូបយកខ្យល់ដែលមានកាបូនម៉ណូអុកស៊ីតអាចបង្កគ្រោះថ្នាក់ដល់ស្លាប់បាន?,បានជាមនុស្សស្រូបយកខ្យល់ដែលមានកាបូនម៉ូណូអុកស៊ីដអាចបង្កឲ្យមានគ្រោះថ្នាក់ដល់ស្លាប់ បានព្រោះកាបូនម៉ូណូអុកស៊ីដមានសមត្ថភាពចាប់យក ក្នុងឈាមបានខ្លាំងជាងអុកស៊ីសែន វារារាំងឈាមមិនឲ្យដឹកនាំអុកស៊ីសែនទៅចិញ្ចឹមសរីរាង្គជាពិសេសខួរក្បាលដែលបណ្តាលឲ្យ ស្លាប់និង សន្លប់ ។,បានជាមនុស្សស្រូបយកខ្យល់ដែលមានកាបូនម៉ូណូអុកស៊ីដអាចបង្កឲ្យមានគ្រោះថ្នាក់ដល់ស្លាប់ បានព្រោះកាបូនម៉ូណូអុកស៊ីដមានសមត្ថភាពចាប់យក ក្នុងឈាមបានខ្លាំងជាងអុកស៊ីសែន វារារាំងឈាមមិនឲ្យដឹកនាំអុកស៊ីសែនទៅចិញ្ចឹមសរីរាង្គជាពិសេសខួរក្បាលដែលបណ្តាលឲ្យ ស្លាប់និង សន្លប់ ។,5,4,3,0.8,0.8359375,3,4,0,0
92,តើកត្តាអ្វីខ្លះដែលធ្វើអោយសម័យអង្គររីកចម្រើនដល់កំពូល?​ ចូលរៀបរាប់។,កត្តាដែលធ្វើអោយសម័យអង្គររីកចម្រើនគឺ: កត្តាព្រះរាជា:ព្រះរាជាចាប់ពីព្រះបាទជ័យវរ្ម័នទី 2 រហូតដល់ព្រះបាទជ័យវរ្ម័នទី 7 សុទ្ធតែជាស្ដេចខ្លាំងពូកែ កត្តានយោបាយ: នយោបាយក្នុងប្រទេសបង្រួបបង្រួមជាតិកសាងនិងការពារទឹកដី នយោបាយក្រៅប្រទេស:ចងសម្ព័ន្ធមិត្តជាមួយប្រទេសធំៗវាយយករដ្ឋតូចដាក់ជាចំណុះ កត្តាសេដ្ឋកិច្ច:រីកចម្រើនលើវិស័យកសិកម្មសិប្បកម្មគណនាគម កត្តាសាសនា:ការឯកភាពគ្នារវាងសាសនាព្រាហ្មនិងព្រះពុទ្ធ កត្តាធនធានមនុស្សបន្សល់ទុកតាំងពីសម័យនគរភ្នំនិងចេនឡាមក។,កត្តាដែលធ្វើអោយសម័យអង្គររីកចម្រើនគឺ: .កត្តាព្រះរាជា:ព្រះរាជាចាប់ពីព្រះបាទជ័យវរ្ម័នទី 2 រហូតដល់ព្រះបាទជ័យវរ្ម័នទី 7 សុទ្ធសឹងតែជាស្ដេចខ្លាំងពូកែ .កត្តានយោបាយ: +នយោបាយក្នុងប្រទេស:បង្រួបបង្រួម​ កសាង និងការពារ។ +នយោបាយក្រៅប្រទេស:ចងសម្ព័ន្ធមិត្តជាមួយប្រទេសធំៗដូចជាចិននិងឥណ្ឌា និងវាយយករដ្ឋតូចដាក់ជាចំណុះ .កត្តាសេដ្ឋកិច្ច:ការរីកចម្រើនលើវិស័យកសិកម្ម សិប្បកម្ម គណនាគមន៍ .កត្តាសាសនា:មានការឯកភាពគ្នារវាងសាសនាព្រាហ្មនិងព្រះពុទ្ធ .កត្តាធនធានមនុស្សបន្សល់ទុកតាំងពីសម័យនគរភ្នំនិងចេនឡាមក។,10,10,4,1.0,0.96923828125,4,10,0,0
93,តើសង្គមខ្មែរនៅសម័យអង្គរមានប៉ុន្មានវណ្ណៈ? វណ្ណៈអ្វីខ្លះ? ចូលរៀបរាប់។,សង្គមខ្មែរនៅសម័យអង្គរមានប្រាំវណ្ណៈគឺ -វណ្ណៈក្សត្រឬរាជវង្សនុវង្ស (ជាស្ដេចគ្រប់គ្រងប្រទេស -វណ្ណៈមន្ត្រី (អ្នករស់នៅក្នុងរាជវាំងបម្រើស្ដេច) -វណ្ណៈព្រាហ្ម៍ឬបុព្វជិត​(គឺជាអ្នកបួស) -វណ្ណៈអ្នកជាឬកសិករ (អ្នករស់នៅនឹងធ្វើស្រែចម្ការ) -វណ្ណៈអ្នកងារឬទាសករ(ទាសករបម្រើគេតកូនតចៅ)។,សង្គមខ្មែរនៅសម័យអង្គរមានប្រាំវណ្ណៈគឺ -វណ្ណៈក្សត្រឬរាជវង្សានុវង្ស -វណ្ណៈមន្ត្រី -វណ្ណៈបុព្វជិត -វណ្ណៈអ្នកជា -វណ្ណៈទាសករនិងអ្នកងារ។,10,6,2,0.6,0.50439453125,2,5,0,1
94,តើប្រព័ន្ធផលិតកម្មកសិកម្មនៅប្រទេសកម្ពុជាមានអ្វីខ្លះ?,ប្រព័ន្ធផលិតកម្មកសិកម្មនៅកម្ពុជាមានដូចជាដំណាំដំណាំស្រូវនិងកៅស៊ូដឹកនាំផ្សេងៗទៀតការចិញ្ចឹមសត្វបានចិញ្ចឹមសត្វលើគោកការចិញ្ចឹមសត្វក្នុងទឹកការនេសាទការនេសាទទឹកសាបការនេសាទទឹកប្រៃ  ព្រៃឈើអនុផលព្រៃឈើរកឃ្មុំជ័រទឹកក្តៅសត្វព្រៃ,ប្រព័ន្ធផលិតកម្មកសិកម្មនៅកម្ពុជាមានដូចជាដំណាំដំណាំស្រូវនិងកៅស៊ូដឹកនាំផ្សេងៗទៀតការចិញ្ចឹមសត្វបានចិញ្ចឹមសត្វលើគោកការចិញ្ចឹមសត្វក្នុងទឹកការនេសាទការនេសាទទឹកសាបការនេសាទទឹកប្រៃ  ព្រៃឈើអនុផលព្រៃឈើរកឃ្មុំជ័រទឹកក្តៅសត្វព្រៃ,15,15,4,1.0,0.44482421875,2,7,2,8
95,ហេតុអ្វីបានជាផ្នែកឯកជនជាកម្លាំងដ៏សំខាន់សម្រាប់វិនិយោគនិងធ្វើឲ្យមានកំណើនសេដ្ឋកិច្ចក្នុងប្រទេស?,បានជាផ្នែកឯកជនជាកម្លាំងដ៏សំខាន់សម្រាប់វិនិយោគនិងធ្វើឲ្យមានកំណើនសេដ្ឋកិច្ចក្នុងប្រទេស ព្រោះប្រទេសកម្ពុជាជាប្រទេសអភិវឌ្ឍន៍ សេដ្ឋកិច្ចទីផ្សារដោយបានធ្វើកំណែទម្រង់សហគ្រាសឧស្សាហកម្មឲ្យក្លាយទៅជាកម្មសិទ្ធិឯកជន ។ សេដ្ឋកិច្ចទីផ្សារសេរីនេះនាំឲ្យអ្នករកស៊ីបរទេសចូលចិត្តមកវិនិយោគ ហើយកាលណាផ្នែកឯកជនរឹងមាំមកវិនិយោគ ហើយកាលណាផ្នែកឯកជនមិនរឹងមាំអាចបំពេញបន្ថែមវិនិយោគនិងវិស័យសង្គមកិច្ចមានន័យថាវិស័យឯកជនស្រូបយកកម្លាំងការងារកាន់តែកើនឡើង។,បានជាផ្នែកឯកជនជាកំណើនដ៏សំខាន់សម្រាប់វិនិយោគនិងធ្វើឲ្យមានកំណើនសេដ្ឋកិច្ចក្នុងប្រទេសដោយសារ -ទីផ្សារសេរីធ្វើសហគ្រាសមានសេដ្ឋកិច្ចឯកជន -ផ្នែកឯកជនផ្ដល់កូនចូលសេដ្ឋកិច្ចជាតិ -ជួយបំពេញទីផ្សារសង្គមឲ្យរីកចម្រើន  -សហគ្រាសឯកជនមានឧស្សាហកម្មសិប្បកម្មដែលជួយបំពេញតម្រូវការក្នុងស្រុក -ផ្តល់ការងារដល់ប្រជាជន -ទាក់ទាញឲ្យបរទេសចូលចិត្តមកវិនិយោគក្នុងប្រទេស -ការកាត់បន្ថយប្រជាជនធ្វើចលនាបំផ្លាស់លំនៅ -ឯកជនមានកម្លាំងកាត់បន្ថយបន្ទុកសម្រាប់ជាតិឬកាត់បន្ថយភាពក្រីក្ររបស់ប្រជាជន -ឯកជនរីកចម្រើនធ្វើឲ្យឧស្សាហកម្មមានកម្រិតខ្ពស់ដែលធ្វើប្រទេសអភិវឌ្ឍន៍លឿន.....។,15,10,3,0.6666666666666666,0.4794921875,2,7,1,3
96,តើព្រះអង្គឌួងមានស្នាព្រហស្ថអ្វីខ្លះចំពោះប្រទេសជាតិនិងប្រជារាស្ត្រខ្មែរ?,ព្រះបាទអង្គឌួងមានស្នាព្រហស្តដូចជាផ្នែករដ្ឋបាលរៀបចំប្រព័ន្ធរដ្ឋបាលនិងច្បាប់ទម្លាប់ស្ដារឡើងវិញមានរបៀបផ្នែកសេដ្ឋកិច្ចលើកស្ទួយវិស័យកសិកម្មជួសជុលប្រព័ន្ធ សេះនិងពាណិជ្ជកម្ម ភ្នែកបរទេសស្វែងរកជំនួយពីបារាំងដើម្បីទប់ទល់នឹងការត្រួតត្រាយួននិងសៀម ផ្នែកវប្បធម៌លើកស្ទួយវប្បធម៌អក្សរសាស្ត្រខ្មែរនិង សាសនា កត្តាផ្ទៃក្នុង ការបែកបាក់រាជវង្សានុវង្សបែកបាក់សាមគ្គី។,ព្រះអង្គដួលមានស្នាព្រហស្តចំពោះប្រទេសជាតិនិងប្រជារាស្ត្រខ្មែរ ការពារទឹកដីខ្មែរពីចោរកម្មសៀមនិងយួន ទាក់ទងជាមួយបារាំងដើម្បីការពារប្រទេសកម្ពុជា កសាងក្រុងឧដុង្គកំពង់ផែកំពតកំពង់ផែ ថៃកំពង់ផែហ្វូងកសាងផ្លូវគមនាគមន៍ កសាងវប្បធម៌ខ្មែរវត្តអារាមសាលារៀនសាកលវិទ្យាល័យអក្សរសាស្ត្រគំរាមច្បាប់ស្រី រៀបចំរដ្ឋបាលស្រុកទេសច្បាប់ទម្លាប់ហាមនេសាទត្រីល្មើសច្បាប់ដាក់ទណ្ឌកម្មដល់អ្នកញៀនអាភៀនស្រាល្បែង។,15,15,4,1.0,0.89404296875,4,13,0,2
97,ចូររៀបរាប់ពីទំនាក់ទំនងរវាងការដាំដុះ​ អាជីវកម្មព្រៃឈើ និងការនេសាទ។,ទំនាក់ទំនងរវាងការដាំដុះ អាជីវកម្មព្រៃឈើ និងការនេសាទមានដូចជា៖ -ការដាំដុះដោយប្រើជីធម្មជាតិ -ការប្រើប្រាស់ជីគីមី -ដាំដុះនិងធ្វើតាមរដូវ -អាជីវកម្មព្រៃឈើ -ការកាប់បំផ្លាញព្រៃឈើ -ការដុតព្រៃឈើ -ការកាប់ឈើយកទៅធ្វើអាជីវកម្ម +ការនេសាទ -ការនេសាទត្រីពេលត្រីពក -ការនេសាទដោយប្រើអគ្គិសនី -ការនេសាទហួសកម្រិត -ការនេសាទគឺជាមុខរបរប្រចាំថ្ងៃាបស់ប្រជាជន -នឹងជាអាហារប្រចាំថ្ងៃរបស់ប្រជាជន -ការនេសាទធ្វើប្រជាជនមានមុខរបររកស៊ីត្រឹមត្រូវ -ការនេសាទប្រើប្រាស់ឧបករណ៍នេសាទខុសច្បាប់ -ការបំផ្លាញជំរកត្រី -ការបកហូរទឹកចេញពី,រៀបរាប់ពីទំនាក់ទំនងនៃការដាំដុះ អាជីវកម្មព្រៃឈើ និងការនេសាទគឺប្រទេសកម្ពុជាមានការដាំដំណាំបានល្អមាន ជីវជាតិងាយស្រួលធ្វើកសិកម្មដំណាំផ្សេងៗសម្បូរទៅធម្មជាតិនិងដើមជួយជាច្រើនដែលនឹងប្រទេសកម្ពុជាយើង ព្រោះប្រទេសកម្ពុជាសម្បូរប្រព័ន្ធផ្លូវទេកនិងដីខ្ពង់រាបទាបៗហើយការនេសាទមិនទាន់មានការរីកចម្រើនទេដោយ ការចិញ្ចឹមត្រីមច្ឆាជាតិមិនទាន់មានការអភិវឌ្ឍនៅឡើយទេ។,15,5,1,0.3333333333333333,0.306640625,0,5,1,0
98,ចូរពណ៏នាពីការអភិវឌ្ឍសេដ្ឋកិច្ច សង្គម នៅកម្ពុជាពីឆ្នាំ១៩៩៣ មកទល់សព្វថ្ងៃ?,ការអភិវឌ្ឈនៅកម្ពុជា +វិស័យសេដ្ឋកិច្ច -ជួយជំរុញវិស័យកសិកម្ម ឧស្សាហកម្ម ពាណិជ្ជកម្ម ទេសចរណ៌ មានការអភិវឌ្ឈ -មានកំណើនការវិនិយោគពីឯកជនបង្កើតទុនបរទេស -មានទំនាក់ទំនងពាណិជ្ជកម្មអន្តរជាតិជាមួយអាស៊ាននិងមហាអំណាចធំៗ -មានកំណើនភ្ញៀវទេសចរណ៌ជាតិនិងអន្តរជាតិ ផ្ដល់ចំណូលដល់ប្រជាជន -កសាងហេដ្ឋារចនាសម្ព័ន្ធ មានផ្លូវថ្នល់ ស្ពានដែក កំពង់ផែ អាកាសយាន្តដ្ឋាន ដោយបំពាក់ប្រព័ន្ធទឹកភ្លើងពីទីក្រុងទៅជនបទ +វិស័យសង្គម -មានការទប់ស្កាត់សង្គ្រាម -លើកស្ទួយការគោរពសិទ្ធិមនុស្ស -ទប់ស្កាត់អំពើពុករលួយ -ធ្វើឱ្យរដ្ឋាភិបាលមានលទ្ធភាពសម្រេចផែនការនានាតាមការកំណត់ -ជួយឱ្យមានរក្សាសន្តិភាព សុខសុវត្ថិភាព -មានការអភិវឌ្ឈសាលារៀន មន្ទីរពេទ្យ -មានសមភាពយែនឌ័រក្នុងសង្គម -កម្ពុជារៀបចំកម្មវិធីធំៗថ្នាក់ជាតិ។,ការអភិវឌ្ឍនសិដ្ឋកិច្ចសង្គមកម្ពុជា1993 មកទល់សព្វថហងៃមានដូចជា +នយោបាយឈ្នះ-ឈ្នះ:  -នយោបាយឈ្នះ-ឈ្នះ បានធ្វើឲរាជរដ្ឋាភិបាលដាក់ចេញនៅយុទ្ធសាស្ត្រត្រីកោណនិងយុទ្ធសាស្ត្រវតុកោណក្នុង្រអភិវឌ្ឍសេដ្ឋកិច្ចសង្គម សមភាពយែនឌ័រ  ហិរញ្ញវុត្ថុ លុបបំបាត់អំពើពុករលួយ ការគ្រប់គ្រងធនធានធម្មជាតិប្រកបដោយចីរភាព។ +វិស័យសេដ្ឋកិច្ច: -បង្កើតទំនាក់ទំនងពាណិជ្ជកម្មអន្តរជាតិនិងជាមួយអាស៊ាន ហើយមហាអំណាចធំៗនៅលើពិភពលោក -កសិកម្មមានការរីកចម្រើនព្រោះរាជរដ្ឋាភិបាលបានយកចិត្តទុកដាក់ក្នុងការបង្កើតបករព័ន្ធធារាសាស្ត្រ -អនុវត្តសេដ្ឋកិច្ចទីផ្សារសេរីកម្ពុជាបានក្លាយជាកន្លែងទាក់ទាញវិនិយោគទុនបរទេស -ជំរុញនិងលើកទឹកចិត្តការវិនិយោគពីឯកជនបង្កើតទុនបរទេស -ជំរុញវិស័យឧស្សាហកម្មមានការរីកចម្រើនផ្នែករោងចក្រសហគ្រាសតូចធំជាពិសេសរោងចក្រវាយភ័ណ្ឌដែលជួយបង្កើតការងារ ប្រាក់ចំណូល កាត់បន្ថយភាពក្រីក្រ  និងចំណាកស្រុក -រៀបចំការបោះឆ្នោតដោយខ្ញួនឯងប្រកបដោយជោគជ័យទៅតាមលទ្ធិប្រជាធិបតេយ្យ -នៅឆ្នាំ2002-2012ប្រទេសកម្ពុជាបានក្លាយជាប្រធានអាស៊ាន -អត្រាប្ដូប្រាក់មានស្ថេរភាព -ឆ្នាំ1993មកដល់បច្ចុប្បន្នរាជរដ្ឋាភិបាលបានរៀបចំសណ្ដាប់ធ្នាប់នៅក្ហុងប្រទេសរក្សាសុខសន្តិភាព។ +វិស័យសង្គម -ធ្វើឱ្យសមទ្ធិផលជាច្រើនបានកើតឡើង -កសាងសាលារៀនគ្រប់កម្រិតថ្នាក់ពីមតេយ្យសិក្សារហូតដល់សកលវិទ្យាល័យ -កសាងមន្ទីរពេទ្យ ផ្លូវថ្នល់ ស្ពាន ស្ពានអាកាសនិងប្រព័ន្ធធារាសាស្ត្រ ដោយបំពាក់ប្រព័ន្ធទឹកភ្លើងពីទីក្រុងដល់េជនបទ។,10,10,4,1.0,0.798828125,3,8,1,2
99,តើសង្គមខ្មែរនៅសម័យអង្គរមានប៉ុន្មានវណ្ណៈ? វណ្ណៈអ្វីខ្លះ? ចូលរៀបរាប់។,សង្គមខ្មែរនៅសម័យអង្គរមានប្រាំវណ្ណៈគឺ -វណ្ណៈក្សត្រឬរាជវង្សនុវង្ស (ជាស្ដេចគ្រប់គ្រងប្រទេស -វណ្ណៈមន្ត្រី (អ្នករស់នៅក្នុងរាជវាំងបម្រើស្ដេច) -វណ្ណៈព្រាហ្ម៍ឬបុព្វជិត​(គឺជាអ្នកបួស) -វណ្ណៈអ្នកជាឬកសិករ (អ្នករស់នៅនឹងធ្វើស្រែចម្ការ) -វណ្ណៈអ្នកងារឬទាសករ(ទាសករបម្រើគេតកូនតចៅ)។,សង្គមខ្មែរនៅសម័យអង្គរមានប្រាំវណ្ណៈគឺ -វណ្ណៈក្សត្រឬរាជវង្សានុវង្ស -វណ្ណៈព្រាហ្ម -វណ្ណៈបុព្វជិត -វណ្ណៈអ្នកជា -វណ្ណៈទាសករឬអ្នកងារ។,10,5,2,0.5,0.50439453125,2,5,0,0
100,ហេតុអ្វីបានជាផ្នែកឯកជនជាកម្លាំងដ៏សំខាន់សម្រាប់វិនិយោគនិងធ្វើឲ្យមានកំណើនសេដ្ឋកិច្ចក្នុងប្រទេស?,បានជាផ្នែកឯកជនជាកម្លាំងដ៏សំខាន់សម្រាប់វិនិយោគនិងធ្វើឲ្យមានកំណើនសេដ្ឋកិច្ចក្នុងប្រទេស ព្រោះប្រទេសកម្ពុជាជាប្រទេសអភិវឌ្ឍន៍ សេដ្ឋកិច្ចទីផ្សារដោយបានធ្វើកំណែទម្រង់សហគ្រាសឧស្សាហកម្មឲ្យក្លាយទៅជាកម្មសិទ្ធិឯកជន ។ សេដ្ឋកិច្ចទីផ្សារសេរីនេះនាំឲ្យអ្នករកស៊ីបរទេសចូលចិត្តមកវិនិយោគ ហើយកាលណាផ្នែកឯកជនរឹងមាំមកវិនិយោគ ហើយកាលណាផ្នែកឯកជនមិនរឹងមាំអាចបំពេញបន្ថែមវិនិយោគនិងវិស័យសង្គមកិច្ចមានន័យថាវិស័យឯកជនស្រូបយកកម្លាំងការងារកាន់តែកើនឡើង។,បានជាផ្នែកឯកជនជាកម្លាំងដ៏សំខាន់សម្រាប់វិនិយោគ និងធ្វើឲមានកំណើនសេដ្ឋកិច្ចក្នុងប្រទេសព្រោះ៖  _ កម្ពុជាជាប្រទេសអនុវត្តសេដ្ឋកិច្ចទីផ្សាសេរីចាប់តាំងពីឆ្នាំ1993ដោយបានធ្វើកំណែទម្រង់សហគ្រាសឲក្លាយទៅជាកម្មសិទ្ធិឯកជន  _ សេដ្ឋកិច្ចទីផ្សារសេរីនេះនាំឲអ្នករកស៊ីបរទេសចូលចិត្តមកវិនិយោគ  _ កាលណាផ្នែកឯកជនរឹងមាំអាចបំពេញបន្ថែមវិនិយោគសាធារណៈក្នុងវិស័យសង្គមកិច្ច មានន័យថាវិស័យឯកជនអាចស្រូបយកកម្លាំងការងារកាន់តែច្រើនឡើង។,15,15,4,1.0,0.490234375,2,7,2,8
101,តើគេចែកយុគសម័យបុរេប្រវត្តិសាស្ត្រកម្ពុជាជាប៉ុន្មានយុគសម័យ?អ្វីខ្លះ?,គេចែកយុគសម័យបុរេប្រវត្តិសាស្ត្រកម្ពុជាជាបីយុគសម័យគឺ -យុគថ្មបំបែក (600000 - 12000 ឆ្នាំមុនគ.ស) -យុគថ្មរលីងឬសំលៀង (8000 - 2000 ឆ្នាំមុនគ.ស) -យុគលោហៈ(2000-100 ឆ្នាំមុនគ.ស)។,គេចែកយុគសម័យបុរេប្រវត្តិសាស្ត្រកម្ពុជាជាបីយុគសម័យគឺ -យុគថ្មបំបែក (600000 - 12000 ឆ្នាំមុនគ.ស) -យុគថ្មរលីងឬសំលៀង (8000 - 2000 ឆ្នាំមុនគ.ស) -យុគលោហៈ(2000-100 ឆ្នាំមុនគ.ស)។,5,5,4,1.0,0.98046875,4,5,0,0
102,តើឧស្សាហកម្មមានអ្នកតួនាទីចំពោះសេដ្ឋកិច្ចយ៉ាងដូចម្ដេច?,ឧស្សាហកម្មមានតួនាទីសម្រាប់សេដ្ឋកិច្ចជាតិដូចជា -ជួយបង្កើតប្រាក់ចំណូលចូលជាតិ -បង្កើតការងារដល់ប្រជាជន -បង្កើតប្រាក់ចំណូលចូលក្នុងគ្រួសារ -ប្រជាជនមានជីវភាពធូរធារ -ជួយរក្សាជញ្ជីងពាណិជ្ជកម្ម -ជួយបង្កើតទិន្នផលសម្រាប់ការនាំចេញនាំចូល -បង្កើននូវសង្ឃភារៈសម្រាប់ប្រើប្រាស់។,ឧស្សាហកម្មមានតួនាទីចំពោះសេដ្ឋកិច្ចជាតិដូចជាបង្កើនប្រាក់ចំណូលក្នុងប្រទេសផ្ដល់ការងារដល់ប្រជាជនក្នុងស្រុកមានអ្នកមកវិនិយោគទុនក្នុងប្រទេសនិងរោងចក្រសហគ្រាសធំមានការនាំឥវ៉ាន់ចេញពីទៅក្រៅប្រទេសច្រើនជាងនាំចូលនិងការប្រាក់ចំណូលមានរោងចក្រផលិតទំនិញនៅខ្លួនឯងធ្វើឲ្យមានការអនុវត្តក្នុងប្រទេសកម្មបន្ថយការចំណាកស្រុកទៅធ្វើការងារក្រៅប្រទេសជួយដល់ប្រព័ន្ធដំណាំកសិកម្មសម្រាប់យកមកធ្វើក្នុងឧស្សាហកម្ម។,15,15,4,1.0,0.380615234375,2,6,2,9
103,តើអាណាចក្រភ្នំមានព្រំប្រទល់ជាប់ប្រទេសណាខ្លះ?,អាណាចក្រភ្នំមានព្រំប្រទល់ជាប់ប្រទេសដូចជា -ខាងជើងជាប់ចិន -ខាងត្បូងជាឈូងសមុទ្រខ្មែរ -ខាងកើតជាប់រដ្ឋចម្ប៉ា -ខាងលិចជាប់រដ្ធមនឬភូមា។,អាណាចក្រភ្នំមានព្រំប្រទល់ជាប់ប្រទេសដូចជា -ខាងជើងជាប់ចិន -ខាងត្បូងជាឈូងសមុទ្រខ្មែរ -ខាងកើតជាប់រដ្ឋចម្ប៉ា -ខាងលិចជាប់រដ្ឋមនឬភូមា។,6,6,4,1.0,0.94775390625,4,6,0,0
104,តើគេចែកយុគសម័យបុរេប្រវត្តិសាស្ត្រកម្ពុជាជាប៉ុន្មានយុគសម័យ?អ្វីខ្លះ?,គេចែកយុគសម័យបុរេប្រវត្តិសាស្ត្រកម្ពុជាជាបីយុគសម័យគឺ -យុគថ្មបំបែក (600000 - 12000 ឆ្នាំមុនគ.ស) -យុគថ្មរលីងឬសំលៀង (8000 - 2000 ឆ្នាំមុនគ.ស) -យុគលោហៈ(2000-100 ឆ្នាំមុនគ.ស)។,គេចែកយុគសម័យបុរេប្រវត្តិសាស្ត្រកម្ពុជាជាបីយុគសម័យគឺ -យុគថ្មបំបែក (600000 - 12000 ឆ្នាំមុនគ.ស) -យុគថ្មរលីងឬសំលៀង (8000 - 2000 ឆ្នាំមុនគ.ស) -យុគលោហៈ(2000-100 ឆ្នាំមុនគ.ស)។,5,5,4,1.0,0.98046875,4,5,0,0
105,ចូរនិយាយពីកំណកាម៉ែតញី។,ការស្ថិតនៅក្រោមសារពាង្គកាយនៃពងស្វាសមានសារៈសំខាន់ដូចជាដើម្បីរក្សាសីតុណ្ហភាពឲ្យ ទាបជាងសីតុណ្ហភាពក្នុងខ្លួន ប្រហែលពី(2-3)សីតុណ្ហភាពក្នុងខ្លួន37 ។,កំណកាម៉ែតញីដំបូងកោសិកាពូជមួយរួមចំណែកពីរដងបន្តបន្ទាប់គ្នា បានកោសិកាអូវ៉ូកូរី4 ។ អូវ៉ូកូរីនីមួយៗរីកមាឌអាចជាអូវ៉ូស៊ីត1 ។អូវ៉ូស៊ីតមួយរងចំណែកមួយនៃមេយោធាហើយត្រូវបាន ឈប់គាំងនៅវគ្គប្រផ្ដាស1 ។ក្រោយមកពេលគ្រប់អូវ៉ូស៊ីតមួយបន្តធ្វើចំណែកហើយត្រូវបានបញ្ចប់ នៅរយៈពេល6ម៉ោង ។,10,5,2,0.5,0.517578125,2,5,0,0
106,ហេតុអ្វីបានជាផ្នែកឯកជនជាកម្លាំងដ៏សំខាន់សម្រាប់វិនិយោគនិងធ្វើឲ្យមានកំណើនសេដ្ឋកិច្ចក្នុងប្រទេស?,បានជាផ្នែកឯកជនជាកម្លាំងដ៏សំខាន់សម្រាប់វិនិយោគនិងធ្វើឲ្យមានកំណើនសេដ្ឋកិច្ចក្នុងប្រទេស ព្រោះប្រទេសកម្ពុជាជាប្រទេសអភិវឌ្ឍន៍ សេដ្ឋកិច្ចទីផ្សារដោយបានធ្វើកំណែទម្រង់សហគ្រាសឧស្សាហកម្មឲ្យក្លាយទៅជាកម្មសិទ្ធិឯកជន ។ សេដ្ឋកិច្ចទីផ្សារសេរីនេះនាំឲ្យអ្នករកស៊ីបរទេសចូលចិត្តមកវិនិយោគ ហើយកាលណាផ្នែកឯកជនរឹងមាំមកវិនិយោគ ហើយកាលណាផ្នែកឯកជនមិនរឹងមាំអាចបំពេញបន្ថែមវិនិយោគនិងវិស័យសង្គមកិច្ចមានន័យថាវិស័យឯកជនស្រូបយកកម្លាំងការងារកាន់តែកើនឡើង។,បានជាផ្នែកឯកជនជាកម្លាំងដ៏សំខាន់សម្រាប់វិនិយោគនិងធ្វើឪ្យមានកំណើនសេដ្ឋកិច្ចក្នុងប្រទេសព្រោះដោយសារតែ ឯកជនគឺជាមុខងារដ៏សំខាន់សម្រាប់វិនិយោគលើគ្រប់វិស័យដែលមាននៅក្នុងប្រទេសសម្រាប់ការនាំចេញនូវអ្វីដែលពួកឯកជនបានវិនិយោគយកទៅក្រៅស្រុកដើម្បីធ្វើមានកំណើនចូលមកក្នុងប្រទេសជាតិ ឯកជនជាមុខងារសំខាន់មួយដែលភ្នាក់ងារដែលអ្នកផលិតផលផ្សេងៗសម្រាប់យកពួកឯកជនមកវិនិយោគជាមួយដើម្បីនាំយកចេញទៅក្រៅស្រុកនិងជាផ្នែកមួយដ៏សំខាន់ដែលធ្វើឪ្យមានកំណើនសេដ្ឋកិច្ចក្នុងប្រទេសជាតិ។,15,8,2,0.5333333333333333,0.6162109375,2,9,0,1
107,តើអាណាចក្រភ្នំមានព្រំប្រទល់ជាប់ប្រទេសណាខ្លះ?,អាណាចក្រភ្នំមានព្រំប្រទល់ជាប់ប្រទេសដូចជា -ខាងជើងជាប់ចិន -ខាងត្បូងជាឈូងសមុទ្រខ្មែរ -ខាងកើតជាប់រដ្ឋចម្ប៉ា -ខាងលិចជាប់រដ្ធមនឬភូមា។,អាណាចក្រភ្នំមានព្រំប្រទល់ជាប់ប្រទេសដូចជា -ខាងជើងជាប់ឈូងសមុទ្រចិន -ខាងត្បូងជាប់ឈូងសមុទ្រនគរ -ខាងកើតជាប់រដ្ឋចម្ប៉ា -ខាងលិចជាប់ភូមា។,6,6,4,1.0,0.94775390625,4,6,0,0
108,តើឧស្សាហកម្មមានតួនាទីដូចម្ដេចខ្លះចំពោះសេដ្ឋកិច្ចជាតិ?,ឧស្សាហកម្មមាន​តួនាទីចំពោះសេដ្ឋកិច្ចជាតិដូចជា ៖ ​ _ ជួយបង្កើតថវិការជាតិ ​ _ ជួយបង្កើតទិន្នផលជាតិ ​​ _ ជួយឲ្យសេដ្ឋកិច្ចជាតិរីកចម្រើន  _ ប្រជាជនសំបូរធូរធារ  _អភិវឌ្ឍគ្រប់វិស័យ  _ មានទំនាក់ទំនងល្អជាមួយអ្នកជិតខាង  _ មានភាពរុងរឿងនៅក្នុងប្រទេសជាតិ។,ឧស្សាហកម្មមានតួនាទីចំពោះសេដ្ឋកិច្ចជាតិដូចជា -ផ្តល់ចំណូលសេដ្ឋកិច្ចជាតិ -ផ្តល់កាងារឲ្យប្រជាជនធ្វើ -ផ្ដល់ចំណូលដល់សេដ្ឋកិច្ចជាតិមាន២៤.៨%ឆ្នាំ២០០៨ -ផ្ដល់ប្រាក់ចំណូលដល់គ្រួសារ -ប្រជាជនកាត់បន្ថយភាពក្រីក្រ -ផ្ដល់អាហារជាច្រើនដល់ប្រជាជនដើម្បីផ្គត់ផ្គង់ដល់គ្រួសារ -ប្រទេសជាតិកាត់បន្ថយការនាំចូល -ប្រទេសជាតិបាននាំទំនិញចេញក្រៅ ប្រទេស -កាត់បន្ថយការប្រើប្រាស់របស់នាំចូល  -នាំទំនិញចេញក្រៅប្រទេសធ្វើឲ្យប្រទេសឲ្យធ្វើឲ្យសេដ្ឋកិច្ចជាតិកើនឡើង -កាត់បន្ថយការនាំចូលពីបរទេស។,15,15,4,1.0,0.8994140625,4,13,0,2
109,តើសេដ្ឋកិច្ចកម្ពុជាពឹងផ្អែកលើវិស័យអ្វីជាសំខាន់?     ក/ ហេតុអ្វីបានជាគេនិយាយថាកម្ពុជាជាប្រទេសកសិកម្ម?     ខ/ តើគេចែកកសិករជាប៉ុន្មានប្រភេទ?អ្វីខ្លះ?,សេដ្ឋកិច្ចកម្ពុជាពឹងផ្អែកលើវិស័យកសិកម្មជាសំខាន់។   ក/ បានជាគេនិយាយថាកម្ពុជាជាប្រទេសឧស្សាហកម្មព្រោះ៖  _  សណ្ឋានដី : ដីមានជីវជាតិល្អនិងសម្បូរទំនាបល្បាប់   _ ផ្លូវទឹក : ផ្លូវទឹកខ្វាត់ខ្វែងងាយស្រួលដល់ការដាំដុះ  _ ប្រជាជន : ប្រជាជនខ្មែរភាគច្រើនចូលចិត្តធ្វើកសិកម្ម  _ អាកាសធាតុ : ទទួលអាកាសធាតុក្តៅសើម  _ កសិកម្មផ្តល់ផល50%នៃផលិតផលជាតិសរុប។  ខ/ គេចែកកសិករទាំងនោះជា4ប្រភេទគឺ៖  _ កសិករធ្វើស្រែឬអ្នកស្រែ : និយមធ្វើស្រែ ស្រូវប្រាំង ស្រូវវស្សា ស្រូវឡើងទឹក  _ កសិករតំបន់ដីខ្ពស់ : គេដាំដំណាំជាអចិន្ត្រៃយ៍(ពោត ដំឡូង ចេក កៅស៊ូសណ្តែក)  _ កសិករធ្វើចម្ការដំណាំស្រូវ : គេដាំដំណាំតាមមាត់ទន្លេ ចិញ្ចឹមសត្វនិងនេសាទ  _ កសិករភូមិភាគឦសាន: គេធ្វើដំណាំព្រៃដុតមានដូចជាពោត ដំឡូង ស្រូវរុក្ខជាតិយកមើមដទៃទៀត និងបរបាញ់សត្វផងដែរ។,សេដ្ឋកិច្ចជាតិផ្អែកលើវិស័យកសិកម្មជាសំខាន់ព្រោះវិស័យនេះសំខាន់ដល់ជាតិដូចជា៖  -មានលក្ខណៈអនុគ្រោះដល់អ្នកវិភាគវិស័យនេះពោលគឺសម្បូរទៅដោយឡែក រាបនិងខ្ពស់រាបស្មើប្រកបដោយក្តីជីវជាតិល្អសម្រាប់ការដាំដុះការចិញ្ចឹមសត្វនិងព្រៃឈើ -កម្ពុជាឋិតនៅក្នុង តំបន់ត្រូពិកដែលអាកាសធាតុ នឹងខ្យល់ហើយទទួលបានពីខ្យល់មូសុងមានភ្លៀងធ្លាក់ច្រើននិងមានកម្ដៅគ្រប់គ្រាន់ សម្រាប់ដាំដុះចិញ្ចឹមសត្វនិងនេសាទ -វិស័យនេះផ្ដល់ជូនការងារប្រជាជនជាច្រើន ជាប្រភពស្បៀងអាហារជាប្រភពនៃវត្ថុធាតុដើមសម្រាប់ឧស្សាហកម្មក្នុងស្រុកនិងដើមចេញ ច្រើនជាងគេ -ការកាត់បន្ថយអត់ការងារធ្វើរបស់ប្រជាជន -ការកាត់បន្ថយភាពក្រក្រី ប្រជាជន  -គេបែកចែកកសិករ ទាំងនោះជាបួនប្រភេទកសិករ។  ដំណាំស្រូវកសិករស្រែចម្ការការ ដំណាំពោតសណ្តែក -ដំណាំចេញផលទៅលក់នៅទីផ្សារ -ការដាំដំណាំដោយធម្មជាតិគ្មានប្រើប្រាស់ជីគីមី -កសិករធ្វើស្រែចម្ការនេះមិនសំដៅទៅលើកសិករដែលធ្វើដំណាំស្រូវទេនោះគឺសំដៅទៅលើការដាំដំណាំហូបផ្លែ នាំចេញផលិតផលទៅក្រៅស្រុក +កសិករដំណាំស្រូវ -ការដាំដំណាំស្រូបយកអង្ករ -គ្រួសារខ្លះធ្វើស្រូវដាំសម្រាប់ផ្គត់ផ្គង់គ្រួសារតែគ្រួសារខ្លះទៀតធ្វើស្រូវសម្រាប់លក់ខ្លះនិងទុកហូបខ្លះ -ការដាំស្រូវជាតម្រូវការរបស់ប្រជាជនខ្មែរទាំងអស់។,20,20,4,1.0,0.6591796875,3,13,1,7
110,សេដ្ឋកិច្ចកម្ពុជាពឹងផ្អែកលើវិស័យកសិកម្មជាសំខាន់៖ ​ក.​ ហេតុអ្វីបានជាគេនិយាយថាកម្ពុជាជាប្រទេសកសិកម្ម? ខ. តើគេចែកកសិករទាំងនោះជាប៉ុន្មានប្រភេទ?,សេដ្ឋកិច្ចកម្ពុជាបានផ្អែកលើវិស័យកសិកម្មជាសំខាន់៖ ក​. បានជាគេនិយាយថាប្រទេសកម្ពុជាជាប្រទេសកសិកម្មដោយសារ -ផ្ទៃដីនៅប្រទេសកម្ពុជាប្រហែល៩០ភាគរយសិតតែដំណាំស្រូវ -ប្រជាជនកកម្ពុជា ៧០.៣ភាគរយធ្វើកសិកម្ម -កសិកម្មជួយឲ្យប្រជាជនកម្ពុជាមានការងារធ្វើ -ប្រជាជននិយមធ្វើកសិកម្ម -ដីនៅកម្ពុជាប្រកបជាមួយកាធ្វើកសិកម្ម -កម្ពុជាមានអាកាសធាតុសមស្របសម្រាប់ធ្វើកសិកម្ម ខ. គេចែកកសិកម្មទាំងនោះជាពីរប្រភេទ៖ +កសិករខ្នាតតូច -ធ្វើកសិកម្មដើម្បីជីវិត -ធ្វើលក្ខណៈតិចតួច ទុកតែបរិភោគសម្រាប់គ្រួសារ -មិនលក់ឲ្យអ្នកណា +កសិករខ្នាតធំ -ធ្វើកសិកម្មច្រើនហើយទុកសម្រាប់លក់ឬនាំចេញទៅក្រៅប្រទេស -ធ្វើមួយឆ្នាំអាចទៅពីរលើក -ធ្វើលក្ខណៈច្រើន ដើម្បីលក់និងនាំចេញ។,សេដ្ឋកិច្ចកម្ពុជាបានផ្អែកលើវិស័យកសិកម្មជាសំខាន់៖ ក. បានជាគេនិយាយថាប្រទេសកម្ពុជាជាប្រទេសកសិកម្មព្រោះ៖ -ប្រទេសកម្ពុជាជាប្រទេសសម្បូរទៅដោយដីមានជីវជាតិ -អ្នករកស៊ីកសិកម្ម -កម្ពុជាជាប្រទេសដែលពឹងផ្អែកលើវិស័យកសិកម្ម -ការដាំដំណាំ ស្រូវ ម្ទេស ម្រិច ចម្ការកៅស៊ូ ដូងប្រេង ត្នោត... -កម្ពុជាជាប្រទេសដែលមានដី ទឹកល្អ ធ្វើកសិកម្មបាន -ទទួលផលបានច្រើន និងលក់បានជាច្រើនកុះករ -លក់បានតាមបណ្តាលខេត្ត​ ភូមិ ឬប្រទេសជិតខាងផងដែរ -ដីល្អ ជីមានគុណភាព -ប្រជាជនប្រកបមុខរបរកសិកម្មច្រើនគ្រួសារ -សេដ្ឋកិច្ចមានប្រាក់កំចៃគ្រប់គ្រាន់​ -គ្រួសារអាចចិញ្ចឹមកូនអាចឲ្យកូនជួយធ្វើកសិកម្ម ខ. គេចែកកសិកម្មទាំងនោះជា​ ៣ ប្រភេទ។ មានដូចជាៈ កសិករអចិន្ទ្រៃយ៍ កសិករនៅលើភ្នំចិន្ទ្រៃយ៍ភាគច្រើនដាំស្រូវរដូវវស្សា។,15,8,2,0.5333333333333333,0.62744140625,2,9,0,1
111,ហេតុអ្វីបានជាមនុស្សស្រូបយកខ្យល់ដែលមានកាបូនម៉ណូអុកស៊ីតអាចបង្កគ្រោះថ្នាក់ដល់ស្លាប់បាន?,បានជាមនុស្សស្រូបយកខ្យល់ដែលមានកាបូនម៉ូណូអុកស៊ីដអាចបង្កឲ្យមានគ្រោះថ្នាក់ដល់ស្លាប់ បានព្រោះកាបូនម៉ូណូអុកស៊ីដមានសមត្ថភាពចាប់យក ក្នុងឈាមបានខ្លាំងជាងអុកស៊ីសែន វារារាំងឈាមមិនឲ្យដឹកនាំអុកស៊ីសែនទៅចិញ្ចឹមសរីរាង្គជាពិសេសខួរក្បាលដែលបណ្តាលឲ្យ ស្លាប់និង សន្លប់ ។,បានជាមនុស្សស្រូបយកខ្យល់ដែលមានកាបូនម៉ូណូអុកស៊ីដអាចបង្កឲ្យមានគ្រោះថ្នាក់ដល់ស្លាប់បាន ព្រោះកាបូនម៉ូណូអុកស៊ីដមានសមត្ថភាពចាប់យក ក្នុងឈាមបានខ្លាំងជាងអុកស៊ីសែនវារារាំង ឈាមមិនឲ្យដឹកនាំអុកស៊ីសែនទៅចិញ្ចឹមសរីរាង្គជាពិសេសខួរក្បាលដែលបណ្តាលឲ្យស្លាប់និង សន្លប់ ។,5,4,3,0.8,0.7529296875,3,4,0,0
112,ហេតុអ្វីបានជាមនុស្សស្រូបយកខ្យល់ដែលមានកាបូនម៉ណូអុកស៊ីតអាចបង្កគ្រោះថ្នាក់ដល់ស្លាប់បាន?,បានជាមនុស្សស្រូបយកខ្យល់ដែលមានកាបូនម៉ូណូអុកស៊ីដអាចបង្កឲ្យមានគ្រោះថ្នាក់ដល់ស្លាប់ បានព្រោះកាបូនម៉ូណូអុកស៊ីដមានសមត្ថភាពចាប់យក ក្នុងឈាមបានខ្លាំងជាងអុកស៊ីសែន វារារាំងឈាមមិនឲ្យដឹកនាំអុកស៊ីសែនទៅចិញ្ចឹមសរីរាង្គជាពិសេសខួរក្បាលដែលបណ្តាលឲ្យ ស្លាប់និង សន្លប់ ។,បានជាមនុស្សស្រូបយកខ្យល់ដែលមាន កាបូនម៉ូណូអុកស៊ីដអាចបង្កគ្រោះថ្នាក់ដល់ស្លាប់បានព្រោះ វាជាខ្យល់ពុលដែលមានពោរពេញដោយបរិយាកាសជុំវិញខ្លួន ។,5,2,2,0.4,0.603515625,2,3,0,1
113,តើការស្ថិតនៅក្រៅសារពាង្គកាយនៃពងស្វាសមានសារៈសំខាន់ដូចម្តេច?,ការស្ថិតនៅក្រោមសារពាង្គកាយនៃពងស្វាសមានសារៈសំខាន់ដូចជាដើម្បីរក្សាសីតុណ្ហភាពឲ្យ ទាបជាងសីតុណ្ហភាពក្នុងខ្លួន ប្រហែលពី(2-3)សីតុណ្ហភាពក្នុងខ្លួន37 ។,ការស្ថិតនៅក្រោមសារពាង្គកាយនៃពងស្វាសមានសារៈសំខាន់ក្នុងការផលិតអរម៉ូនភេទឈ្មោលនិង បង្កើតស្ពែម៉ាតូសូអ៊ីត ។,10,3,1,0.3,0.25732421875,0,3,1,0
114,ហេតុអ្វីបានជាប្រទេសកម្ពុជាពឹងផ្អែកទៅលើវិស័យកសិកម្ម?,បានជាផ្នែកឯកជនជាកម្លាំងដ៏សំខាន់សម្រាប់កំណើនសេដ្ឋកិច្ចកម្ពុជាព្រោះ -កម្ពុជាបានអនុវត្តសេដ្ឋកិច្ចទីផ្សារសេរីដោយបានធ្វើកំណែទម្រង់ពីសហគ្រាសរដ្ឋឲ្យក្លាយទៅជាកម្មសិទ្ធិឯកជន -សេដ្ឋកិច្ចទីផ្សារសេរីនាំឲ្យអ្នករកស៊ីចូលចិត្តមករកស៊ីនិងដាក់វិនិយោគទុន -កាលណាភ្នែកឯកជនរឹងមាំអាចជួយបំពេញបន្ថែមលើវិនិយោគសាធារណៈក្នុងវិស័យសេដ្ឋកិច្ចគឺផ្នែកឯកជនអាចស្រូបយកកម្លាំងពលកម្មកើនឡើង។,បានជាផ្នែកឯកជនជាកម្លាំងដ៏សំខាន់សម្រាប់វិនិយោគពីព្រោះដើម្បីលើកកម្ពស់ជីវភាពនិងសុខមាលភាពរបស់ប្រជាជនងាយស្រួលប្រើប្រាស់ការរស់នៅបានល្អប្រសើរជាងមុនជាផុតពីជំងឺផ្សេងៗជាជំងឺរកអាសន្នរូបរលាកថ្លើមគ្រុនពោះវៀនជំងឺសើរស្បែកជំងឺមហារីកជាដើម។,15,2,1,0.1333333333333333,0.368408203125,1,6,0,4
115,តើព្រះអង្គឌួងមានស្នាព្រហស្ថអ្វីខ្លះចំពោះប្រទេសជាតិនិងប្រជារាស្ត្រខ្មែរ?,ព្រះបាទអង្គឌួងមានស្នាព្រហស្តដូចជាផ្នែករដ្ឋបាលរៀបចំប្រព័ន្ធរដ្ឋបាលនិងច្បាប់ទម្លាប់ស្ដារឡើងវិញមានរបៀបផ្នែកសេដ្ឋកិច្ចលើកស្ទួយវិស័យកសិកម្មជួសជុលប្រព័ន្ធ សេះនិងពាណិជ្ជកម្ម ភ្នែកបរទេសស្វែងរកជំនួយពីបារាំងដើម្បីទប់ទល់នឹងការត្រួតត្រាយួននិងសៀម ផ្នែកវប្បធម៌លើកស្ទួយវប្បធម៌អក្សរសាស្ត្រខ្មែរនិង សាសនា កត្តាផ្ទៃក្នុង ការបែកបាក់រាជវង្សានុវង្សបែកបាក់សាមគ្គី។,ព្រះបាទអង្គឌួងមានស្នាព្រហស្តចំពោះប្រទេសជាតិនិងប្រជារាស្ត្រខ្មែរ ព្រះអង្គការពារដីពីពួកចោរសៀមនិងយួន កសាងក្រុងឧដុង្គកំពង់ផែកំពតកំពង់ផែថៃកំពង់ផែហ្វួងនិងកសាងផ្លូវគមនាគមន៍ កសាងវប្បធម៌ខ្មែរវត្តអារាមសាលារៀនសាកលវិទ្យាល័យអក្សរសាស្ត្រខ្មែរកំណាព្យច្បាប់ស្ដី រៀបចំរដ្ឋបាលស្រុកទេស ច្បាប់ទម្លាប់ហាមនេសាទត្រី ល្មើសច្បាប់ដាក់ទណ្ឌកម្មដល់អ្នកនាងភៀនស្រាល្បែង។,15,15,4,1.0,0.89404296875,4,13,0,2
116,តើឧស្សាហកម្មមានតួនាទីចំពោះសេដ្ឋកិច្ចជាតិយ៉ាងដូចម្ដេច?,ឧស្សាហកម្មមានតួនាទីសម្រាប់សេដ្ឋកិច្ចជាតិដូចជា -ជួយបង្កើតប្រាក់ចំណូលចូលជាតិ -បង្កើតការងារដល់ប្រជាជន -បង្កើតប្រាក់ចំណូលចូលក្នុងគ្រួសារ -ប្រជាជនមានជីវភាពធូរធារ -ជួយរក្សាជញ្ជីងពាណិជ្ជកម្ម -ជួយបង្កើតទិន្នផលសម្រាប់ការនាំចេញនាំចូល -បង្កើននូវសង្ឃភារៈសម្រាប់ប្រើប្រាស់។,ឧស្សាហកម្មមានតួនាទីចំពោះសេដ្ឋកិច្ចជាតិដូចជា៖ -ការធ្វើស្រែចម្ការលក់ -ការបង់ពន្ធផ្លូវ រថយន្ត របស់ផ្សេងៗ -ការលក់ដូរ -ការចិញ្ចឹមសត្វ (គោ ជ្រូក មាន់ ទា) -ការដឹកជញ្ចូនវត្ថុធាតុមានតម្លៃទៅលក់នៅក្រៅប្រទេស -ការនាំចេញនាំចូលផលិតផលចេញចូលទាំងក្នុងស្រុកនិងក្រៅស្រុក -ភ្ញៀវទេសចរណ៍ចូលលេងក្នុងស្រុក​​ -ការកសាងជាតិ (ផ្ទះ អគារ ហេដ្ឋារចនាសម្ព័ន...) -ការកម្មង់អីវ៉ាន់ពីក្រៅស្រុក។,15,15,4,1.0,0.939453125,4,14,0,1
117,ចូររៀបរាប់អំពីទំនាក់ទំនងរវាងការដាំដុះអាជីវកម្មព្រៃឈើនិងនេសាទ។,ទំនាក់ទំនងរវាង ការដាំដុះអាជីវកម្មព្រៃឈើ និងការនេសាទ៖  _ ការដាំដុះអាជីវកម្មព្រៃឈើ និងការនេសាទ ជាភោគទ្រព្យយ៉ាងសំខាន់សម្រាប់ប្រជាជនក្នុងការទ្រទ្រង់ក្នុងជីវភាពរស់នៅនិងការអភិវឌ្ឍន៍ប្រទេសជាតិ   _ ដើម្បីបំពេញតម្រូវការក្នុងកសិកម្មផលិតកម្មនិងត្រូវការផ្សេងៗ មនុស្សនាំគ្នាកាប់ព្រៃឈើដើម្បីធ្វើអាជីវកម្មព្រៃឈើជាមូលហេតុធ្វើឲ្យអាកាសធាតុប្រែប្រួលប៉ះពាល់ដល់ជីវិតមនុស្ស សត្វ និងរុក្ខជាតិ  ​ _ អតិផលនៃប្រព័ន្ធកសិកម្ម នាំឲ្យមានកំណើននៃការប្រើប្រាស់គីមីនិងថ្នាំសម្លាប់សត្វល្អិត។ ជីគីមី និងថ្នាំសម្លាប់សត្វល្អិត ទាំងនោះហូរទៅផ្ដុំគ្នានៅតាមផ្លូវទឹកនានា បំផ្លាញជីវិតសត្វនិងពូជធម្មជាតិ។,ទំនាក់ទំនងការដាំដុះ ៖ ​ _ ការដាំដុះ : កាប់ដីដើម្បីដាំបន្លែ ធ្វើកសិកម្មដាំដុះផ្លែឈើ ធ្វើស្រែចម្ការ ការប្រមូលទិន្នផល ការជាយកកៅស៊ូ  _ អាជីវកម្មព្រៃឈើ : ការយកឬកាប់ឈើទៅលក់ យកឈើទៅធ្វើឬសាងសង់ផ្ទះ ធ្វើអាជីវកម្មព្រៃឈើយកលក់ កាប់ព្រៃឈើដើម្បីធ្វើរោងចក្រជាដើម ដូចជាធ្វើគ្រឿងសង្ហាររឹម( តុ កៅអី គ្រឿងវត្ថុអីជាដើម)  _ ការនេសាទ : ការនេសាទគែការចាប់ត្រីយកលក់ រស់នៅភាពប្រចាំថ្ងៃនៃការនេសាទ រស់នៅដោយពឹងផ្អែកនៅលើការនេសាទ យកត្រីទៅធ្វើអាជីវកម្មលក់ដូរមិនថាទឹកសាប ឬ ទឹកប្រៃ។,15,5,1,0.3333333333333333,0.50439453125,2,8,1,3
118,តើឧស្សាហកម្មមានតួនាទីដូចម្ដេចខ្លះចំពោះសេដ្ឋកិច្ចជាតិ?,ឧស្សាហកម្មមាន​តួនាទីចំពោះសេដ្ឋកិច្ចជាតិដូចជា ៖ ​ _ ជួយបង្កើតថវិការជាតិ ​ _ ជួយបង្កើតទិន្នផលជាតិ ​​ _ ជួយឲ្យសេដ្ឋកិច្ចជាតិរីកចម្រើន  _ ប្រជាជនសំបូរធូរធារ  _អភិវឌ្ឍគ្រប់វិស័យ  _ មានទំនាក់ទំនងល្អជាមួយអ្នកជិតខាង  _ មានភាពរុងរឿងនៅក្នុងប្រទេសជាតិ។,ឧស្សាហកម្មមានតួនាទីចំពោះសេដ្ឋកិច្ចជាតិដូចជា ៖ _ ជួយបង្កើនប្រាក់ចំណូលជូនជាតិ23.8% ឆ្នាំ2008 _ បង្កើតការងារជូនប្រជាជន  _ បង្កើតប្រាក់ចំណូលក្នុងគ្រួសារ  _ ប្រជាជនមានជីវភាពធូរធារ _ ជួយរក្សាលំនឹងជញ្ជីងពាណិជ្ជកម្ម  _ ផ្ដល់ផលិតផលសម្រាប់ប្រើប្រាស់។,15,15,4,1.0,0.94189453125,4,14,0,1
119,តើអាណាចក្រភ្នំមានព្រំប្រទល់ជាប់ប្រទេសណាខ្លះ?,អាណាចក្រភ្នំមានព្រំប្រទល់ជាប់ប្រទេសដូចជា -ខាងជើងជាប់ចិន -ខាងត្បូងជាឈូងសមុទ្រខ្មែរ -ខាងកើតជាប់រដ្ឋចម្ប៉ា -ខាងលិចជាប់រដ្ធមនឬភូមា។,អាណាចក្រភ្នំមានព្រំប្រទល់ជាប់ប្រទេសដូចជា -ខាងជើងជាប់ចិន -ខាងត្បូងជាឈូងសមុទ្រខ្មែរ -ខាងកើតជាប់រដ្ឋចម្ប៉ា -ខាងលិចជាប់រដ្ឋមនឬភូមា។,6,6,4,1.0,0.94775390625,4,6,0,0
120,តើឧស្សាហកម្មមានតួនាទីដូចម្ដេចខ្លះចំពោះសេដ្ឋកិច្ចជាតិ?,ឧស្សាហកម្មមាន​តួនាទីចំពោះសេដ្ឋកិច្ចជាតិដូចជា ៖ ​ _ ជួយបង្កើតថវិការជាតិ ​ _ ជួយបង្កើតទិន្នផលជាតិ ​​ _ ជួយឲ្យសេដ្ឋកិច្ចជាតិរីកចម្រើន  _ ប្រជាជនសំបូរធូរធារ  _អភិវឌ្ឍគ្រប់វិស័យ  _ មានទំនាក់ទំនងល្អជាមួយអ្នកជិតខាង  _ មានភាពរុងរឿងនៅក្នុងប្រទេសជាតិ។,ឧស្សាហកម្មមានតួនាទីចំពោះសេដ្ឋកិច្ចជាតិដូចជា -ផ្តល់ចំណូលសេដ្ឋកិច្ចជាតិ -ផ្តល់កាងារឲ្យប្រជាជនធ្វើ -ផ្ដល់ចំណូលដល់សេដ្ឋកិច្ចជាតិមាន២៤.៨%ឆ្នាំ២០០៨ -ផ្ដល់ប្រាក់ចំណូលដល់គ្រួសារ -ប្រជាជនកាត់បន្ថយភាពក្រីក្រ -ផ្ដល់អាហារជាច្រើនដល់ប្រជាជនដើម្បីផ្គត់ផ្គង់ដល់គ្រួសារ។,15,5,1,0.3333333333333333,0.9462890625,4,14,3,9
121,តើកត្តាអ្វីខ្លះដែលធ្វើអោយសម័យអង្គររីកចម្រើនដល់កំពូល?​ ចូលរៀបរាប់។,កត្តាដែលធ្វើអោយសម័យអង្គររីកចម្រើនគឺ: កត្តាព្រះរាជា:ព្រះរាជាចាប់ពីព្រះបាទជ័យវរ្ម័នទី 2 រហូតដល់ព្រះបាទជ័យវរ្ម័នទី 7 សុទ្ធតែជាស្ដេចខ្លាំងពូកែ កត្តានយោបាយ: នយោបាយក្នុងប្រទេសបង្រួបបង្រួមជាតិកសាងនិងការពារទឹកដី នយោបាយក្រៅប្រទេស:ចងសម្ព័ន្ធមិត្តជាមួយប្រទេសធំៗវាយយករដ្ឋតូចដាក់ជាចំណុះ កត្តាសេដ្ឋកិច្ច:រីកចម្រើនលើវិស័យកសិកម្មសិប្បកម្មគណនាគម កត្តាសាសនា:ការឯកភាពគ្នារវាងសាសនាព្រាហ្មនិងព្រះពុទ្ធ កត្តាធនធានមនុស្សបន្សល់ទុកតាំងពីសម័យនគរភ្នំនិងចេនឡាមក។,កត្តាដែលធ្វើអោយសម័យអង្គររីកចម្រើនគឺ: .កត្តាព្រះរាជា:ព្រះរាជាចាប់ពីព្រះបាទជ័យវរ្ម័នទី 2 រហូតដល់ព្រះបាទជ័យវរ្ម័នទី 7 សុទ្ធសឹងតែជាស្ដេចខ្លាំងពូកែ .កត្តានយោបាយ: +នយោបាយក្នុងប្រទេស:បង្រួបបង្រួម​ កសាង និងការពារ។ +នយោបាយក្រៅប្រទេស:ចងសម្ព័ន្ធមិត្តជាមួយប្រទេសធំៗដូចជាចិននិងឥណ្ឌា និងវាយយករដ្ឋតូចដាក់ជាចំណុះ .កត្តាសេដ្ឋកិច្ច:ការរីកចម្រើនលើវិស័យកសិកម្ម សិប្បកម្ម គណនាគមន៍ .កត្តាសាសនា:មានការឯកភាពគ្នារវាងសាសនាព្រាហ្មនិងព្រះពុទ្ធ .កត្តាធនធានមនុស្សបន្សល់ទុកតាំងពីសម័យនគរភ្នំនិងចេនឡាមក។,10,10,4,1.0,0.96923828125,4,10,0,0
122,តើសង្គមខ្មែរនៅសម័យអង្គរមានប៉ុន្មានវណ្ណៈ? វណ្ណៈអ្វីខ្លះ? ចូលរៀបរាប់។,សង្គមខ្មែរនៅសម័យអង្គរមានប្រាំវណ្ណៈគឺ -វណ្ណៈក្សត្រឬរាជវង្សនុវង្ស (ជាស្ដេចគ្រប់គ្រងប្រទេស -វណ្ណៈមន្ត្រី (អ្នករស់នៅក្នុងរាជវាំងបម្រើស្ដេច) -វណ្ណៈព្រាហ្ម៍ឬបុព្វជិត​(គឺជាអ្នកបួស) -វណ្ណៈអ្នកជាឬកសិករ (អ្នករស់នៅនឹងធ្វើស្រែចម្ការ) -វណ្ណៈអ្នកងារឬទាសករ(ទាសករបម្រើគេតកូនតចៅ)។,សង្គមខ្មែរនៅសម័យអង្គរមានប្រាំវណ្ណៈគឺ -វណ្ណៈក្សត្រឬរាជវង្សានុវង្ស -វណ្ណៈមន្ត្រី -វណ្ណៈបុព្វជិត -វណ្ណៈអ្នកជា -វណ្ណៈទាសករនិងអ្នកងារ។,10,5,2,0.5,0.50439453125,2,5,0,0
123,តើសេដ្ឋកិច្ចកម្ពុជាពឹងផ្អែកលើវិស័យអ្វីជាសំខាន់?     ក/ ហេតុអ្វីបានជាគេនិយាយថាកម្ពុជាជាប្រទេសកសិកម្ម?     ខ/ តើគេចែកកសិករជាប៉ុន្មានប្រភេទ?អ្វីខ្លះ?,សេដ្ឋកិច្ចកម្ពុជាពឹងផ្អែកលើវិស័យកសិកម្មជាសំខាន់។   ក/ បានជាគេនិយាយថាកម្ពុជាជាប្រទេសឧស្សាហកម្មព្រោះ៖  _  សណ្ឋានដី : ដីមានជីវជាតិល្អនិងសម្បូរទំនាបល្បាប់   _ ផ្លូវទឹក : ផ្លូវទឹកខ្វាត់ខ្វែងងាយស្រួលដល់ការដាំដុះ  _ ប្រជាជន : ប្រជាជនខ្មែរភាគច្រើនចូលចិត្តធ្វើកសិកម្ម  _ អាកាសធាតុ : ទទួលអាកាសធាតុក្តៅសើម  _ កសិកម្មផ្តល់ផល50%នៃផលិតផលជាតិសរុប។  ខ/ គេចែកកសិករទាំងនោះជា4ប្រភេទគឺ៖  _ កសិករធ្វើស្រែឬអ្នកស្រែ : និយមធ្វើស្រែ ស្រូវប្រាំង ស្រូវវស្សា ស្រូវឡើងទឹក  _ កសិករតំបន់ដីខ្ពស់ : គេដាំដំណាំជាអចិន្ត្រៃយ៍(ពោត ដំឡូង ចេក កៅស៊ូសណ្តែក)  _ កសិករធ្វើចម្ការដំណាំស្រូវ : គេដាំដំណាំតាមមាត់ទន្លេ ចិញ្ចឹមសត្វនិងនេសាទ  _ កសិករភូមិភាគឦសាន: គេធ្វើដំណាំព្រៃដុតមានដូចជាពោត ដំឡូង ស្រូវរុក្ខជាតិយកមើមដទៃទៀត និងបរបាញ់សត្វផងដែរ។,សេដ្ឋកិច្ចជាតិផ្អែកលើវិស័យកសិកម្មជាសំខាន់ព្រោះវិស័យនេះសំខាន់ដល់ជាតិដូចជា៖  • ព្រោះកម្ពុជាជាប្រទេសកសិកម្មព្រោះ៖  • សណ្ឋានដី៖ ប្រទេសកម្ពុជាស្ថិតនៅតំបន់ដែលអំណោយផលដល់ការដាំដុះដំណាំ  • ប្រទេសកម្ពុជាមានកម្លាំងពលកម្មប្រហែល ៧០-៨០% ជាអ្នកធ្វើស្រែ  • ប្រទេសកម្ពុជាស្ថិតនៅតំបន់មេគង្គក្រោមដែលមានប្រភពទឹកសម្រាប់ដាំដុះច្រើនមានទន្លេមេគង្គ ទន្លេសាប និងបឹងបួរផ្សេងៗ  • ជាប្រភពម្ហូបអាហារសម្រាប់មនុស្សគ្រប់រូប  • កាត់បន្ថយភាពអត់ការងារ  • កាត់បន្ថយភាពក្រីក្ររបស់ប្រជាជន  • ជាវត្ថុធាតុដើមសម្រាប់ប្រើក្នុងឧស្សាហកម្ម  • ជាឧស្សាហកម្មសម្រាប់នាំចេញ  • កសិកម្មជួយបង្កើតផ្ទៃបៃតងខ្ចីស្រស់បំព្រងមានសោភ័ណភាព  • ងាយស្រួលក្នុងការធ្វើផលិតកម្ម  • មានទីផ្សារស្រាប់  • ការនាំចេញ៖  ◦ ងាយស្រួលដឹកជញ្ជូន  ◦ មានតម្រូវការទីផ្សារច្រើន  ◦ ងាយស្រួលក្នុងការនាំចេញ។,20,12,2,0.6,0.63623046875,2,13,0,1
124,តើប្រព័ន្ធផលិតកម្មកសិកម្មនៅក្នុងប្រទេសកម្ពុជាមានអ្វីខ្លះ?ចូររៀបរាប់​ ។,ប្រព័ន្ធផលិតកម្មកសិកម្មនៅប្រទេសកម្ពុជាមាន៖    _ ដំណាំ : ដំណាំស្រូវ ដំណាំកៅស៊ូ ដំណាំផ្សេងៗទៀត    _ ការចិញ្ចឹមសត្វ : ការចិញ្ចឹមសត្វលើគោក ការចិញ្ចឹមសត្វក្នុងទឹក    _ ការនេសាទ : ការនេសាទទឹកសាប ការនេសាទទឹកប្រៃ  _ ព្រៃឈើ : ផលិតផលឈើ អនុផលព្រៃឈើ(រកឃ្មុំ ជ័រទឹក វល្លិ៍ ផ្តៅ) សត្វព្រៃ ។,ប្រព័ន្ធផលិតកម្មកសិកម្មនៅប្រទេសកម្ពុជាមាន៖    _ ដំណាំ : ដំណាំស្រូវ ដំណាំកៅស៊ូ ដំណាំផ្សេងៗទៀត    _ ការចិញ្ចឹមសត្វ : ការចិញ្ចឹមសត្វលើគោក ការចិញ្ចឹមសត្វក្នុងទឹក    _ ការនេសាទ : ការនេសាទទឹកសាប ការនេសាទទឹកប្រៃ,10,7,3,0.7,0.85205078125,3,9,0,2
125,តើប្រព័ន្ធផលិតកម្មកសិកម្មនៅក្នុងប្រទេសកម្ពុជាមានអ្វីខ្លះ?ចូររៀបរាប់​ ។,ប្រព័ន្ធផលិតកម្មកសិកម្មនៅប្រទេសកម្ពុជាមាន៖    _ ដំណាំ : ដំណាំស្រូវ ដំណាំកៅស៊ូ ដំណាំផ្សេងៗទៀត    _ ការចិញ្ចឹមសត្វ : ការចិញ្ចឹមសត្វលើគោក ការចិញ្ចឹមសត្វក្នុងទឹក    _ ការនេសាទ : ការនេសាទទឹកសាប ការនេសាទទឹកប្រៃ  _ ព្រៃឈើ : ផលិតផលឈើ អនុផលព្រៃឈើ(រកឃ្មុំ ជ័រទឹក វល្លិ៍ ផ្តៅ) សត្វព្រៃ ។,ប្រព័ន្ធផលិតផលកសិកម្មនៅប្រទេសកម្ពុជាមានដូចជា៖  -ការនាំចេញចូលផលិតផល ការធ្វើស្រែចំការដំណាំស្រូវ -ការនាំប្រផលទៅក្រៅស្រុក -ការធ្វើសេដ្ឋកិច្ចទីផ្សារដើម្បីឲ្យមានការអភិវឌ្ឍន៍ខ្ពស់ -ការធ្វើពាណិជ្ជកម្ម -ការធ្វើអាជីវកម្មក្នុងស្រុកនិងក្រៅស្រុក។,10,2,1,0.2,0.6318359375,2,6,1,4
126,ហេតុអ្វីបានជាមនុស្សស្រូបយកខ្យល់ដែលមានកាបូនម៉ណូអុកស៊ីតអាចបង្កគ្រោះថ្នាក់ដល់ស្លាប់បាន?,បានជាមនុស្សស្រូបយកខ្យល់ដែលមានកាបូនម៉ូណូអុកស៊ីដអាចបង្កឲ្យមានគ្រោះថ្នាក់ដល់ស្លាប់ បានព្រោះកាបូនម៉ូណូអុកស៊ីដមានសមត្ថភាពចាប់យក ក្នុងឈាមបានខ្លាំងជាងអុកស៊ីសែន វារារាំងឈាមមិនឲ្យដឹកនាំអុកស៊ីសែនទៅចិញ្ចឹមសរីរាង្គជាពិសេសខួរក្បាលដែលបណ្តាលឲ្យ ស្លាប់និង សន្លប់ ។,បានជាមនុស្សស្រូបយកខ្យល់ដែលមានកាបូនម៉ូណូអុកស៊ីដអាចបង្កឲ្យមានគ្រោះថ្នាក់ដល់ស្លាប់ បានព្រោះកាបូនម៉ូណូអុកស៊ីដមានសមត្ថភាពចាប់យក ក្នុងឈាមបានខ្លាំងជាងអុកស៊ីសែន វារារាំងឈាមមិនឲ្យដឹកនាំអុកស៊ីសែនទៅចិញ្ចឹមសរីរាង្គជាពិសេសខួរក្បាលដែលបណ្តាលឲ្យ ស្លាប់និង សន្លប់ ។,5,5,4,1.0,0.8359375,3,4,1,1
127,ដូចម្តេចដែលហៅថាមេយ៉ូស? ចូរនិយាយពីវគ្គផ្សេងៗនៃមេយ៉ូស។,មេយ៉ូសជាសំណុំនៃចំណែកកោសិកាពីរដងបន្តបន្ទាប់គ្នាដែលបង្កើតបានជាកោសិកាអាលូអុីតបួន ហៅថាមេយ៉ូស ។ _តេឡូផាស1 ស៊ីតូប្លាសចែកខ្លួនបានជាកោសិកាកូនពីរ ។កោសិកាកូននីមួយៗទទួលបានក្រូម៉ូសូម តែមួយពីរគូអូម៉ូឡូក ។ _ប្រផាស1 មានរយៈពេលវែង ។ _អាណាផាស1 ក្រូម៉ូសូមដំរៀបលើផ្លាស់ភ្ជាប់នឹងក្រយ៉ូងក្រូម៉ាទិចដោយសង់ក្រូងទ័ររបស់វា ។ _តេឡូផាស2 ក្រូម៉ូមនីមួយៗបានមកដល់ប៉ូលភ្នាស _មេតាផាស2 ក្រូម៉ូសូមប្រេះតាមបណ្ដោយភ្ជាប់ខ្លួនទៅនិងក្រយ៉ងក្រូម៉ាទិចដោយសង់ _ប្រូដាស2 ត្តយ៉ងអាក្រូម៉ាទិតកើតមានក្នុងកោសិកាគូនីមួយៗ _អាណាផាស2 សង់ក្រូម៉ែធ្វើចំណែកដែលនាំអោយក្រូម៉ាទិចបងប្អូនដាច់ចេញពីគ្នា ។បន្ទាប់មក ក្រូម៉ូសូមកូនទាំង2ធ្វើដំណើរឆ្ពោះទៅប៉ូលផ្ទុយគ្នារបស់ត្រយ៉ូងអាក្រូម៉ាទិច ។,មេយ៉ូសជាសំណុំនៃចំណែកកោសិកាពីរដងបន្តបន្ទាប់គ្នាដែលបង្កើតបានជាកោសិកាអាលូអុីតបួន ហៅថាមេយ៉ូស ។ _តេឡូផាស1 _ប្រផាស1  _អាណាផាស1 _មេតាផាស1 _ប្រូដាស2  _អាណាផាស2 _មេតាផាស2 _តេឡូផាស2,10,5,2,0.5,0.35888671875,1,4,1,1
128,តើគេចែកយុគសម័យបុរេប្រវត្តិសាស្ត្រកម្ពុជាជាប៉ុន្មានយុគសម័យ?អ្វីខ្លះ?,គេចែកយុគសម័យបុរេប្រវត្តិសាស្ត្រកម្ពុជាជាបីយុគសម័យគឺ -យុគថ្មបំបែក (600000 - 12000 ឆ្នាំមុនគ.ស) -យុគថ្មរលីងឬសំលៀង (8000 - 2000 ឆ្នាំមុនគ.ស) -យុគលោហៈ(2000-100 ឆ្នាំមុនគ.ស)។,គេចែកយុគសម័យបុរេប្រវត្តិសាស្ត្រកម្ពុជាជាបីយុគសម័យគឺ -យុគថ្មបំបែក (600000 - 12000 ឆ្នាំមុនគ.ស) -យុគថ្មរលីងឬសំលៀង (8000 - 2000 ឆ្នាំមុនគ.ស) -យុគលោហៈ(2000-100 ឆ្នាំមុនគ.ស)។,5,5,4,1.0,0.98046875,4,5,0,0
129,ហេតុអ្វីបានជាផ្នែកឯកជនជាកម្លាំងដ៏សំខាន់សម្រាប់វិនិយោគនិងធ្វើឲ្យមានកំណើនសេដ្ឋកិច្ចក្នុងប្រទេស?,បានជាផ្នែកឯកជនជាកម្លាំងដ៏សំខាន់សម្រាប់វិនិយោគនិងធ្វើឲ្យមានកំណើនសេដ្ឋកិច្ចក្នុងប្រទេស ព្រោះប្រទេសកម្ពុជាជាប្រទេសអភិវឌ្ឍន៍ សេដ្ឋកិច្ចទីផ្សារដោយបានធ្វើកំណែទម្រង់សហគ្រាសឧស្សាហកម្មឲ្យក្លាយទៅជាកម្មសិទ្ធិឯកជន ។ សេដ្ឋកិច្ចទីផ្សារសេរីនេះនាំឲ្យអ្នករកស៊ីបរទេសចូលចិត្តមកវិនិយោគ ហើយកាលណាផ្នែកឯកជនរឹងមាំមកវិនិយោគ ហើយកាលណាផ្នែកឯកជនមិនរឹងមាំអាចបំពេញបន្ថែមវិនិយោគនិងវិស័យសង្គមកិច្ចមានន័យថាវិស័យឯកជនស្រូបយកកម្លាំងការងារកាន់តែកើនឡើង។,បានជាផ្នែកឯកជនជាកម្លាំងដែលសំខាន់សម្រាប់វិនិយោគ និងធ្វើឲ្យមានកំណើនសេដ្ឋកិច្ចក្នុងប្រទេសព្រោះ ឧស្សាហកម្មនិងកសិកម្មបាននាំមកនូវចំណូលចូលជាតិ ដែលធ្វើឲ្យជាតិកាន់តែរីកចម្រើនពីមួយថ្ងៃទៅមួយខែពីមួយខែជាមួយឆ្នាំធ្វើឲ្យសង្គមរីកចម្រើនគ្រប់វិស័យ សង្គមមានការអភិវឌ្ឍន៍មានក្រុមហ៊ុនច្រើននៅក្នុងប្រទេស បង្កើតឱកាសក្នុងការនាំចេញ មានការប្រកួតប្រជែងទីផ្សារ។,15,5,1,0.3333333333333333,0.89404296875,4,13,3,8
130,តើសេដ្ឋកិច្ចកម្ពុជាពឹងផ្អែកលើវិស័យអ្វីជាសំខាន់?     ក/ ហេតុអ្វីបានជាគេនិយាយថាកម្ពុជាជាប្រទេសកសិកម្ម?     ខ/ តើគេចែកកសិករជាប៉ុន្មានប្រភេទ?អ្វីខ្លះ?,សេដ្ឋកិច្ចកម្ពុជាពឹងផ្អែកលើវិស័យកសិកម្មជាសំខាន់។   ក/ បានជាគេនិយាយថាកម្ពុជាជាប្រទេសឧស្សាហកម្មព្រោះ៖  _  សណ្ឋានដី : ដីមានជីវជាតិល្អនិងសម្បូរទំនាបល្បាប់   _ ផ្លូវទឹក : ផ្លូវទឹកខ្វាត់ខ្វែងងាយស្រួលដល់ការដាំដុះ  _ ប្រជាជន : ប្រជាជនខ្មែរភាគច្រើនចូលចិត្តធ្វើកសិកម្ម  _ អាកាសធាតុ : ទទួលអាកាសធាតុក្តៅសើម  _ កសិកម្មផ្តល់ផល50%នៃផលិតផលជាតិសរុប។  ខ/ គេចែកកសិករទាំងនោះជា4ប្រភេទគឺ៖  _ កសិករធ្វើស្រែឬអ្នកស្រែ : និយមធ្វើស្រែ ស្រូវប្រាំង ស្រូវវស្សា ស្រូវឡើងទឹក  _ កសិករតំបន់ដីខ្ពស់ : គេដាំដំណាំជាអចិន្ត្រៃយ៍(ពោត ដំឡូង ចេក កៅស៊ូសណ្តែក)  _ កសិករធ្វើចម្ការដំណាំស្រូវ : គេដាំដំណាំតាមមាត់ទន្លេ ចិញ្ចឹមសត្វនិងនេសាទ  _ កសិករភូមិភាគឦសាន: គេធ្វើដំណាំព្រៃដុតមានដូចជាពោត ដំឡូង ស្រូវរុក្ខជាតិយកមើមដទៃទៀត និងបរបាញ់សត្វផងដែរ។,សេដ្ឋកិច្ចកម្ពុជាពឹងផ្អែកលើវិស័យកសិកម្មជាសំខាន់។  ក/ បានជាគេនិយាយថាកម្ពុជាជាប្រទេសកសិកម្មព្រោះអនុគ្រោះដល់វិស័យកសិកម្មជាច្រើនដូចជា៖   _ សណ្ឋានដី : មានលក្ខណៈអនុគ្រោះដល់វិស័យនេះពោលគឺសម្បូរវាលទំនាបនិងតំបន់ខ្ពង់រាបទាបៗប្រកបដោយដីមានជីវជាតិល្អសម្រាប់ដាំដុះ ចិញ្ចឹមសត្វ និងព្រៃឈើ។   _ កម្ពុជាស្ថិតនៅតំបន់ត្រូពិចដែលមានអាកាសធាតុក្តៅហើយសើមដោយទទួលរបបខ្យល់មូសុងមានភ្លៀងធ្លាក់ច្រើននិងមានកម្ដៅគ្រប់គ្រាន់ សម្រាប់ដាំដុះ ចិញ្ចឹមសត្វនិងព្រៃឈើ។   _ ប្រទេសកម្ពុជាសម្បូរផ្លូវទឹកអនុគ្រោះដល់ការដាំដុះ ការចិញ្ចឹមសត្វ និងការនេសាទ។   _ ផ្ដល់ការងារសម្រាប់ប្រជាជន     _ កាត់បន្ថយភាពក្រីក្រប្រជាជន   _ កាត់បន្ថយអត្រាអត់ការងារដល់ប្រជាជន   _ ជាស្បៀងអាហារសម្រាប់ប្រជាជន   _ជាវត្ថុធាតុដើមសម្រាប់ឧស្សាហកម្មក្នុងប្រទេស និងនាំចេញជាច្រើន។  ខ/ គេចែកកសិករទាំងនោះជា4ប្រភេទ៖    _ កសិករធ្វើស្រែ    _ កសិករធ្វើចម្ការ    _ កសិករតំបន់ខ្ពង់រាប​     _ កសិករភូមិភាគឦសាន។,20,20,4,1.0,0.50146484375,2,10,2,10
131,តើសេដ្ឋកិច្ចកម្ពុជាពឹងផ្អែកលើវិស័យអ្វីជាសំខាន់?     ក/ ហេតុអ្វីបានជាគេនិយាយថាកម្ពុជាជាប្រទេសកសិកម្ម?     ខ/ តើគេចែកកសិករជាប៉ុន្មានប្រភេទ?អ្វីខ្លះ?,សេដ្ឋកិច្ចកម្ពុជាពឹងផ្អែកលើវិស័យកសិកម្មជាសំខាន់។   ក/ បានជាគេនិយាយថាកម្ពុជាជាប្រទេសឧស្សាហកម្មព្រោះ៖  _  សណ្ឋានដី : ដីមានជីវជាតិល្អនិងសម្បូរទំនាបល្បាប់   _ ផ្លូវទឹក : ផ្លូវទឹកខ្វាត់ខ្វែងងាយស្រួលដល់ការដាំដុះ  _ ប្រជាជន : ប្រជាជនខ្មែរភាគច្រើនចូលចិត្តធ្វើកសិកម្ម  _ អាកាសធាតុ : ទទួលអាកាសធាតុក្តៅសើម  _ កសិកម្មផ្តល់ផល50%នៃផលិតផលជាតិសរុប។  ខ/ គេចែកកសិករទាំងនោះជា4ប្រភេទគឺ៖  _ កសិករធ្វើស្រែឬអ្នកស្រែ : និយមធ្វើស្រែ ស្រូវប្រាំង ស្រូវវស្សា ស្រូវឡើងទឹក  _ កសិករតំបន់ដីខ្ពស់ : គេដាំដំណាំជាអចិន្ត្រៃយ៍(ពោត ដំឡូង ចេក កៅស៊ូសណ្តែក)  _ កសិករធ្វើចម្ការដំណាំស្រូវ : គេដាំដំណាំតាមមាត់ទន្លេ ចិញ្ចឹមសត្វនិងនេសាទ  _ កសិករភូមិភាគឦសាន: គេធ្វើដំណាំព្រៃដុតមានដូចជាពោត ដំឡូង ស្រូវរុក្ខជាតិយកមើមដទៃទៀត និងបរបាញ់សត្វផងដែរ។,សេដ្ឋកិច្ចជាតិផ្អែកលើវិស័យកសិកម្មជាសំខាន់ព្រោះវិស័យនេះសំខាន់ដល់ជាតិដូចជា៖ បានជាគេនិយាយថាកម្ពុជាជាប្រទេសកសិកម្មព្រោះប្រទេសកម្ពុជាពឹងផ្អែកលើលើទាំងស្រុងលើវិស័យកសិកម្ម ពីព្រោះដី ដាំដុះមៀន72.30%ភាគរយជាជាដីដាំដុះស្រូវ និងមួយចំនួនទៀតប្រមាណជាចិតសិបពេលជិតបីភាគរយជាអ្នកដាំស្រូវ និងដឹងនិងតែប៉ុណ្ណោះ អាកាសធាតុអំណោយផលដល់ការដាំដុះ ស្រូវនិងសម្បូរដីច្បាប់ដែលជា ដីមានជីវជាតិដែរនៅក្នុងដំណាំស្រូវនិងការជីកប្រឡាយសម្រាប់ផ្គត់ផ្គង់ទឹក ក្រៅពីដំណាំអង្គការកសិកម្មត្រូវ ស្រូវ តែគេឃើញថាមានការដាំដុះ អំណោយផ្សេងផ្សេងដែរ បម្រើក្នុងវិស័យឧស្សាហកម្ម ដូចជា ដំណាំកៅស៊ូដំណាំពីដំណើរកុំជក់ក៏ណាស់ សម្រាប់ការនាំចេញទៅក្រៅប្រទេសបានជាធរមានកំណើនសេដ្ឋកិច្ច។ ខ.គេបើកជាកសិករទាំងនោះជាបីប្រភេទ: -កសិករធ្វើស្រែ -កសិករមិនធ្វើស្រែ -កសិករធ្វើចំការមិនដាំស្រូវ។,20,16,3,0.8,0.6357421875,2,13,1,3
132,តើថ្ងៃរំដោះ៧មករា១៩៧៩ មានអត្ថន័យយ៉ាងណាខ្លះចំពោះប្រវត្តិសាស្ត្រកម្ពុជា?,ថ្ងៃរំដោះ 7 មករា 1979 មានអត្ថន័យជាប្រវត្តិសាស្រ្តដូចជា÷ -ជាថ្ងៃដែលប្រជាជនរួចផុតពីរបបប្រល័យពូជសាសន៍ -ជាថ្ងៃដែលរបបកម្ពុជាប្រជាធិបតេយ្យដួលរលំ -ជាថ្ងៃកំណើតទី 2 របស់ប្រជាជនខ្មែរ -ជាថ្ងៃដែលកងទ័ពរណសិរ្យសាមគ្គីនិងកងទ័ពរំដោះប្រជាជន បានរំដោះប្រជាជនចេញពីរបបប្រល័យពូជសាស្ត្រកម្ពុជា។,ថ្ងៃរំដោះ 7 មករា 1979 បានផ្ដល់អត្ថន័យជាប្រវត្តិសាស្រ្តចំពោះកម្ពុជាដូចជា÷ -ជាថ្ងៃដែលប្រជាជនកម្ពុជារួចផុតពីការសម្លាប់យ៉ាងរង្គាលនៃរបបប្រល័យពូជសាសន៍កម្ពុជាប្រជាធិបតេយ្យ -ជាថ្ងៃដែលប្រជាជនកម្ពុជាទទួលបាននូវសិទ្ធិសេរីភាព សិទ្ធិនៃការសម្រេចចិត្តលើជោគវាសនាខ្លួន -ជាការរស់រានឡើងវិញនូវវប្បធម៌ជាតិ -ជាថ្ងៃស្ដារនិងកសាងប្រទេសឡើងវិញតាមឆន្ទះនិងគោលបំណងប្រជាជន -ថ្ងៃដែលកម្ពុជាឈានទៅរកឯករាជ្យ សន្តិភាព សេរីភាព និងសុភមង្គល -ជាថ្ងៃស្ដារនិងកសាងប្រទេសឡើងវិញលើឆាកតំបន់និងអន្តរជាតិ -ជាថ្ងៃដែលបណ្ដាលឱ្យមានវត្តមានកងទ័ពវៀតណាមជាថ្មីម្ដងទៀតលើទឹកដីកម្ពុជា។,8,8,4,1.0,0.96240234375,4,8,0,0
133,តើឧស្សាហកម្មមានតួនាទីចំពោះសេដ្ឋកិច្ចជាតិយ៉ាងដូចម្ដេច?,ឧស្សាហកម្មមានតួនាទីសម្រាប់សេដ្ឋកិច្ចជាតិដូចជា -ជួយបង្កើតប្រាក់ចំណូលចូលជាតិ -បង្កើតការងារដល់ប្រជាជន -បង្កើតប្រាក់ចំណូលចូលក្នុងគ្រួសារ -ប្រជាជនមានជីវភាពធូរធារ -ជួយរក្សាជញ្ជីងពាណិជ្ជកម្ម -ជួយបង្កើតទិន្នផលសម្រាប់ការនាំចេញនាំចូល -បង្កើននូវសង្ឃភារៈសម្រាប់ប្រើប្រាស់។,ឧស្សាហកម្មមានតួនាទីចំពោះសេដ្ឋកិច្ចជាតិដូចជា៖ -បង្កើនប្រាក់ចំណូលដល់សេដ្ឋកិច្ចជាតិ -នាំចេញនាំចូលទំនិញស្របច្បាប់ -មានអ្នកវិនិយោគទុនក្នុងប្រទេស -ផ្ដល់ការងារដល់ប្រជាជនក្នុងស្រុក -មានរោងចក្រផលិតទំនិញដោយខ្លួនឯង -កាត់បន្ថយចំណាកស្រុក -មានការនាំផលិតផលច្រើនជាងនាំចូល -ជួយអភិវឌ្ឍប្រទេស -ជួយកាត់បន្ថយការនាំចូលពីក្រៅប្រទេស -ធ្វើឲ្យប្រជាជនមាននៅប្រាក់ចំណូល -ងាយស្រួលក្នុងការធ្វើអាជីវកម្ម។,15,15,4,1.0,0.8720703125,4,13,0,2
