idx,Question,Reference,Answer,Max Score,true_raw,true_label,true_score,pred_score,pred_label,pred_raw,abs_error,raw_abs_error
0,តើសង្គមខ្មែរនៅសម័យអង្គរមានប៉ុន្មានវណ្ណៈ? វណ្ណៈអ្វីខ្លះ? ចូលរៀបរាប់។,សង្គមខ្មែរនៅសម័យអង្គរមានប្រាំវណ្ណៈគឺ -វណ្ណៈក្សត្រឬរាជវង្សនុវង្ស (ជាស្ដេចគ្រប់គ្រងប្រទេស -វណ្ណៈមន្ត្រី (អ្នករស់នៅក្នុងរាជវាំងបម្រើស្ដេច) -វណ្ណៈព្រាហ្ម៍ឬបុព្វជិត​(គឺជាអ្នកបួស) -វណ្ណៈអ្នកជាឬកសិករ (អ្នករស់នៅនឹងធ្វើស្រែចម្ការ) -វណ្ណៈអ្នកងារឬទាសករ(ទាសករបម្រើគេតកូនតចៅ)។,សង្គមខ្មែរនៅសម័យអង្គរមានប្រាំវណ្ណៈគឺ -វណ្ណៈក្សត្រឬរាជវង្សានុវង្ស:វណ្ណៈនេះមានបុព្វសិទ្ធ -វណ្ណៈមន្ត្រី -វណ្ណៈអ្នកបួសឬបុព្វជិត -វណ្ណៈអ្នកជា -វណ្ណៈទាសករ។,10,6,2,0.6,0.537109375,2,5,0,1
1,តើព្រះអង្គឌួងមានស្នាព្រហស្ថអ្វីខ្លះចំពោះប្រទេសជាតិនិងប្រជារាស្ត្រខ្មែរ?,ព្រះបាទអង្គឌួងមានស្នាព្រហស្តដូចជាផ្នែករដ្ឋបាលរៀបចំប្រព័ន្ធរដ្ឋបាលនិងច្បាប់ទម្លាប់ស្ដារឡើងវិញមានរបៀបផ្នែកសេដ្ឋកិច្ចលើកស្ទួយវិស័យកសិកម្មជួសជុលប្រព័ន្ធ សេះនិងពាណិជ្ជកម្ម ភ្នែកបរទេសស្វែងរកជំនួយពីបារាំងដើម្បីទប់ទល់នឹងការត្រួតត្រាយួននិងសៀម ផ្នែកវប្បធម៌លើកស្ទួយវប្បធម៌អក្សរសាស្ត្រខ្មែរនិង សាសនា កត្តាផ្ទៃក្នុង ការបែកបាក់រាជវង្សានុវង្សបែកបាក់សាមគ្គី។,ស្នាព្រះហស្ថរបស់ព្រះបាទអង្គឌួងរួមមាន ការកសាងវត្តអារាម ការរៀបចំច្បាប់ទម្លាប់ ការចងក្រងអក្សរសាស្ត្រនិងការពារឯករាជ្យជាតិពីសៀមនិងយួន។,15,8,2,0.5333333333333333,0.65087890625,3,10,1,2
2,តើព្រះបាទពញាយ៉ាតមានបុត្រប៉ុន្មានអង្គព្រះនាមអ្វីខ្លះ?ជាមួយអ្នកម្នាងណាខ្លះ?,ព្រះបាទពញាយ៉ាតមានបុត្របីអង្គគឺ នារាយណ៍រាជា ជាបុត្រជាមួយម្នាងទេវី ស្រីរាជាជាបុត្រជាមួយបុទុមកេសរ និងធម្មរាជាជាបុត្រជាមួយសុីសង៉ាម(បុត្រីស្ដេចសៀម)។,ព្រះបាទពញាយ៉ាតមានបុត្របីអង្គគឺ នារាយណ៍រាជា ជាបុត្រជាមួយម្នាងទេវី ស្រីរាជាជាបុត្រជាមួយបុទុមកេសរ និងធម្មរាជាជាបុត្រជាមួយសុីសង៉ាម(បុត្រីស្ដេចសៀម)។,5,5,4,1.0,0.9755859375,4,5,0,0
3,តើការស្ថិតនៅក្រៅសារពាង្គកាយនៃពងស្វាសមានសារៈសំខាន់ដូចម្តេច?,ការស្ថិតនៅក្រោមសារពាង្គកាយនៃពងស្វាសមានសារៈសំខាន់ដូចជាដើម្បីរក្សាសីតុណ្ហភាពឲ្យ ទាបជាងសីតុណ្ហភាពក្នុងខ្លួន ប្រហែលពី(2-3)សីតុណ្ហភាពក្នុងខ្លួន37 ។,ការស្ថិតនៅក្រោមសារពាង្គកាយនៃពងស្វាសមានសារៈសំខាន់ក្នុងការផលិតអរម៉ូនភេទឈ្មោលនិង បង្កើតស្ពែម៉ាតូសូអ៊ីត ។,10,3,1,0.3,0.2088623046875,1,2,0,1
4,សេដ្ឋកិច្ចកម្ពុជាពឹងផ្អែកលើវិស័យកសិកម្មជាសំខាន់៖ ​ក.​ ហេតុអ្វីបានជាគេនិយាយថាកម្ពុជាជាប្រទេសកសិកម្ម? ខ. តើគេចែកកសិករទាំងនោះជាប៉ុន្មានប្រភេទ?,សេដ្ឋកិច្ចកម្ពុជាបានផ្អែកលើវិស័យកសិកម្មជាសំខាន់៖ ក​. បានជាគេនិយាយថាប្រទេសកម្ពុជាជាប្រទេសកសិកម្មដោយសារ -ផ្ទៃដីនៅប្រទេសកម្ពុជាប្រហែល៩០ភាគរយសិតតែដំណាំស្រូវ -ប្រជាជនកកម្ពុជា ៧០.៣ភាគរយធ្វើកសិកម្ម -កសិកម្មជួយឲ្យប្រជាជនកម្ពុជាមានការងារធ្វើ -ប្រជាជននិយមធ្វើកសិកម្ម -ដីនៅកម្ពុជាប្រកបជាមួយកាធ្វើកសិកម្ម -កម្ពុជាមានអាកាសធាតុសមស្របសម្រាប់ធ្វើកសិកម្ម ខ. គេចែកកសិកម្មទាំងនោះជាពីរប្រភេទ៖ +កសិករខ្នាតតូច -ធ្វើកសិកម្មដើម្បីជីវិត -ធ្វើលក្ខណៈតិចតួច ទុកតែបរិភោគសម្រាប់គ្រួសារ -មិនលក់ឲ្យអ្នកណា +កសិករខ្នាតធំ -ធ្វើកសិកម្មច្រើនហើយទុកសម្រាប់លក់ឬនាំចេញទៅក្រៅប្រទេស -ធ្វើមួយឆ្នាំអាចទៅពីរលើក -ធ្វើលក្ខណៈច្រើន ដើម្បីលក់និងនាំចេញ។,សេដ្ឋកិច្ចកម្ពុជាបានផ្អែកលើវិស័យកសិកម្មជាសំខាន់៖ -ធ្វើឲ្យការដល់មិនអាចលើយកមកប្រើប្រាស់ទេឲ្យតាមនាំពីក្រៅប្រទេសមកវិញហើយមានការពឹង -យើងអាចមិនចាប់អារម្មណ៍ទេហើយជាច្រើនបានហើយ -ប្រមូលយកមកពីការធ្វើឲ្យបានច្រើនជាងនេះត្រូវបានគេចាប់យកមកលើកការធ្វើឲ្យដើម្បីមានការងារ -ប្រទេសកម្ពុជាមាននៅក្នុងច្រើនជាងគេគឺវិស័យមិនអាចទេមើលទៅនោះ -ចំណាត់យកពីប្រើប្រាស់ហើយទៅធ្វើយកហើយកុំកិត្តិយសសេដ្ឋកិច្ចការធ្វើឲ្យធ្វើមួយ -ចូលរៀបរាប់ពីប្រទេសគ្មានការចំពោះពីទីប្រើប្រាស់ក្នុង -យើងបានទិញយកមកប្រើយ៉ាងណា -គេលក់ដូរលើកលែងមិនទេឡើង -វេទនាតាមនិយាយថាឡើងទេឃើញមើលទៅប្រទេសខ្វែងនេះឡើយ -ខ្ពស់ស្រីបានធ្វើឡើងប្រទេសកម្ពុជាតេមគ្មានមើល -ប្រើជ្រះដើម្បីទិញយកការមើលឃើញពីការងារ -រាប់ពីប្រទេសដែលគ្មានការទិញផលិតផលច្រើនជាងគេ -សេដ្ឋកិច្ចការងារបានធ្វើឲ្យមានការលក់ដូរដាច់ច្រើនជាងគេ។  ក. បានជាគេនិយាយថាកម្ពុជាជាប្រទេសកសិកម្មដោយសារតែ៖ -ប្រទេសកម្ពុជាមានដីធ្វើកសិកម្មច្រើនជាងគេ -ធ្វើការងារប្រើប្រាស់ពីរៀបរាប់ចំក្រៅពីជនណាគេ -បានតែដើម្បីគេនឹងចេញទេក្នុងប្រទេសកម្ពុជា -ធ្វើឱ្យមានតែឱ្យទេមើលទៅមានកំណើនកើនឡើងនៅពេល -ជីវកម្មដីប្រើប្រាស់សម្រាប់ធ្វើការងារផ្សេងៗទៀត -មិនមែនមានតែប៉ុណ្ណឹងទេគឺដើម្បីជាបានលែងចង់រាប់ -បុស្សដើម្បីទិញដែលនាំឲ្យមានការ។,15,4,1,0.26666666666666666,0.1776123046875,1,3,0,1
5,តើឧស្សាហកម្មមានតួនាទីដូចម្ដេចខ្លះចំពោះសេដ្ឋកិច្ចជាតិ?,ឧស្សាហកម្មមាន​តួនាទីចំពោះសេដ្ឋកិច្ចជាតិដូចជា ៖ ​ _ ជួយបង្កើតថវិការជាតិ ​ _ ជួយបង្កើតទិន្នផលជាតិ ​​ _ ជួយឲ្យសេដ្ឋកិច្ចជាតិរីកចម្រើន  _ ប្រជាជនសំបូរធូរធារ  _អភិវឌ្ឍគ្រប់វិស័យ  _ មានទំនាក់ទំនងល្អជាមួយអ្នកជិតខាង  _ មានភាពរុងរឿងនៅក្នុងប្រទេសជាតិ។,ឧស្សាហកម្មមានតួនាទីចំពោះសេដ្ឋកិច្ចដូចជា៖-ផ្តល់កាងារឲ្យប្រជាជនធ្វើ -ផ្ដល់ចំណូលដល់សេដ្ឋកិច្ចជាតិមាន២៣.៨%ឆ្នាំ២០០៨ ផ្ដល់ផលិតផលសម្រាប់នាំចេញ ផ្ដល់ផលិតផលសម្រាប់ប្រើប្រាស់ ជួយរក្សាលំនឹងជញ្ជីងពាណិជ្ជកម្ម និងផ្ដល់ប្រាក់ចំណូលដល់គ្រួសារ។,15,15,4,1.0,0.93017578125,4,14,0,1
6,បុព្វហេតុអ្វីខ្លះដែលនាំឲ្យអាណាចក្រចេនឡាបែកបាក់ជាពីរគឺអាណាចក្រចេនឡាដីគោកនិងចេនឡាទឹកលិច?,បុព្វហេតុដែលនាំហើយអាណាចក្រចេនឡាបែកជាពីរគឺ -វិសាលភាពទឹកដីធំទូលាយ -ចម្បាំងអត់ឈប់ឈរ -សមន្ដរដ្ឋបះបោរចង់ផ្ដាច់ខ្លួន -វិបត្តិផ្ទៃក្នុង -ព្រះនាងជ័យទេវីគ្មានសមត្ថភាពគ្រប់គ្រង។,បុព្វហេតុដែលនាំហើយអាណាចក្រចេនឡាបែកជាពីរគឺ -វិសាលភាពទឹកដីធំទូលាយ -ចម្បាំងអត់ឈប់ឈរ -សមន្ដរដ្ឋបះបោរចង់ផ្ដាច់ខ្លួន -វិបត្តិផ្ទៃក្នុង -ព្រះនាងជ័យទេវីគ្មានសមត្ថភាពគ្រប់គ្រង។,7,7,4,1.0,0.98779296875,4,7,0,0
7,ចូររៀបរាប់ពីទំនាក់ទំនងរវាងការដាំដុះ​ អាជីវកម្មព្រៃឈើ និងការនេសាទ។,ទំនាក់ទំនងរវាងការដាំដុះ អាជីវកម្មព្រៃឈើ និងការនេសាទមានដូចជា៖ -ការដាំដុះដោយប្រើជីធម្មជាតិ -ការប្រើប្រាស់ជីគីមី -ដាំដុះនិងធ្វើតាមរដូវ -អាជីវកម្មព្រៃឈើ -ការកាប់បំផ្លាញព្រៃឈើ -ការដុតព្រៃឈើ -ការកាប់ឈើយកទៅធ្វើអាជីវកម្ម +ការនេសាទ -ការនេសាទត្រីពេលត្រីពក -ការនេសាទដោយប្រើអគ្គិសនី -ការនេសាទហួសកម្រិត -ការនេសាទគឺជាមុខរបរប្រចាំថ្ងៃាបស់ប្រជាជន -នឹងជាអាហារប្រចាំថ្ងៃរបស់ប្រជាជន -ការនេសាទធ្វើប្រជាជនមានមុខរបររកស៊ីត្រឹមត្រូវ -ការនេសាទប្រើប្រាស់ឧបករណ៍នេសាទខុសច្បាប់ -ការបំផ្លាញជំរកត្រី -ការបកហូរទឹកចេញពី,ទំនាក់ទំនងរវាងការដាំដុះ អាជីវកម្មព្រៃឈើ និងការនេសាទមានដូចជា៖ -ការដាំដុះដោយប្រើជីធម្មជាតិ -ការប្រើប្រាស់ជីគីមី -ដាំដុះនិងធ្វើតាមរដូវ -អាជីវកម្មព្រៃឈើ -ការកាប់បំផ្លាញព្រៃឈើ -ការដុតព្រៃឈើ -ការកាប់ឈើយកទៅធ្វើអាជីវកម្ម +ការនេសាទ -ការនេសាទត្រីពេលត្រីពក -ការនេសាទដោយប្រើអគ្គិសនី -ការនេសាទហួសកម្រិត -ការនេសាទគឺជាមុខរបរប្រចាំថ្ងៃាបស់ប្រជាជន -នឹងជាអាហារប្រចាំថ្ងៃរបស់ប្រជាជន -ការនេសាទធ្វើប្រជាជនមានមុខរបររកស៊ីត្រឹមត្រូវ -ការនេសាទប្រើប្រាស់ឧបករណ៍នេសាទខុសច្បាប់ -ការបំផ្លាញជំរកត្រី -ការបកហូរទឹកចេញពី,15,4,1,0.26666666666666666,0.244384765625,1,4,0,0
8,តើឧស្សាហកម្មមានអ្នកតួនាទីចំពោះសេដ្ឋកិច្ចយ៉ាងដូចម្ដេច?,ឧស្សាហកម្មមានតួនាទីសម្រាប់សេដ្ឋកិច្ចជាតិដូចជា -ជួយបង្កើតប្រាក់ចំណូលចូលជាតិ -បង្កើតការងារដល់ប្រជាជន -បង្កើតប្រាក់ចំណូលចូលក្នុងគ្រួសារ -ប្រជាជនមានជីវភាពធូរធារ -ជួយរក្សាជញ្ជីងពាណិជ្ជកម្ម -ជួយបង្កើតទិន្នផលសម្រាប់ការនាំចេញនាំចូល -បង្កើននូវសង្ឃភារៈសម្រាប់ប្រើប្រាស់។,ឧស្សាហកម្មមានតួនាទីចំពោះសេដ្ឋកិច្ចជាតិដូចជាបង្កើនប្រាក់ចំណូលក្នុងប្រទេសផ្ដល់ការងារដល់ប្រជាជនក្នុងស្រុកមានអ្នកមកវិនិយោគទុនក្នុងប្រទេសនិងរោងចក្រសហគ្រាសធំមានការនាំឥវ៉ាន់ចេញពីទៅក្រៅប្រទេសច្រើនជាងនាំចូលនិងការប្រាក់ចំណូលមានរោងចក្រផលិតទំនិញនៅខ្លួនឯងធ្វើឲ្យមានការអនុវត្តក្នុងប្រទេសកម្មបន្ថយការចំណាកស្រុកទៅធ្វើការងារក្រៅប្រទេសជួយដល់ប្រព័ន្ធដំណាំកសិកម្មសម្រាប់យកមកធ្វើក្នុងឧស្សាហកម្ម។,15,15,4,1.0,0.8837890625,4,13,0,2
9,តើប្រព័ន្ធផលិតកម្មកសិកម្មនៅក្នុងប្រទេសកម្ពុជាមានអ្វីខ្លះ?ចូររៀបរាប់​ ។,ប្រព័ន្ធផលិតកម្មកសិកម្មនៅប្រទេសកម្ពុជាមាន៖    _ ដំណាំ : ដំណាំស្រូវ ដំណាំកៅស៊ូ ដំណាំផ្សេងៗទៀត    _ ការចិញ្ចឹមសត្វ : ការចិញ្ចឹមសត្វលើគោក ការចិញ្ចឹមសត្វក្នុងទឹក    _ ការនេសាទ : ការនេសាទទឹកសាប ការនេសាទទឹកប្រៃ  _ ព្រៃឈើ : ផលិតផលឈើ អនុផលព្រៃឈើ(រកឃ្មុំ ជ័រទឹក វល្លិ៍ ផ្តៅ) សត្វព្រៃ ។,ប្រព័ន្ធផលិតកម្មកសិកម្មប្រទេសកម្ពុជាមានដូចជា  -ការផលិតស្រូវឱ្យទៅជាអង្ករ  -ការដាំដុះឲ្យបានជាផលដើម្បីប្រមូលផល - ការធ្វើស្រែចម្ការដើម្បីប្រមូលផល  -ការធ្វើអាជីវកម្មព្រៃឈើដើម្បីយកឈើទាំងនោះទៅផលិតកម្មឱ្យបានជាផលអ្វីមួយ  -ការដាំដុះនូវអ្វីមួយយើងសម្រេចវាឲ្យបានជាផល  -មានឧបករណ៍ផលិតស្រូវ -មានឧបករណ៍ទំនើបៗជាច្រើនដើម្បីផលិតកម្មអ្វីមួយ -មានគ្រឿងឧបករណ៍បរិក្ខារដើម្បីផលិតស្រូវពីស្រូវទៅអង្ករ -មានគ្រឿងម៉ាស៊ីនសម្រាប់ផលិតអាហារជាច្រើន។,10,2,1,0.2,0.18603515625,1,2,0,0
10,តើប្រព័ន្ធផលិតកម្មកសិកម្មនៅក្នុងប្រទេសកម្ពុជាមានអ្វីខ្លះ?ចូររៀបរាប់​ ។,ប្រព័ន្ធផលិតកម្មកសិកម្មនៅប្រទេសកម្ពុជាមាន៖    _ ដំណាំ : ដំណាំស្រូវ ដំណាំកៅស៊ូ ដំណាំផ្សេងៗទៀត    _ ការចិញ្ចឹមសត្វ : ការចិញ្ចឹមសត្វលើគោក ការចិញ្ចឹមសត្វក្នុងទឹក    _ ការនេសាទ : ការនេសាទទឹកសាប ការនេសាទទឹកប្រៃ  _ ព្រៃឈើ : ផលិតផលឈើ អនុផលព្រៃឈើ(រកឃ្មុំ ជ័រទឹក វល្លិ៍ ផ្តៅ) សត្វព្រៃ ។,ប្រព័ន្ធផលិតកម្មកសិកម្មនៅប្រទេសកម្ពុជាមានដូចជា៖  _ ប្រព័ន្ធឧស្សាហកម្ម  _ ប្រព័ន្ធពាណិជ្ជកម្ម  _ ប្រព័ន្ធសេដ្ឋកិច្ច  _ ប្រព័ន្ធនាំចេញនិងនាំចូល  _ ប្រព័ន្ធដឹកជញ្ជូននិងប្រព័ន្ធនយោបាយ។,10,2,1,0.2,0.08270263671875,0,1,1,1
11,តើសង្គមខ្មែរនៅសម័យអង្គរមានប៉ុន្មានវណ្ណៈ? វណ្ណៈអ្វីខ្លះ? ចូលរៀបរាប់។,សង្គមខ្មែរនៅសម័យអង្គរមានប្រាំវណ្ណៈគឺ -វណ្ណៈក្សត្រឬរាជវង្សនុវង្ស (ជាស្ដេចគ្រប់គ្រងប្រទេស -វណ្ណៈមន្ត្រី (អ្នករស់នៅក្នុងរាជវាំងបម្រើស្ដេច) -វណ្ណៈព្រាហ្ម៍ឬបុព្វជិត​(គឺជាអ្នកបួស) -វណ្ណៈអ្នកជាឬកសិករ (អ្នករស់នៅនឹងធ្វើស្រែចម្ការ) -វណ្ណៈអ្នកងារឬទាសករ(ទាសករបម្រើគេតកូនតចៅ)។,សង្គមខ្មែរនៅសម័យអង្គរមានប្រាំវណ្ណៈគឺ -វណ្ណៈក្សត្រឬរាជវង្សនុវង្ស: មានបុព្វសិទ្ធណាស់គ្មានការបង់ពន្ធ មានអំណាចគ្រប់គ្រាន់រស់នៅដោយស្រួលមិនចាំបាច់ធ្វើការងារ និងមិននឿយហត់ទេ -វណ្ណៈមន្ត្រី: ឋានានុក្រមរបស់ពួកគេអាចសម្គាល់តាមរយៈឥស្សតិយយសនិងចំនួនផ្ទះប្រកក្បឿងរបស់ពួកគេ។ -វណ្ណៈអ្នកបួសឬបុព្វជិត​: មានពួកប៉ាន់ឃាប ព្រាហ្ម៍បុរោហិត ជូគូនិងប៉ាវីស៊ី។ -វណ្ណៈអ្នកជា:ពួកមានឋន្តះដូចពួកឈ្មួញសិប្បករ កសិករនិងប្រជារាស្រ្ដសាមញ្ញ -វណ្ណៈអ្នកងារឬទាសករ:ពួកនេះជាអ្នកបម្រើគេអស់មួយជីវិតតកូនតចៅនេះមានឋានៈទាបបំផុតហើយត្រូវទៅធ្វើការតាមបញ្ជាគេដាក់ឲ្យនឹងគ្មានប្រាក់កម្រៃទេ។ពួកទាសកនេះមានទាសករឈ្លើយសឹក ទាសករតពូជ ទាសករជាជនជាតិភាគតិចនិងទាសករដែលគេចាប់យកមកលក់។,10,10,4,1.0,0.978515625,4,10,0,0
12,តើសម័យឧដុង្គចាប់ពីឆ្នាំណាដល់ឆ្នាំណា?ហេតុអ្វីបានជាប្រទេសកម្ពុជាធ្លាក់ចុះខ្សោយកាន់តែខ្លាំងនៅសម័យឧដុង្គ។ចូរពន្យល់,សម័យឧដុង្គចាប់ពីឆ្នាំ បានជាប្រទេសកម្ពុជាធ្លាក់ចុះខ្សោយកាន់តែខ្លាំងនៅសម័យឧដុង្គព្រោះ សង្គ្រាមផ្ទៃក្នុងញឹកញាប់និងការជាវជ្រៀតជ្រែកពីសៀមនិងយួន ការប្រកួតប្រជែងដណ្ដើមរាជ្យបានឡើងក្នុងចំណោមព្រះរាជវង្សានុវង្ស បែកបាក់សាមគ្គីផ្ទៃក្នុងគ្មានការសាមគ្គីរួបរួមនៅក្នុងប្រទេសជិតខាង កម្ពុជាត្រូវបែកជាពីរផ្នែកដោយសារសៀមត្រួតត្រាផ្នែកខាងលិចបាត់ដំបងសៀមរាបត្រួតត្រាខាងត្បូង បាត់បង់ទឹកដីដោយសារខេត្តជាច្រើននៅភាគខាងលិចបាត់ដំបងសៀមរាបមង្គលបុរី ត្រូវបានធ្លាក់ក្នុងកណ្ដាប់ដៃសៀមនៅឆ្នាំនិងមុនបាត់បង់ដីភាគខាងកើតនៅវៀតណាម សេដ្ឋកិច្ចពឹងផ្អែកលើវិស័យកសិកម្មបុរាណដែល សួយសារអាករឲ្យគេ ចំណែកវប្បធម៌វិញវត្តអារាមត្រូវបានបំផ្លិចបំផ្លាញ ប្រទេសជាតិខ្សោយគ្មានកម្លាំងទប់ទល់នឹងការវាយលុកពីខាងក្រៅមន្ត្រីក្បត់ជាតិច្រើន ដោយសារ រាជវង្សផ្ទៃក្នុងការដណ្ដើមអំណាចគ្នា។,នៅសម័យឧដុង្គចាប់ពីឆ្នាំ ១៦២០-១៨៦៣។ បានជាប្រទេសកម្ពុជាធ្លាក់ខ្សោយយ៉ាងខ្លាំងកាន់តែខ្លាំងនៅសម័យឧដុង្គគឺ ដោយសារសង្គ្រាមនៅក្នុងស្រុកធ្វើឲ្យប្រជារាស្ត្រស្លាប់គ្មានផ្ទះនិងគ្របក្រតោកយ៉ាក សេដ្ឋកិច្ចធ្លាក់ចុះដោយសារគ្មានប្រជារាស្ត្រធ្វើកសិកម្មនិងជំនួញអ្វីឡើយគឺដោយសារសង្គ្រាមដីអត់ជីវជាតិ។,15,9,2,0.6,0.6513671875,3,10,1,1
13,តើកត្តាអ្វីខ្លះដែលធ្វើអោយសម័យអង្គររីកចម្រើនដល់កំពូល?​ ចូលរៀបរាប់។,កត្តាដែលធ្វើអោយសម័យអង្គររីកចម្រើនគឺ: កត្តាព្រះរាជា:ព្រះរាជាចាប់ពីព្រះបាទជ័យវរ្ម័នទី 2 រហូតដល់ព្រះបាទជ័យវរ្ម័នទី 7 សុទ្ធតែជាស្ដេចខ្លាំងពូកែ កត្តានយោបាយ: នយោបាយក្នុងប្រទេសបង្រួបបង្រួមជាតិកសាងនិងការពារទឹកដី នយោបាយក្រៅប្រទេស:ចងសម្ព័ន្ធមិត្តជាមួយប្រទេសធំៗវាយយករដ្ឋតូចដាក់ជាចំណុះ កត្តាសេដ្ឋកិច្ច:រីកចម្រើនលើវិស័យកសិកម្មសិប្បកម្មគណនាគម កត្តាសាសនា:ការឯកភាពគ្នារវាងសាសនាព្រាហ្មនិងព្រះពុទ្ធ កត្តាធនធានមនុស្សបន្សល់ទុកតាំងពីសម័យនគរភ្នំនិងចេនឡាមក។,កត្តាដែលធ្វើអោយសម័យអង្គររីកចម្រើនគឺ: .កត្តាព្រះរាជា:ព្រះរាជាចាប់ពីព្រះបាទជ័យវរ្ម័នទី 2 រហូតដល់ព្រះបាទជ័យវរ្ម័នទី 7 សុទ្ធសឹងតែជាស្ដេចខ្លាំងពូកែ .កត្តាសេដ្ឋកិច្ច: +នយោបាយក្នុងប្រទេស:បង្រួបបង្រួម​ កសាង និងការពារ។ +នយោបាយក្រៅប្រទេស:ចងសម្ព័ន្ធមិត្តជាមួយប្រទេសធំៗដូចជាចិននិងឥណ្ឌា និងវាយយករដ្ឋតូចដាក់ជាចំណុះ .កត្តាប្រទេសជាតិ:មានការរីកចម្រើនខ្លាំងខ្លា .កត្តាធនធានមនុស្សបន្សល់ទុកតាំងពីសម័យនគរភ្នំនិងចេនឡាមក។,10,9,4,0.9,0.953125,4,10,0,1
14,តើគេចែកយុគសម័យបុរេប្រវត្តិសាស្ត្រកម្ពុជាជាប៉ុន្មានយុគសម័យ?អ្វីខ្លះ?,គេចែកយុគសម័យបុរេប្រវត្តិសាស្ត្រកម្ពុជាជាបីយុគសម័យគឺ -យុគថ្មបំបែក (600000 - 12000 ឆ្នាំមុនគ.ស) -យុគថ្មរលីងឬសំលៀង (8000 - 2000 ឆ្នាំមុនគ.ស) -យុគលោហៈ(2000-100 ឆ្នាំមុនគ.ស)។,គេចែកយុគសម័យបុរេប្រវត្តិសាស្ត្រកម្ពុជាជាបីយុគសម័យគឺ -យុគថ្មបំបែក (600000 - 12000) -យុគថ្មរលីងឬសំលៀង (8000 - 2000) -យុគលោហៈ(2000-1000)។,5,5,4,1.0,0.978515625,4,5,0,0
15,តើការស្ថិតនៅក្រៅសារពាង្គកាយនៃពងស្វាសមានសារៈសំខាន់ដូចម្តេច?,ការស្ថិតនៅក្រោមសារពាង្គកាយនៃពងស្វាសមានសារៈសំខាន់ដូចជាដើម្បីរក្សាសីតុណ្ហភាពឲ្យ ទាបជាងសីតុណ្ហភាពក្នុងខ្លួន ប្រហែលពី(2-3)សីតុណ្ហភាពក្នុងខ្លួន37 ។,ការស្ថិតនៅក្រោមសារពាង្គកាយនៃពងស្វាសមានសារៈសំខាន់ដូចជាដើម្បីរក្សាសីតុណ្ហភាពឲ្យ ទាបជាងសីតុណ្ហភាពក្នុងខ្លួន ប្រហែលពី(2-3)ដែលជាលក្ខខណ្ឌចាំបាច់សម្រាប់ការផលិត មេជីវិតឈ្មោល ។,10,8,3,0.8,0.8662109375,3,9,0,1
16,បុព្វហេតុអ្វីខ្លះដែលនាំឲ្យអាណាចក្រចេនឡាបែកបាក់ជាពីរគឺអាណាចក្រចេនឡាដីគោកនិងចេនឡាទឹកលិច?,បុព្វហេតុដែលនាំហើយអាណាចក្រចេនឡាបែកជាពីរគឺ -វិសាលភាពទឹកដីធំទូលាយ -ចម្បាំងអត់ឈប់ឈរ -សមន្ដរដ្ឋបះបោរចង់ផ្ដាច់ខ្លួន -វិបត្តិផ្ទៃក្នុង -ព្រះនាងជ័យទេវីគ្មានសមត្ថភាពគ្រប់គ្រង។,បុព្វហេតុដែលនាំហើយអាណាចក្រចេនឡាបែកជាពីរគឺ -វិសាលភាពទឹកដីធំទូលាយ -ចម្បាំងអត់ឈប់ឈរ -សមន្ដរដ្ឋបះបោរចង់ផ្ដាច់ខ្លួន -វិបត្តិផ្ទៃក្នុង -ព្រះនាងជ័យទេវីគ្មានសមត្ថភាពគ្រប់គ្រង។,7,7,4,1.0,0.98779296875,4,7,0,0
17,ហេតុអ្វីបានជាផ្នែកឯកជនជាកម្លាំងដ៏សំខាន់សម្រាប់វិនិយោគ និងធ្វើឲ្យមានកំណើនសេដ្ឋកិច្ចក្នុងប្រទេស?,បានជាផ្នែកឯកជនជាកម្លាំងដ៏សំខាន់សម្រាប់កំណើនសេដ្ឋកិច្ចកម្ពុជាព្រោះ -កម្ពុជាបានអនុវត្តសេដ្ឋកិច្ចទីផ្សារសេរីដោយបានធ្វើកំណែទម្រង់ពីសហគ្រាសរដ្ឋឲ្យក្លាយទៅជាកម្មសិទ្ធិឯកជន -សេដ្ឋកិច្ចទីផ្សារសេរីនាំឲ្យអ្នករកស៊ីចូលចិត្តមករកស៊ីនិងដាក់វិនិយោគទុន -កាលណាភ្នែកឯកជនរឹងមាំអាចជួយបំពេញបន្ថែមលើវិនិយោគសាធារណៈក្នុងវិស័យសេដ្ឋកិច្ចគឺផ្នែកឯកជនអាចស្រូបយកកម្លាំងពលកម្មកើនឡើង។,បានជាផ្នែកឯកជនជាកម្លាំងដ៏សំខាន់សម្រាប់វិនិយោគនិងធ្វើឲ្យមានកំណើនសេដ្ឋកិច្ចក្នុងប្រទេសព្រោះកម្ពុជា ជាប្រទេសអនុវត្តន៍សេដ្ឋកិច្ចទីផ្សារសេរីដោយបានធ្វើកំណែទម្រង់សហគ្រាសឲ្យក្លាយទៅជាកម្មសិទ្ធិឯកជន។ សេដ្ឋកិច្ច ទីផ្សារសេរីបាននាំឲ្យអ្នករកស៊ីបរទេសចូលចិត្តមកពីនិយមហើយកាលណាផ្នែកឯកជនរឹងមាំបំពេញបន្ថែមវិនិយោគ សាធារណៈក្នុងវិស័យសង្គមកិច្ចមានន័យថាវិស័យឯកជនអាចស្រូបយកកម្លាំងការងារកាន់តែច្រើនឡើង។,15,15,4,1.0,0.5107421875,2,8,2,7
18,តើកម្ពុជាមានបេតិកភណ្ឌអ្វីខ្លះ ដែលបានចុះបញ្ជីបេតិកភណ្ឌរូបី និង អរូបីពិភពលោករបស់អង្គការយូណេស្កូ? ចូររៀបរាប់ឱ្យបានប្រាំ។,កម្ពុជាមានបេតិកភណ្ឌដែលបានចុះបញ្ជីបេតិកភណ្ឌរូបី និង អរូបីពិភពលោករបស់អង្គការយូណេស្កូដូចជា     +ល្ខោនខោល     +រមណីយដ្ឋានអង្គរ     +ចាប៉ីដងវែង     +ប្រាសាទព្រះវិហហារ     +ល្ខោនស្រមោលស្បែកធំ     +របាំព្រះរាជទ្រព្យ     +ក្រមាខ្មែរ     +គុនល្បុកតោ     +រមណីយដ្ឋានសម្បូរព្រៃគុក,កម្ពុជាមានបេតិកភណ្ឌដែលបានចុះបញ្ជីបេតិ កភណ្ឌរូបិយនិងអរូបិយពិភពលោករបស់ អង្គការយូណេស្កូមានដូចជា÷ -ប្រាសាទព្រះវិហារ  -ប្រាសាទអង្គរវត្ត  -ប្រាសាទកោះកេរ្ត៌ិ -ប្រាសាទតាមាន់។,5,3,2,0.6,0.79833984375,3,4,1,1
19,ហេតុអ្វីបានជាផ្នែកឯកជនជាកម្លាំងដ៏សំខាន់សម្រាប់វិនិយោគ និងធ្វើឲ្យមានកំណើនសេដ្ឋកិច្ចក្នុងប្រទេស?,បានជាផ្នែកឯកជនជាកម្លាំងដ៏សំខាន់សម្រាប់កំណើនសេដ្ឋកិច្ចកម្ពុជាព្រោះ -កម្ពុជាបានអនុវត្តសេដ្ឋកិច្ចទីផ្សារសេរីដោយបានធ្វើកំណែទម្រង់ពីសហគ្រាសរដ្ឋឲ្យក្លាយទៅជាកម្មសិទ្ធិឯកជន -សេដ្ឋកិច្ចទីផ្សារសេរីនាំឲ្យអ្នករកស៊ីចូលចិត្តមករកស៊ីនិងដាក់វិនិយោគទុន -កាលណាភ្នែកឯកជនរឹងមាំអាចជួយបំពេញបន្ថែមលើវិនិយោគសាធារណៈក្នុងវិស័យសេដ្ឋកិច្ចគឺផ្នែកឯកជនអាចស្រូបយកកម្លាំងពលកម្មកើនឡើង។,បានជាផ្នែកឯកជនជាកម្លាំងដ៏សំខាន់សម្រាប់វិនិយោគនិងធ្វើឲ្យមានកំណើនសេដ្ឋកិច្ចក្នុងប្រទេសព្រោះ៖ -ប្រជាជនអាចធ្វើការលក់និងផលិតផលដោយខ្លួនឯង -បរទេសចូលចិត្តធ្វើការមកវិនិយោគ -ឯកជនអាចធ្វើការគ្រប់គ្រងល្អជាងរដ្ឋជាអ្នកគ្រប់គ្រង -ងាយស្រួលធ្វើការវិនិយោគ។,15,5,1,0.3333333333333333,0.354736328125,1,5,0,0
20,តើសង្គមខ្មែរនៅសម័យអង្គរមានប៉ុន្មានវណ្ណៈ? វណ្ណៈអ្វីខ្លះ? ចូលរៀបរាប់។,សង្គមខ្មែរនៅសម័យអង្គរមានប្រាំវណ្ណៈគឺ -វណ្ណៈក្សត្រឬរាជវង្សនុវង្ស (ជាស្ដេចគ្រប់គ្រងប្រទេស -វណ្ណៈមន្ត្រី (អ្នករស់នៅក្នុងរាជវាំងបម្រើស្ដេច) -វណ្ណៈព្រាហ្ម៍ឬបុព្វជិត​(គឺជាអ្នកបួស) -វណ្ណៈអ្នកជាឬកសិករ (អ្នករស់នៅនឹងធ្វើស្រែចម្ការ) -វណ្ណៈអ្នកងារឬទាសករ(ទាសករបម្រើគេតកូនតចៅ)។,5.សង្គមខ្មែរនៅសម័យអង្គរមានប្រាំវណ្ណៈគឺ -វណ្ណៈក្សត្រឬរាជវង្សនុវង្ស:​មិនត្រូវការបង់ពន្ធ ព្រមទាំងមិនចាំបាច់ធ្វើការងារធ្ងន់។ -វណ្ណៈមន្ត្រី: ជាអ្នកដែលធ្វើការក្នុងវាំងនិងបម្រើព្រះរាជា។ -វណ្ណៈអ្នកបួសឬបុព្វជិត​: មានបួនគឺពួកប៉ាន់ឃាប ពួកព្រាហ្ម៍បុរោហិត ពួកជូគូនិងពួកប៉ាវីស៊ី។ -វណ្ណៈអ្នកជា:គឺជាប្រជាជនធម្មតាត្រូវរកស៊ីធ្វើការបង់ពន្ធដល់ព្រះរាជា។ -វណ្ណៈអ្នកងារឬទាសករ:ជាវណ្ណៈដែលបម្រើគេព្រោះដោយសារជំពាក់បំណុលគេឬជាទាសករបម្រើគេតទៅកូនតចៅដោយមិនបានប្រាក់កម្រៃ។,10,10,4,1.0,0.9765625,4,10,0,0
21,បុព្វហេតុអ្វីខ្លះដែលនាំឲ្យអាណាចក្រចេនឡាបែកបាក់ជាពីរគឺអាណាចក្រចេនឡាដីគោកនិងចេនឡាទឹកលិច?,បុព្វហេតុដែលនាំហើយអាណាចក្រចេនឡាបែកជាពីរគឺ -វិសាលភាពទឹកដីធំទូលាយ -ចម្បាំងអត់ឈប់ឈរ -សមន្ដរដ្ឋបះបោរចង់ផ្ដាច់ខ្លួន -វិបត្តិផ្ទៃក្នុង -ព្រះនាងជ័យទេវីគ្មានសមត្ថភាពគ្រប់គ្រង។,បុព្វហេតុដែលនាំហើយអាណាចក្រចេនឡាបែកជាពីរគឺ -វិសាលភាពទឹកដីធំទូលាយ -ចម្បាំងអត់ឈប់ឈរ -សមន្ដរដ្ឋបះបោរចង់ផ្ដាច់ខ្លួន -វិបត្តិផ្ទៃក្នុង -ព្រះនាងជ័យទេវីគ្មានសមត្ថភាពគ្រប់គ្រង។,7,7,4,1.0,0.98779296875,4,7,0,0
22,ចូរនិយាយពីកំណកាម៉ែតញី។,ការស្ថិតនៅក្រោមសារពាង្គកាយនៃពងស្វាសមានសារៈសំខាន់ដូចជាដើម្បីរក្សាសីតុណ្ហភាពឲ្យ ទាបជាងសីតុណ្ហភាពក្នុងខ្លួន ប្រហែលពី(2-3)សីតុណ្ហភាពក្នុងខ្លួន37 ។,កំណកាម៉ែតញីដំបូងកោសិកាពូជមួយរួមចំណែកពីរដងបន្តបន្ទាប់គ្នា បានកោសិកាអូវ៉ូកូរី4 ។ អូវ៉ូកូរីនីមួយៗរីកមាឌអាចជាអូវ៉ូស៊ីត1 ។អូវ៉ូស៊ីតមួយរងចំណែកមួយនៃមេយោធាហើយត្រូវបាន ឈប់គាំងនៅវគ្គប្រផ្ដាស1 ។ក្រោយមកពេលគ្រប់អូវ៉ូស៊ីតមួយបន្តធ្វើចំណែកហើយត្រូវបានបញ្ចប់ នៅរយៈពេល6ម៉ោងមុនដំណើរអូវ៉ុលនិងធ្លាក់មកក្រៅជាអូវ៉ូស៊ីត2 ។ប្រសិនបើជួបស្ពែម៉ាតូសូអុីត បង្កើតបានជាអូវុល ។,10,8,3,0.8,0.76416015625,3,8,0,0
23,តើឧស្សាហកម្មមានតួនាទីដូចម្ដេចខ្លះចំពោះសេដ្ឋកិច្ចជាតិ?,ឧស្សាហកម្មមាន​តួនាទីចំពោះសេដ្ឋកិច្ចជាតិដូចជា ៖ ​ _ ជួយបង្កើតថវិការជាតិ ​ _ ជួយបង្កើតទិន្នផលជាតិ ​​ _ ជួយឲ្យសេដ្ឋកិច្ចជាតិរីកចម្រើន  _ ប្រជាជនសំបូរធូរធារ  _អភិវឌ្ឍគ្រប់វិស័យ  _ មានទំនាក់ទំនងល្អជាមួយអ្នកជិតខាង  _ មានភាពរុងរឿងនៅក្នុងប្រទេសជាតិ។,ឧស្សាហកម្មមានតួនាទីចំពោះសេដ្ឋកិច្ចជាតិដូចជា ៖ _ ជួយបង្កើនប្រាក់ចំណូលជូនជាតិ23.8% 2008 _ បង្កើតការងារជូនប្រជាជន  _ បង្កើតប្រាក់ចំណូលក្នុងគ្រួសារ  _ ប្រជាជនមានជីវភាពធូរធារ _ ជួយរក្សាលំនឹងជញ្ជីងពាណិជ្ជកម្ម  _ ផ្ដល់ផលិតផលសម្រាប់នាំចេញ  _ ផ្ដល់ផលិតផលសម្រាប់ប្រើប្រាស់ _ កាត់បន្ថយការនាំចូល។,15,12,3,0.8,0.9091796875,4,14,1,2
24,តើកម្ពុជាមានបេតិកភណ្ឌអ្វីខ្លះ ដែលបានចុះបញ្ជីបេតិកភណ្ឌរូបី និង អរូបីពិភពលោករបស់អង្គការយូណេស្កូ? ចូររៀបរាប់ឱ្យបានប្រាំ។,កម្ពុជាមានបេតិកភណ្ឌដែលបានចុះបញ្ជីបេតិកភណ្ឌរូបី និង អរូបីពិភពលោករបស់អង្គការយូណេស្កូដូចជា     +ល្ខោនខោល     +រមណីយដ្ឋានអង្គរ     +ចាប៉ីដងវែង     +ប្រាសាទព្រះវិហហារ     +ល្ខោនស្រមោលស្បែកធំ     +របាំព្រះរាជទ្រព្យ     +ក្រមាខ្មែរ     +គុនល្បុកតោ     +រមណីយដ្ឋានសម្បូរព្រៃគុក,កម្ពុជាមានបេតិកភណ្ឌដែលបានចុះបញ្ជីបេតិ កភណ្ឌរូបិយនិងអរូបិយពិភពលោករបស់ អង្គការយូណេស្កូមានដូចជា÷ -រមណីយដ្ឋានប្រាសាទអង្គរវត្ត  -ប្រាសាទព្រះវិហារ  -ប្រាសាទសំបូរព្រៃគុហ៍ -ល្ខោនស្រមោលស្បែកធំ -ចាប៉ីដងវែង។,5,5,4,1.0,0.93505859375,4,5,0,0
25,តើឧស្សាហកម្មមានអ្នកតួនាទីចំពោះសេដ្ឋកិច្ចយ៉ាងដូចម្ដេច?,ឧស្សាហកម្មមានតួនាទីសម្រាប់សេដ្ឋកិច្ចជាតិដូចជា -ជួយបង្កើតប្រាក់ចំណូលចូលជាតិ -បង្កើតការងារដល់ប្រជាជន -បង្កើតប្រាក់ចំណូលចូលក្នុងគ្រួសារ -ប្រជាជនមានជីវភាពធូរធារ -ជួយរក្សាជញ្ជីងពាណិជ្ជកម្ម -ជួយបង្កើតទិន្នផលសម្រាប់ការនាំចេញនាំចូល -បង្កើននូវសង្ឃភារៈសម្រាប់ប្រើប្រាស់។,ឧស្សាហកម្មមានតួនាទីចំពោះសេដ្ឋកិច្ចដូចជា -ជួយបង្កើនប្រាក់ចំណូលចូលជាតិ -បង្កើនការងារជូនផលប្រជាជន -ផ្ដល់ប្រាក់ចំណូលក្នុងគ្រួសារ -ប្រជាជនមានជីវភាពធូរធារ  -ជួយរក្សាលំនឹងជញ្ជីងពាណិជ្ជកម្ម  -ផ្ដល់ផលិតផលសម្រាប់នាំចេញ -ផ្តល់ផលិតផលសម្រាប់ប្រើប្រាស់។,15,15,4,1.0,0.9541015625,4,14,0,1
26,តើសង្គមខ្មែរនៅសម័យអង្គរមានប៉ុន្មានវណ្ណៈ? វណ្ណៈអ្វីខ្លះ? ចូលរៀបរាប់។,សង្គមខ្មែរនៅសម័យអង្គរមានប្រាំវណ្ណៈគឺ -វណ្ណៈក្សត្រឬរាជវង្សនុវង្ស (ជាស្ដេចគ្រប់គ្រងប្រទេស -វណ្ណៈមន្ត្រី (អ្នករស់នៅក្នុងរាជវាំងបម្រើស្ដេច) -វណ្ណៈព្រាហ្ម៍ឬបុព្វជិត​(គឺជាអ្នកបួស) -វណ្ណៈអ្នកជាឬកសិករ (អ្នករស់នៅនឹងធ្វើស្រែចម្ការ) -វណ្ណៈអ្នកងារឬទាសករ(ទាសករបម្រើគេតកូនតចៅ)។,សង្គមខ្មែរនៅសម័យអង្គរមានប្រាំវណ្ណៈគឺ -វណ្ណៈក្សត្រ -វណ្ណៈមន្ត្រី -វណ្ណៈបុព្វជិត -វណ្ណៈអ្នកជា -វណ្ណៈទាសករ។,10,6,2,0.6,0.51416015625,2,5,0,1
27,តើព្រះបាទពញាយ៉ាតមានបុត្រប៉ុន្មានអង្គព្រះនាមអ្វីខ្លះ?ជាមួយអ្នកម្នាងណាខ្លះ?,ព្រះបាទពញាយ៉ាតមានបុត្របីអង្គគឺ នារាយណ៍រាជា ជាបុត្រជាមួយម្នាងទេវី ស្រីរាជាជាបុត្រជាមួយបុទុមកេសរ និងធម្មរាជាជាបុត្រជាមួយសុីសង៉ាម(បុត្រីស្ដេចសៀម)។,ព្រះបាទពញាយ៉ាតមានបុត្របីអង្គគឺ នារាយណ៍រាជា ជាបុត្រជាមួយម្នាងទេវី ស្រីរាជាជាបុត្រជាមួយបុទុមកេសរ និងធម្មរាជាជាបុត្រជាមួយសុីសង៉ាម(បុត្រីស្ដេចសៀម)។,5,5,4,1.0,0.9755859375,4,5,0,0
28,សេដ្ឋកិច្ចកម្ពុជាពឹងផ្អែកលើវិស័យកសិកម្មជាសំខាន់៖ ​ក.​ ហេតុអ្វីបានជាគេនិយាយថាកម្ពុជាជាប្រទេសកសិកម្ម? ខ. តើគេចែកកសិករទាំងនោះជាប៉ុន្មានប្រភេទ?,សេដ្ឋកិច្ចកម្ពុជាបានផ្អែកលើវិស័យកសិកម្មជាសំខាន់៖ ក​. បានជាគេនិយាយថាប្រទេសកម្ពុជាជាប្រទេសកសិកម្មដោយសារ -ផ្ទៃដីនៅប្រទេសកម្ពុជាប្រហែល៩០ភាគរយសិតតែដំណាំស្រូវ -ប្រជាជនកកម្ពុជា ៧០.៣ភាគរយធ្វើកសិកម្ម -កសិកម្មជួយឲ្យប្រជាជនកម្ពុជាមានការងារធ្វើ -ប្រជាជននិយមធ្វើកសិកម្ម -ដីនៅកម្ពុជាប្រកបជាមួយកាធ្វើកសិកម្ម -កម្ពុជាមានអាកាសធាតុសមស្របសម្រាប់ធ្វើកសិកម្ម ខ. គេចែកកសិកម្មទាំងនោះជាពីរប្រភេទ៖ +កសិករខ្នាតតូច -ធ្វើកសិកម្មដើម្បីជីវិត -ធ្វើលក្ខណៈតិចតួច ទុកតែបរិភោគសម្រាប់គ្រួសារ -មិនលក់ឲ្យអ្នកណា +កសិករខ្នាតធំ -ធ្វើកសិកម្មច្រើនហើយទុកសម្រាប់លក់ឬនាំចេញទៅក្រៅប្រទេស -ធ្វើមួយឆ្នាំអាចទៅពីរលើក -ធ្វើលក្ខណៈច្រើន ដើម្បីលក់និងនាំចេញ។,សេដ្ឋកិច្ចកម្ពុជាបានផ្អែកលើវិស័យកសិកម្មជាសំខាន់ព្រោះ៖ ក. បានជាគេនិយាយថាកម្ពុជាជាប្រទេសកសិកម្មព្រោះប្រជាជននៅតាមទីជនបទជាកសិករធ្វើចម្ការ និងដាំស្រូវ ហើយផ្ទៃដីនៅ ប្រទេសកម្ពុជាគឺអំណោយផកដីមានជីជាតិដែលអនុគ្រោះដល់វិស័យកសិកម្ម។ ខ. គេចែកកសិករទាំងនោះជា៣ប្រភេទ៖ -កសិករដាំស្រូវ -កសិករមិនធ្វើស្រែ -កសិករធ្វើចម្ការតែមិនដាំស្រូវ។,15,9,2,0.6,0.5810546875,2,9,0,0
29,ហេតុអ្វីបានជាមនុស្សស្រូបយកខ្យល់ដែលមានកាបូនម៉ណូអុកស៊ីតអាចបង្កគ្រោះថ្នាក់ដល់ស្លាប់បាន?,បានជាមនុស្សស្រូបយកខ្យល់ដែលមានកាបូនម៉ូណូអុកស៊ីដអាចបង្កឲ្យមានគ្រោះថ្នាក់ដល់ស្លាប់ បានព្រោះកាបូនម៉ូណូអុកស៊ីដមានសមត្ថភាពចាប់យក ក្នុងឈាមបានខ្លាំងជាងអុកស៊ីសែន វារារាំងឈាមមិនឲ្យដឹកនាំអុកស៊ីសែនទៅចិញ្ចឹមសរីរាង្គជាពិសេសខួរក្បាលដែលបណ្តាលឲ្យ ស្លាប់និង សន្លប់ ។,បានជាមនុស្សស្រូបយកខ្យល់ដែលមានកាបូនម៉ូណូអុកស៊ីដអាចបង្កឲ្យមានគ្រោះថ្នាក់ដល់ស្លាប់ បានព្រោះកាបូនម៉ូណូអុកស៊ីដមានសមត្ថភាពចាប់យក ក្នុងឈាមបានខ្លាំងជាងអុកស៊ីសែន វារារាំងឈាមមិនឲ្យដឹកនាំអុកស៊ីសែនទៅចិញ្ចឹមសរីរាង្គជាពិសេសខួរក្បាលដែលបណ្តាលឲ្យ ស្លាប់និង សន្លប់ ។,5,4,3,0.8,0.76025390625,3,4,0,0
30,ដូចម្តេចដែលហៅថាមេយ៉ូស? ចូរនិយាយពីវគ្គផ្សេងៗនៃមេយ៉ូស។,មេយ៉ូសជាសំណុំនៃចំណែកកោសិកាពីរដងបន្តបន្ទាប់គ្នាដែលបង្កើតបានជាកោសិកាអាលូអុីតបួន ហៅថាមេយ៉ូស ។ _តេឡូផាស1 ស៊ីតូប្លាសចែកខ្លួនបានជាកោសិកាកូនពីរ ។កោសិកាកូននីមួយៗទទួលបានក្រូម៉ូសូម តែមួយពីរគូអូម៉ូឡូក ។ _ប្រផាស1 មានរយៈពេលវែង ។ _អាណាផាស1 ក្រូម៉ូសូមដំរៀបលើផ្លាស់ភ្ជាប់នឹងក្រយ៉ូងក្រូម៉ាទិចដោយសង់ក្រូងទ័ររបស់វា ។ _តេឡូផាស2 ក្រូម៉ូមនីមួយៗបានមកដល់ប៉ូលភ្នាស _មេតាផាស2 ក្រូម៉ូសូមប្រេះតាមបណ្ដោយភ្ជាប់ខ្លួនទៅនិងក្រយ៉ងក្រូម៉ាទិចដោយសង់ _ប្រូដាស2 ត្តយ៉ងអាក្រូម៉ាទិតកើតមានក្នុងកោសិកាគូនីមួយៗ _អាណាផាស2 សង់ក្រូម៉ែធ្វើចំណែកដែលនាំអោយក្រូម៉ាទិចបងប្អូនដាច់ចេញពីគ្នា ។បន្ទាប់មក ក្រូម៉ូសូមកូនទាំង2ធ្វើដំណើរឆ្ពោះទៅប៉ូលផ្ទុយគ្នារបស់ត្រយ៉ូងអាក្រូម៉ាទិច ។,មេយ៉ូសជាសំណុំនៃចំណែកកោសិកាពីរដងបន្តបន្ទាប់គ្នាដែលបង្កើតបានជាកោសិកាអាលូអុីតបួន ហៅថាមេយ៉ូស ។មានបួនវគ្គគឺ ប្រូផាស អាណាផាស មេតាផាស និង តេឡូផាស ។,10,5,2,0.5,0.463623046875,2,5,0,0
31,ដូចម្តេចដែលហៅថាមេយ៉ូស? ចូរនិយាយពីវគ្គផ្សេងៗនៃមេយ៉ូស។,មេយ៉ូសជាសំណុំនៃចំណែកកោសិកាពីរដងបន្តបន្ទាប់គ្នាដែលបង្កើតបានជាកោសិកាអាលូអុីតបួន ហៅថាមេយ៉ូស ។ _តេឡូផាស1 ស៊ីតូប្លាសចែកខ្លួនបានជាកោសិកាកូនពីរ ។កោសិកាកូននីមួយៗទទួលបានក្រូម៉ូសូម តែមួយពីរគូអូម៉ូឡូក ។ _ប្រផាស1 មានរយៈពេលវែង ។ _អាណាផាស1 ក្រូម៉ូសូមដំរៀបលើផ្លាស់ភ្ជាប់នឹងក្រយ៉ូងក្រូម៉ាទិចដោយសង់ក្រូងទ័ររបស់វា ។ _តេឡូផាស2 ក្រូម៉ូមនីមួយៗបានមកដល់ប៉ូលភ្នាស _មេតាផាស2 ក្រូម៉ូសូមប្រេះតាមបណ្ដោយភ្ជាប់ខ្លួនទៅនិងក្រយ៉ងក្រូម៉ាទិចដោយសង់ _ប្រូដាស2 ត្តយ៉ងអាក្រូម៉ាទិតកើតមានក្នុងកោសិកាគូនីមួយៗ _អាណាផាស2 សង់ក្រូម៉ែធ្វើចំណែកដែលនាំអោយក្រូម៉ាទិចបងប្អូនដាច់ចេញពីគ្នា ។បន្ទាប់មក ក្រូម៉ូសូមកូនទាំង2ធ្វើដំណើរឆ្ពោះទៅប៉ូលផ្ទុយគ្នារបស់ត្រយ៉ូងអាក្រូម៉ាទិច ។,មេយ៉ូសជាសំណុំនៃចំណែកកោសិកាពីរដងបន្តបន្ទាប់គ្នាដែលបង្កើតបានជាកោសិកាអាលូអុីតបួន ហៅថាមេយ៉ូស ។មានបួនវគ្គគឺ ប្រូផាស អាណាផាស មេតាផាស និង តេឡូផាស ។,10,5,2,0.5,0.463623046875,2,5,0,0
32,ហេតុអ្វីបានជាមនុស្សស្រូបយកខ្យល់ដែលមានកាបូនម៉ណូអុកស៊ីតអាចបង្កគ្រោះថ្នាក់ដល់ស្លាប់បាន?,បានជាមនុស្សស្រូបយកខ្យល់ដែលមានកាបូនម៉ូណូអុកស៊ីដអាចបង្កឲ្យមានគ្រោះថ្នាក់ដល់ស្លាប់ បានព្រោះកាបូនម៉ូណូអុកស៊ីដមានសមត្ថភាពចាប់យក ក្នុងឈាមបានខ្លាំងជាងអុកស៊ីសែន វារារាំងឈាមមិនឲ្យដឹកនាំអុកស៊ីសែនទៅចិញ្ចឹមសរីរាង្គជាពិសេសខួរក្បាលដែលបណ្តាលឲ្យ ស្លាប់និង សន្លប់ ។,បានជាមនុស្សស្រូបយកខ្យល់ដែលមានកាបូនម៉ូណូអុកស៊ីដអាចបង្កឲ្យមានគ្រោះថ្នាក់ដល់ស្លាប់បាន ព្រោះ _កាបូនម៉ូណូអុកស៊ីដមានសមត្ថភាពចាប់យក ក្នុងឈាមបានខ្លាំងជាងអុកស៊ីសែន _រារាំងឈាមមិនឲ្យដឹកនាំអុកស៊ីសែនទៅចិញ្ចឹមសរីរាង្គជាពិសេសខួរក្បាលដែលបណ្តាលឲ្យស្លាប់និង សន្លប់ ។,5,3,2,0.6,0.73681640625,3,4,1,1
33,តើប្រព័ន្ធផលិតកម្មកសិកម្មនៅប្រទេសកម្ពុជាមានអ្វីខ្លះ?,ប្រព័ន្ធផលិតកម្មកសិកម្មនៅកម្ពុជាមានដូចជាដំណាំដំណាំស្រូវនិងកៅស៊ូដឹកនាំផ្សេងៗទៀតការចិញ្ចឹមសត្វបានចិញ្ចឹមសត្វលើគោកការចិញ្ចឹមសត្វក្នុងទឹកការនេសាទការនេសាទទឹកសាបការនេសាទទឹកប្រៃ  ព្រៃឈើអនុផលព្រៃឈើរកឃ្មុំជ័រទឹកក្តៅសត្វព្រៃ,ប្រព័ន្ធផលិតកម្មកសិកម្មនៅប្រទេសកម្ពុជាមាន​ដូចជា៖ -ដំណាំមាន ៥០.៧%(ស្រូវ ពោត ដំឡូង ក្រចៅ ថ្នាំជក់ ចម្ការកោស៊ូ) -ការចិញ្ចិមសត្វ ១៥.៥%(គោ មាន់ ទា​ ក្របី ត្រី និងការនេសាទ) -ការនេសាទ២៥% ការឆក់ត្រី ទឹកសាប ទឹកប្រៃ -ព្រៃឈើអាជីវកម្ម ៦.៨% (ការប្រកបរបរអាំជីវកម្មព្រៃឈើ)។,15,10,3,0.6666666666666666,0.466796875,2,7,1,3
34,តើកត្តាអ្វីខ្លះដែលធ្វើអោយសម័យអង្គររីកចម្រើនដល់កំពូល?​ ចូលរៀបរាប់។,កត្តាដែលធ្វើអោយសម័យអង្គររីកចម្រើនគឺ: កត្តាព្រះរាជា:ព្រះរាជាចាប់ពីព្រះបាទជ័យវរ្ម័នទី 2 រហូតដល់ព្រះបាទជ័យវរ្ម័នទី 7 សុទ្ធតែជាស្ដេចខ្លាំងពូកែ កត្តានយោបាយ: នយោបាយក្នុងប្រទេសបង្រួបបង្រួមជាតិកសាងនិងការពារទឹកដី នយោបាយក្រៅប្រទេស:ចងសម្ព័ន្ធមិត្តជាមួយប្រទេសធំៗវាយយករដ្ឋតូចដាក់ជាចំណុះ កត្តាសេដ្ឋកិច្ច:រីកចម្រើនលើវិស័យកសិកម្មសិប្បកម្មគណនាគម កត្តាសាសនា:ការឯកភាពគ្នារវាងសាសនាព្រាហ្មនិងព្រះពុទ្ធ កត្តាធនធានមនុស្សបន្សល់ទុកតាំងពីសម័យនគរភ្នំនិងចេនឡាមក។,កត្តាដែលធ្វើអោយសម័យអង្គររីកចម្រើនគឺ: .កត្តាព្រះរាជា:ព្រះរាជាចាប់ពីព្រះបាទជ័យវរ្ម័នទី 2 រហូតដល់ព្រះបាទជ័យវរ្ម័នទី 7 សុទ្ធសឹងតែជាស្ដេចខ្លាំងពូកែ .កត្តានយោបាយ: +នយោបាយក្នុងប្រទេស:បង្រួបបង្រួម​ កសាង និងការពារ។ +នយោបាយក្រៅប្រទេស:ចងសម្ព័ន្ធមិត្តជាមួយប្រទេសធំៗដូចជាចិននិងឥណ្ឌា និងវាយយករដ្ឋតូចដាក់ជាចំណុះ .កត្តាសេដ្ឋកិច្ច:ការរីកចម្រើនលើវិស័យកសិកម្ម សិប្បកម្ម គណនាគមន៍ .កត្តាសាសនា:មានការឯកភាពគ្នារវាងសាសនាព្រាហ្មនិងព្រះពុទ្ធ .កត្តាធនធានមនុស្សបន្សល់ទុកតាំងពីសម័យនគរភ្នំនិងចេនឡាមក។,10,10,4,1.0,0.98486328125,4,10,0,0
35,ចូរពណ៌នាពីពីការអភិវឌ្ឍសេដ្ឋកិច្ច សង្គម នៅកម្ពុជាពីឆ្នាំ១៩៩៣ មកទល់សព្វថ្ងៃ?,ពណ៌នាពីពីការអភិវឌ្ឍសេដ្ឋកិច្ច សង្គម នៅកម្ពុជាពីឆ្នាំ១៩៩៣ មកទល់សព្វថ្ងៃ .វិស័យសេដ្ឋកិច្ច:  +សេដ្ឋកិច្ចកម្ពុជាមានការរីកចម្រើនឡើងជាបន្តបន្ទាប់ដែលធ្វើឲ្យប្រទេសកម្ពុជាមានជីវភាពល្អប្រសើរ។ +កសិកម្មរីកចម្រើនខាងដាំដំណាំស្រូវទទួលបានទិន្នផលខ្ពស់ជាបន្តបន្ទាប់ +ឧស្សាហកម្មមានតំណាងរោងចក្រច្រើនកន្លែងនិងលើកឡើងនៅសហគ្រឿងធំៗដែលបានផ្ដល់ចំណូលដល់ប្រជាពលរដ្ឋ +ពាណិជ្ជកម្មកាលនាំចូលមកក្នុងប្រទេសនិងមានវិនិយោគក្នុងប្រទេស +គមនាគមន៍កសាងស្ពានផ្លូវថ្នល់អាកាសយានដ្ឋានផ្គត់ផ្គង់ប្រព័ន្ធទឹកពីទីក្រុងដល់ជនបទ កំពុងផែ +ហិរញ្ញវត្ថុមានស្ថេរភាពក្នុងអត្រាប្ដូរប្រាក់ +ធនាគារលើកឡើងនៅធនាគារជាតិហ្នឹងឯកជនជាច្រើន .វិស័យសង្គម +ការអប់រំសិក្សា បង្កើតសាលារៀនគ្រប់កម្រិតពីមត្តីរហូតដល់ឧត្តមសិក្សាបណ្ដុះបណ្ដាលធនធានមនុស្សនិងបញ្ជូននិស្សិតឲ្យទៅរៀននៅក្រៅប្រទេស។ +វប្បធម៌អរិយធម៌ ស្ដារវប្បធម៌ឡើងវិញនិងដាក់បញ្ចូលជាសម្បត្តិបេតិកភណ្ឌពិភពលោកចាប់ផ្ដើមប្រជាជនមានសិទ្ធិជឿលើសាសនា។ +សុខាភិបាលបង្កើតឲ្យមានមន្ទីរពេទ្យលោកសុខភាពនិងឱសថសាស្ត្រ +សិល្បៈបង្កើតឲ្យមានសាលាសាកលវិទ្យាល័យសិល្បៈ.,ពណ៌នាពីពីការអភិវឌ្ឍសេដ្ឋកិច្ច សង្គម នៅកម្ពុជាពីឆ្នាំ១៩៩៣ មកទល់សព្វថ្ងៃ -កម្ពុជាមានការកើនឡើងនៅផលិតផលនិងការនាំចេញទៅក្រៅប្រទេសជាមួយប្រទេសធំៗលើពិភពលោកពិសេសប្រទេសមហាអំណាចធំៗ -មានការរីកចម្រើនផ្នែកឧស្សាហកម្មសំបូរទៅដោយរោងចក្រកាត់ដេរដែលធ្វើប្រជាជនមានការងារធ្វើ +វិស័យ -វិស័យហិរញ្ញវត្ថុមានអតិភាពក្រដាសប្រាក់ -វិស័យទេសចរណ៍ការកើនឡើងនៅភ្ញៀវទេសចរណ៍បង្កើតការងារប្រាក់ចំណូលដល់ប្រជាពលរដ្ឋដោយបំពាក់ប្រព័ន្ធទឹកភ្លើងពីទីក្រុងដើរជនបទ +វិស័យសង្គមវប្បធម៌ -អប់រំសិក្សាបង្កើតសាលារៀនគ្រប់កម្រិតគ្រប់ទីកន្លែងនិងបង្កើតធនធានមនុស្ស -សុខាភិបាលសាងសង់មន្ទីរពេទ្យមនុស្សសុខភាពពីទីក្រុងដល់ជនបទ -វប្បធម៌កោះកែរស់យកវប្បធម៌ឡើងវិញ -សាសនាសុខដុមរមនាកម្មខាងសាសនា -អរិយធម៌របៀបរបបប្រពៃណីនៃការរស់នៅ,10,8,3,0.8,0.91650390625,4,9,1,1
36,តើកត្តាអ្វីខ្លះដែលបណ្ដាលឲ្យសៀមវាយបែកបន្ទាយលង្វែក?,កត្តាដែលបណ្ដាលឲ្យសៀមវាយបន្ទាយលង្វែកព្រះរាជាព្រះសត្ថាទីមួយឆោតល្ងង់ទៅជួយរំដោះក្រុងឰយុធ្យារបស់សៀមមកពីការត្រួតត្រាភូមាសៀមរមិលគុណប្រើល្បិចបញ្ជូនសល់ពីរអង្គ យកការវិបត្តិផ្ទៃក្នុងជាជួរជលសារលោករវល់ នាដើមម៉ឺនមន្ត្រីប្រជារាស្ត្រមិនពេញចិត្តដែលតែងទៅកូនអាយុដប់មួយវស្សា ឲ្យកូនរៀននៅ ក្នុងនាម មហាឧបរាជ ធ្វើឲ្យប្រជារាស្ត្របាត់បង់ស្មារតីប្រយុទ្ធប្រជារាស្ត្រខ្មែរក្រីក្រឆោតល្ងង់ចង់បានប្រាក់ដួលក៏នាំគ្នាកាប់ឆ្ការគុម្ពឫស្សីដែលជារបងការពារបន្ទាយលង្វែកដ៏រឹងមាំ រីប្រទេសខ្មែរហាក់បីដូចជាបាត់បង់សាមគ្គីដូចជាស្ថានីយមួយនាំកូនទាំងពីររត់ភៀសខ្លួនទៅប្រទេសឡាវមិនគិតពីប្រជារាស្ត្រនាំឲ្យប្រជាជន អស់ជំនឿ,កត្តាដែលបណ្ដាលឲ្យសៀមវាយបន្ទាយលង្វែកព្រះរាជាព្រះសត្ថាទីមួយឆោតល្ងង់ទៅជួយរំដោះក្រុងឰយុធ្យារបស់សៀមមកពីការត្រួតត្រាភូមាសៀមរមិលគុណប្រើល្បិចបញ្ជូនសល់ពីរអង្គ យកការវិបត្តិផ្ទៃក្នុងជាជួរជលសារលោករវល់ នាដើមម៉ឺនមន្ត្រីប្រជារាស្ត្រមិនពេញចិត្តដែលតែងទៅកូនអាយុដប់មួយវស្សា ឲ្យកូនរៀននៅ ក្នុងនាម មហាឧបរាជ ធ្វើឲ្យប្រជារាស្ត្របាត់បង់ស្មារតីប្រយុទ្ធប្រជារាស្ត្រខ្មែរក្រីក្រឆោតល្ងង់ចង់បានប្រាក់ដួលក៏នាំគ្នាកាប់ឆ្ការគុម្ពឫស្សីដែលជារបងការពារបន្ទាយលង្វែកដ៏រឹងមាំ រីប្រទេសខ្មែរហាក់បីដូចជាបាត់បង់សាមគ្គីដូចជាសត្ថាទីមួយនាំកូនទាំងពីររត់ភៀសខ្លួនទៅប្រទេសឡាវមិនគិតពីប្រជារាស្ត្រនាំឲ្យប្រជាជន អស់ជំនឿ។,10,10,4,1.0,0.90966796875,4,9,0,1
37,តើអ្វីជាសង្គ្រាមត្រជាក់? តើសង្គ្រាមត្រជាក់ផ្ដល់ផលវិបាកអ្វីខ្លះដល់កម្ពុជា?,សង្គ្រាមត្រជាក់គឺជាការប្រកួតប្រជែងផ្នែកមនោគមវិទ្យារវាងសេដ្ឋកិច្ចនយោធានិងបច្ចេកវិទ្យា។សង្គ្រាមមជ្ឈមណ្ឌលផលវិបាកដល់កម្ពុជាដូចជា -ការអនុវត្តនយោបាយវិទ្យាក្រឹត្យរបស់សម្ដេចនរោត្តមសីហនុមិនចោទទិសដៅ -ប្រទេសកម្ពុជាធ្លាក់ក្នុងសង្គ្រាមស៊ីវល -ខ្មែរក្រហមឡើងកាន់អំណាច -ប្រទេសកម្ពុជាមានភាពអាណាធិបតេយ្យ -សេដ្ឋកិច្ចកម្ពុជាធ្លាក់ចុះ -ប្រទេសកម្ពុជារស់នៅដែលភាពភ័យខ្លាច -រោងចក្រឧស្សាហកម្មបិទទ្វារ -បែកបាក់សាមគ្គីផ្ទៃក្នុង,សង្គ្រាមត្រជាក់គឺជា ការប្រឈមមុខដាក់គ្នារវាងសហរដ្ឋអាមេរិក​ និងសហភាពសូវៀតដោយរបបសេរីប្រកាន់យកដោយសហរដ្ឋអាមេរិក​ និង​កុម្មុយនីសប្រកាន់ដោយសហភាពសូវៀតដោយមានការប្រកួតប្រជែងខាងផ្នែកនយោបាយ​ សេដ្ឋកិច្ច ពាណិជ្ចកម្ម។ +សង្គ្រាមត្រជាក់ផ្ដល់ផលវិបាកដល់កម្ពុជាដូចជា -សម្លាប់ប្រជាជន​អស់ជាច្រើនលាននាក់ -បន្សល់ទុកនូវស្ត្រិមេម៉ាយ ក្មេងកំព្រាចាស់ជរាគ្មានទីពឹង -ប្រជាជនព្រាត់ប្រាស់ផ្ទះសម្បែងជួបគ្រោះទុិរិ្ភក្ស -ប្រជាជនបាត់បង់ការងារធ្វើគ្មានប្រាក់ចំណូល -ទំនិញឡើងថ្លៃអតិផរណា -ខូចខាតប្រព័ន្ធធារាសាស្ត្រ ផ្លូលទឹកនិងផ្លូវដីគោក -ខូចខាតស្ពានផ្លូវថ្នល់ កំពុងផែរ ផ្លូវដែល -សេដ្ឋកិច្ចកម្ពុជាត្រូវរាំងស្ទះ -ការខូចខាតខាងផ្នែកពាណិជ្ចកម្ម -ការនាំចេញផលិតផលស្រូវ សណ្ដែក ល្ងរ ដំណាំកៅស៊ូត្រូវបានគាំងស្ទះដោយសារសង្គ្រាម -កម្ពុជាបាត់បង់កិត្តយសឈ្មោះនៅលើឆាកអន្តរជាតិ -ប្រជាជនអស់ទំនុកចិត្តល់អ្នកដឹកនាំ និងអស់សង្ឃឹមលើវេសនាជាតិខ្លួន -ធ្វើអោយការផ្លាស់ប្ដូរបយោបាយ។,10,6,2,0.6,0.7431640625,3,7,1,1
38,តើកត្តាអ្វីខ្លះដែលធ្វើអោយសម័យអង្គររីកចម្រើនដល់កំពូល?​ ចូលរៀបរាប់។,កត្តាដែលធ្វើអោយសម័យអង្គររីកចម្រើនគឺ: កត្តាព្រះរាជា:ព្រះរាជាចាប់ពីព្រះបាទជ័យវរ្ម័នទី 2 រហូតដល់ព្រះបាទជ័យវរ្ម័នទី 7 សុទ្ធតែជាស្ដេចខ្លាំងពូកែ កត្តានយោបាយ: នយោបាយក្នុងប្រទេសបង្រួបបង្រួមជាតិកសាងនិងការពារទឹកដី នយោបាយក្រៅប្រទេស:ចងសម្ព័ន្ធមិត្តជាមួយប្រទេសធំៗវាយយករដ្ឋតូចដាក់ជាចំណុះ កត្តាសេដ្ឋកិច្ច:រីកចម្រើនលើវិស័យកសិកម្មសិប្បកម្មគណនាគម កត្តាសាសនា:ការឯកភាពគ្នារវាងសាសនាព្រាហ្មនិងព្រះពុទ្ធ កត្តាធនធានមនុស្សបន្សល់ទុកតាំងពីសម័យនគរភ្នំនិងចេនឡាមក។,កត្តាដែលធ្វើអោយសម័យអង្គររីកចម្រើនគឺ: កត្តាព្រះរាជា:ព្រះរាជាចាប់ពីព្រះបាទជ័យវរ្ម័នទី 2 រហូតដល់ព្រះបាទជ័យវរ្ម័នទី 7 សុទ្ធសឹងតែជាស្ដេចខ្លាំងពូកែ កត្តានយោបាយ: នយោបាយក្នុងប្រទេសបង្រួបបង្រួមជាតិកសាងនិងការពារទឹកដី នយោបាយក្រៅប្រទេស:ចងសម្ព័ន្ធមិត្តជាមួយប្រទេសធំៗវាយយករដ្ឋតូចដាក់ជាចំណុះ កត្តាសេដ្ឋកិច្ច:រីកចម្រើនលើវិស័យកសិកម្មសិប្បកម្មគណនាគមន៍ កត្តាសាសនា:ការឯកភាពគ្នារវាងសាសនាព្រាហ្មនិងព្រះពុទ្ធ កត្តាធនធាន:មនុស្សបន្សល់ទុកតាំងពីសម័យនគរភ្នំនិងចេនឡាមក។,10,10,4,1.0,0.98486328125,4,10,0,0
39,តើកត្តាអ្វីខ្លះដែលបណ្ដាលឲ្យសៀមវាយបែកបន្ទាយលង្វែក?,កត្តាដែលបណ្ដាលឲ្យសៀមវាយបន្ទាយលង្វែកព្រះរាជាព្រះសត្ថាទីមួយឆោតល្ងង់ទៅជួយរំដោះក្រុងឰយុធ្យារបស់សៀមមកពីការត្រួតត្រាភូមាសៀមរមិលគុណប្រើល្បិចបញ្ជូនសល់ពីរអង្គ យកការវិបត្តិផ្ទៃក្នុងជាជួរជលសារលោករវល់ នាដើមម៉ឺនមន្ត្រីប្រជារាស្ត្រមិនពេញចិត្តដែលតែងទៅកូនអាយុដប់មួយវស្សា ឲ្យកូនរៀននៅ ក្នុងនាម មហាឧបរាជ ធ្វើឲ្យប្រជារាស្ត្របាត់បង់ស្មារតីប្រយុទ្ធប្រជារាស្ត្រខ្មែរក្រីក្រឆោតល្ងង់ចង់បានប្រាក់ដួលក៏នាំគ្នាកាប់ឆ្ការគុម្ពឫស្សីដែលជារបងការពារបន្ទាយលង្វែកដ៏រឹងមាំ រីប្រទេសខ្មែរហាក់បីដូចជាបាត់បង់សាមគ្គីដូចជាស្ថានីយមួយនាំកូនទាំងពីររត់ភៀសខ្លួនទៅប្រទេសឡាវមិនគិតពីប្រជារាស្ត្រនាំឲ្យប្រជាជន អស់ជំនឿ,កត្តាដែលបណ្ដាលឲ្យសៀមវាយបន្ទាយលង្វែកព្រះរាជាព្រះសត្ថាទីមួយឆោតល្ងង់ទៅជួយរំដោះក្រុងឰយុធ្យារបស់សៀមមកពីការត្រួតត្រាភូមាសៀមរមិលគុណប្រើល្បិចបញ្ជូនសល់ពីរអង្គ យកការវិបត្តិផ្ទៃក្នុងជាជួរជលសារលោករវល់ នាដើមម៉ឺនមន្ត្រីប្រជារាស្ត្រមិនពេញចិត្តដែលតែងទៅកូនអាយុដប់មួយវស្សា ឲ្យកូនរៀននៅ ក្នុងនាម មហាឧបរាជ ធ្វើឲ្យប្រជារាស្ត្របាត់បង់ស្មារតីប្រយុទ្ធប្រជារាស្ត្រខ្មែរក្រីក្រឆោតល្ងង់ចង់បានប្រាក់ដួលក៏នាំគ្នាកាប់ឆ្ការគុម្ពឫស្សីដែលជារបងការពារបន្ទាយលង្វែកដ៏រឹងមាំ រីប្រទេសខ្មែរហាក់បីដូចជាបាត់បង់សាមគ្គីដូចជាស្ថានីយមួយនាំកូនទាំងពីររត់ភៀសខ្លួនទៅប្រទេសឡាវមិនគិតពីប្រជារាស្ត្រនាំឲ្យប្រជាជន អស់ជំនឿ,10,9,4,0.9,0.90380859375,4,9,0,0
40,តើកត្តាអ្វីខ្លះដែលធ្វើអោយសម័យអង្គររីកចម្រើនដល់កំពូល?​ ចូលរៀបរាប់។,កត្តាដែលធ្វើអោយសម័យអង្គររីកចម្រើនគឺ: កត្តាព្រះរាជា:ព្រះរាជាចាប់ពីព្រះបាទជ័យវរ្ម័នទី 2 រហូតដល់ព្រះបាទជ័យវរ្ម័នទី 7 សុទ្ធតែជាស្ដេចខ្លាំងពូកែ កត្តានយោបាយ: នយោបាយក្នុងប្រទេសបង្រួបបង្រួមជាតិកសាងនិងការពារទឹកដី នយោបាយក្រៅប្រទេស:ចងសម្ព័ន្ធមិត្តជាមួយប្រទេសធំៗវាយយករដ្ឋតូចដាក់ជាចំណុះ កត្តាសេដ្ឋកិច្ច:រីកចម្រើនលើវិស័យកសិកម្មសិប្បកម្មគណនាគម កត្តាសាសនា:ការឯកភាពគ្នារវាងសាសនាព្រាហ្មនិងព្រះពុទ្ធ កត្តាធនធានមនុស្សបន្សល់ទុកតាំងពីសម័យនគរភ្នំនិងចេនឡាមក។,កត្តាដែលធ្វើអោយសម័យអង្គររីកចម្រើនគឺ: .កត្តាព្រះរាជា:ព្រះរាជាចាប់ពីព្រះបាទជ័យវរ្ម័នទី 2 រហូតដល់ព្រះបាទជ័យវរ្ម័នទី 7 សុទ្ធសឹងតែជាស្ដេចខ្លាំងពូកែ .កត្តាសេដ្ឋកិច្ច: +នយោបាយក្នុងប្រទេស:បង្រួបបង្រួម​ កសាង និងការពារ។ +នយោបាយក្រៅប្រទេស:ចងសម្ព័ន្ធមិត្តជាមួយប្រទេសធំៗដូចជាចិននិងឥណ្ឌា និងវាយយករដ្ឋតូចដាក់ជាចំណុះ .កត្តាប្រទេសជាតិ:មានការរីកចម្រើនខ្លាំងខ្លា .កត្តាធនធានមនុស្សបន្សល់ទុកតាំងពីសម័យនគរភ្នំនិងចេនឡាមក។,10,9,4,0.9,0.953125,4,10,0,1
41,តើកម្ពុជាមានបេតិកភណ្ឌអ្វីខ្លះ ដែលបានចុះបញ្ជីបេតិកភណ្ឌរូបី និង អរូបីពិភពលោករបស់អង្គការយូណេស្កូ? ចូររៀបរាប់ឱ្យបានប្រាំ។,កម្ពុជាមានបេតិកភណ្ឌដែលបានចុះបញ្ជីបេតិកភណ្ឌរូបី និង អរូបីពិភពលោករបស់អង្គការយូណេស្កូដូចជា     +ល្ខោនខោល     +រមណីយដ្ឋានអង្គរ     +ចាប៉ីដងវែង     +ប្រាសាទព្រះវិហហារ     +ល្ខោនស្រមោលស្បែកធំ     +របាំព្រះរាជទ្រព្យ     +ក្រមាខ្មែរ     +គុនល្បុកតោ     +រមណីយដ្ឋានសម្បូរព្រៃគុក,កម្ពុជាមានបេតិកភណ្ឌដែលបានចុះបញ្ជីបេតិ កភណ្ឌរូបិយនិងអរូបិយពិភពលោករបស់ អង្គការយូណេស្កូមានដូចជា÷ -ប្រាសាទអង្គរវត្ត  -ប្រាសាទកោះកេរ្ត៌ិ -ចាប៉ីដងវែង -ក្រមាខ្មែរ -ល្ខោនស្រមោលស្បែកតូច។,5,5,4,1.0,0.94921875,4,5,0,0
42,តើឧស្សាហកម្មមានតួនាទីដូចម្ដេចខ្លះចំពោះសេដ្ឋកិច្ចជាតិ?,ឧស្សាហកម្មមាន​តួនាទីចំពោះសេដ្ឋកិច្ចជាតិដូចជា ៖ ​ _ ជួយបង្កើតថវិការជាតិ ​ _ ជួយបង្កើតទិន្នផលជាតិ ​​ _ ជួយឲ្យសេដ្ឋកិច្ចជាតិរីកចម្រើន  _ ប្រជាជនសំបូរធូរធារ  _អភិវឌ្ឍគ្រប់វិស័យ  _ មានទំនាក់ទំនងល្អជាមួយអ្នកជិតខាង  _ មានភាពរុងរឿងនៅក្នុងប្រទេសជាតិ។,"ឧស្សាហកម្មមានតួនាទីចំពោះសេដ្ឋកិច្ចជាតិដូចជា -បានផ្តល់ចំណូលក្នុងសេដ្ឋកិច្ចជាតិ -ជួយផ្តល់ការងារសម្រាប់ប្រជាជន -ផ្គត់ផ្គង់ការនាំចេញទៅក្រៅប្រទេស -ផ្គត់ផ្គង់ក្នុងស្រុកបានគ្រប់គ្រាន់ -ជួយកាត់បន្ថយការនាំចូលពីបរទេស -ទាក់ទាញអ្នកវិនិយោគក្នុង និងក្រៅប្រទេស -ជួយដល់ជីវភាពគ្រួសារ -ជួយដោយផ្ទាល់ (ឧស្សាហកម្មកាត់ដេរ វាយនភណ្ឌ សហគ្រាសផលិតស្ករស ជលផល... ជាដើម) -ជួយដោយប្រយោល (ជួយកសិករដែលធ្វើកសិកម្មដូចជា ដាំកៅស៊ូ ដំឡូងមី ស្រូវ ផ្លែឈើ... ជាដើម)។""",15,15,4,1.0,0.93603515625,4,14,0,1
43,តើកត្តាអ្វីខ្លះដែលធ្វើអោយសម័យអង្គររីកចម្រើនដល់កំពូល?​ ចូលរៀបរាប់។,កត្តាដែលធ្វើអោយសម័យអង្គររីកចម្រើនគឺ: កត្តាព្រះរាជា:ព្រះរាជាចាប់ពីព្រះបាទជ័យវរ្ម័នទី 2 រហូតដល់ព្រះបាទជ័យវរ្ម័នទី 7 សុទ្ធតែជាស្ដេចខ្លាំងពូកែ កត្តានយោបាយ: នយោបាយក្នុងប្រទេសបង្រួបបង្រួមជាតិកសាងនិងការពារទឹកដី នយោបាយក្រៅប្រទេស:ចងសម្ព័ន្ធមិត្តជាមួយប្រទេសធំៗវាយយករដ្ឋតូចដាក់ជាចំណុះ កត្តាសេដ្ឋកិច្ច:រីកចម្រើនលើវិស័យកសិកម្មសិប្បកម្មគណនាគម កត្តាសាសនា:ការឯកភាពគ្នារវាងសាសនាព្រាហ្មនិងព្រះពុទ្ធ កត្តាធនធានមនុស្សបន្សល់ទុកតាំងពីសម័យនគរភ្នំនិងចេនឡាមក។,កត្តាដែលធ្វើអោយសម័យអង្គររីកចម្រើនគឺ: .កត្តាព្រះរាជា:ព្រះរាជាចាប់ពីព្រះបាទជ័យវរ្ម័នទី 2 រហូតដល់ព្រះបាទជ័យវរ្ម័នទី 7 សុទ្ធសឹងតែជាស្ដេចខ្លាំងពូកែ .កត្តានយោបាយ: +នយោបាយក្នុងប្រទេស:បង្រួបបង្រួម​ កសាង និងការពារ។ +នយោបាយក្រៅប្រទេស:ចងសម្ព័ន្ធមិត្តជាមួយប្រទេសធំៗដូចជាចិននិងឥណ្ឌា និងវាយយករដ្ឋតូចដាក់ជាចំណុះ .កត្តាសេដ្ឋកិច្ច:ការរីកចម្រើនលើវិស័យកសិកម្ម សិប្បកម្ម គណនាគមន៍ .កត្តាសាសនា:មានការឯកភាពគ្នារវាងសាសនាព្រាហ្មនិងព្រះពុទ្ធ .កត្តាធនធានមនុស្សបន្សល់ទុកតាំងពីសម័យនគរភ្នំនិងចេនឡាមក។,10,10,4,1.0,0.98486328125,4,10,0,0
44,តើសេដ្ឋកិច្ចកម្ពុជាពឹងផ្អែកលើវិស័យអ្វីជាសំខាន់?     ក/ ហេតុអ្វីបានជាគេនិយាយថាកម្ពុជាជាប្រទេសកសិកម្ម?     ខ/ តើគេចែកកសិករជាប៉ុន្មានប្រភេទ?អ្វីខ្លះ?,សេដ្ឋកិច្ចកម្ពុជាពឹងផ្អែកលើវិស័យកសិកម្មជាសំខាន់។   ក/ បានជាគេនិយាយថាកម្ពុជាជាប្រទេសឧស្សាហកម្មព្រោះ៖  _  សណ្ឋានដី : ដីមានជីវជាតិល្អនិងសម្បូរទំនាបល្បាប់   _ ផ្លូវទឹក : ផ្លូវទឹកខ្វាត់ខ្វែងងាយស្រួលដល់ការដាំដុះ  _ ប្រជាជន : ប្រជាជនខ្មែរភាគច្រើនចូលចិត្តធ្វើកសិកម្ម  _ អាកាសធាតុ : ទទួលអាកាសធាតុក្តៅសើម  _ កសិកម្មផ្តល់ផល50%នៃផលិតផលជាតិសរុប។  ខ/ គេចែកកសិករទាំងនោះជា4ប្រភេទគឺ៖  _ កសិករធ្វើស្រែឬអ្នកស្រែ : និយមធ្វើស្រែ ស្រូវប្រាំង ស្រូវវស្សា ស្រូវឡើងទឹក  _ កសិករតំបន់ដីខ្ពស់ : គេដាំដំណាំជាអចិន្ត្រៃយ៍(ពោត ដំឡូង ចេក កៅស៊ូសណ្តែក)  _ កសិករធ្វើចម្ការដំណាំស្រូវ : គេដាំដំណាំតាមមាត់ទន្លេ ចិញ្ចឹមសត្វនិងនេសាទ  _ កសិករភូមិភាគឦសាន: គេធ្វើដំណាំព្រៃដុតមានដូចជាពោត ដំឡូង ស្រូវរុក្ខជាតិយកមើមដទៃទៀត និងបរបាញ់សត្វផងដែរ។,សេដ្ឋកិច្ចជាតិផ្អែកលើវិស័យកសិកម្មជាសំខាន់ព្រោះវិស័យនេះសំខាន់ដល់ជាតិដូចជា៖ -កម្ពុជា សំបូរ ទៅដោយដីដែលមានជីវជាតិល្អ ចំណោម ចំណេញ -ដំណាំ គ្រប់ប្រភេទប្រទេសកម្ពុជាមានអាកាសធាតុត្រូពិកក្តៅហើយ -វាជាភាពងាយស្រួលក្នុងការដំណាំផ្លែឈើលូតលាស់បានល្អ -ប្រទេសកម្ពុជាយើងភាគច្រើន ប្រកបរបរ -កសិកម្មការដាំដុះស្រូវនាំចេញទៅក្រៅប្រទេសរាងជា រៀងរាល់ឆ្នាំ -ប្រជាកសិករស្ទើរតែទាំងស្រុងទៅហើយ ដែលភាគច្រើនជ្រើសរើសយកការធ្វើស្រែចម្ការ -នៅកម្ពុជា មានចំនួនអ្នកធ្វើស្រែកសិកម្ម ដាំដុះរហូតទៅដល់ចិតសិបពីរចិតសិបបីភាគរយ -កម្ពុជាមានដំណាំដាំដះុ ជារាប់រយប្រភេទ។ +គេបែងចែកកសិកម្មទាំងនោះជាបួនគឺ -កសិករដាំស្រូវ -កសិករមិនដាំស្រូវ -កសិករដីខ្ពស់ -កសិករភូមិភាគឦសាន,20,18,4,0.9,0.65087890625,3,13,1,5
45,តើកត្តាអ្វីខ្លះដែលធ្វើអោយសម័យអង្គររីកចម្រើនដល់កំពូល?​ ចូលរៀបរាប់។,កត្តាដែលធ្វើអោយសម័យអង្គររីកចម្រើនគឺ: កត្តាព្រះរាជា:ព្រះរាជាចាប់ពីព្រះបាទជ័យវរ្ម័នទី 2 រហូតដល់ព្រះបាទជ័យវរ្ម័នទី 7 សុទ្ធតែជាស្ដេចខ្លាំងពូកែ កត្តានយោបាយ: នយោបាយក្នុងប្រទេសបង្រួបបង្រួមជាតិកសាងនិងការពារទឹកដី នយោបាយក្រៅប្រទេស:ចងសម្ព័ន្ធមិត្តជាមួយប្រទេសធំៗវាយយករដ្ឋតូចដាក់ជាចំណុះ កត្តាសេដ្ឋកិច្ច:រីកចម្រើនលើវិស័យកសិកម្មសិប្បកម្មគណនាគម កត្តាសាសនា:ការឯកភាពគ្នារវាងសាសនាព្រាហ្មនិងព្រះពុទ្ធ កត្តាធនធានមនុស្សបន្សល់ទុកតាំងពីសម័យនគរភ្នំនិងចេនឡាមក។,កត្តាដែលធ្វើអោយសម័យអង្គររីកចម្រើនគឺ: .កត្តាព្រះរាជា:ព្រះរាជាចាប់ពីព្រះបាទជ័យវរ្ម័នទី 2 រហូតដល់ព្រះបាទជ័យវរ្ម័នទី 7 សុទ្ធសឹងតែជាស្ដេចខ្លាំងពូកែ .កត្តានយោបាយ: +នយោបាយក្នុងប្រទេស:បង្រួបបង្រួម​ កសាង និងការពារ។ +នយោបាយក្រៅប្រទេស:ចងសម្ព័ន្ធមិត្តជាមួយប្រទេសធំៗដូចជាចិននិងឥណ្ឌា និងវាយយករដ្ឋតូចដាក់ជាចំណុះ .កត្តាសេដ្ឋកិច្ច:ការរីកចម្រើនលើវិស័យកសិកម្ម សិប្បកម្ម គណនាគមន៍ .កត្តាសាសនា:មានការឯកភាពគ្នារវាងសាសនាព្រាហ្មនិងព្រះពុទ្ធ .កត្តាធនធានមនុស្សបន្សល់ទុកតាំងពីសម័យនគរភ្នំនិងចេនឡាមក។,10,10,4,1.0,0.98486328125,4,10,0,0
46,តើប្រព័ន្ធផលិតកម្មកសិកម្មនៅក្នុងប្រទេសកម្ពុជាមានអ្វីខ្លះ?ចូររៀបរាប់​ ។,ប្រព័ន្ធផលិតកម្មកសិកម្មនៅប្រទេសកម្ពុជាមាន៖    _ ដំណាំ : ដំណាំស្រូវ ដំណាំកៅស៊ូ ដំណាំផ្សេងៗទៀត    _ ការចិញ្ចឹមសត្វ : ការចិញ្ចឹមសត្វលើគោក ការចិញ្ចឹមសត្វក្នុងទឹក    _ ការនេសាទ : ការនេសាទទឹកសាប ការនេសាទទឹកប្រៃ  _ ព្រៃឈើ : ផលិតផលឈើ អនុផលព្រៃឈើ(រកឃ្មុំ ជ័រទឹក វល្លិ៍ ផ្តៅ) សត្វព្រៃ ។,ប្រព័ន្ធផលិតកម្មនៅប្រទេសកម្ពុជារួមមាន៖ -អនុផលព្រៃឈេី(កៅស៊ូ...) -ការចិញ្ចឹមសត្វ -ការនេសាទ -ការចិញ្ចឹមត្រី (វារីវប្បកម្ម) -ការធ្វើស្រែចម្ការ (ស្រូវ ពោត ដំឡូងមី...) -កសិកម្មបែបគ្រួសារ...។,10,9,4,0.9,0.86669921875,3,9,1,0
47,តើសេដ្ឋកិច្ចកម្ពុជាពឹងផ្អែកលើវិស័យអ្វីជាសំខាន់?     ក/ ហេតុអ្វីបានជាគេនិយាយថាកម្ពុជាជាប្រទេសកសិកម្ម?     ខ/ តើគេចែកកសិករជាប៉ុន្មានប្រភេទ?អ្វីខ្លះ?,សេដ្ឋកិច្ចកម្ពុជាពឹងផ្អែកលើវិស័យកសិកម្មជាសំខាន់។   ក/ បានជាគេនិយាយថាកម្ពុជាជាប្រទេសឧស្សាហកម្មព្រោះ៖  _  សណ្ឋានដី : ដីមានជីវជាតិល្អនិងសម្បូរទំនាបល្បាប់   _ ផ្លូវទឹក : ផ្លូវទឹកខ្វាត់ខ្វែងងាយស្រួលដល់ការដាំដុះ  _ ប្រជាជន : ប្រជាជនខ្មែរភាគច្រើនចូលចិត្តធ្វើកសិកម្ម  _ អាកាសធាតុ : ទទួលអាកាសធាតុក្តៅសើម  _ កសិកម្មផ្តល់ផល50%នៃផលិតផលជាតិសរុប។  ខ/ គេចែកកសិករទាំងនោះជា4ប្រភេទគឺ៖  _ កសិករធ្វើស្រែឬអ្នកស្រែ : និយមធ្វើស្រែ ស្រូវប្រាំង ស្រូវវស្សា ស្រូវឡើងទឹក  _ កសិករតំបន់ដីខ្ពស់ : គេដាំដំណាំជាអចិន្ត្រៃយ៍(ពោត ដំឡូង ចេក កៅស៊ូសណ្តែក)  _ កសិករធ្វើចម្ការដំណាំស្រូវ : គេដាំដំណាំតាមមាត់ទន្លេ ចិញ្ចឹមសត្វនិងនេសាទ  _ កសិករភូមិភាគឦសាន: គេធ្វើដំណាំព្រៃដុតមានដូចជាពោត ដំឡូង ស្រូវរុក្ខជាតិយកមើមដទៃទៀត និងបរបាញ់សត្វផងដែរ។,សេដ្ឋកិច្ចកម្ពុជាពឹងផ្អែកលើវិស័យកសិកម្មជាសំខាន់ ជាងគេនិយាយថាកម្ពុជាជាប្រទេសកម្មនិងកសិកម្មដូចជាប្រទេសដែលពឹងផ្អែកលើវិស័យកសិកម្មជាសំខាន់ព្រោះលក្ខខណ្ឌអនុវត្តអនុគ្រោះជាច្រើនដល់វិស័យកសិកម្ម គេចែកកសិករទាំងនោះ បីប្រភេទគឺ កសិករធ្វើស្រែឬគ្រោះស្រែកមានចំណូលជាច្រើនជាអនេកមានដូចជាដំឡូងពោតល្ងនិងខ្លះទៀតចិញ្ចឹមសត្វ កសិករនៅតំបន់ដីខ្ពស់គេដាំដំណាំផ្សេងផ្សេងជាអចិន្ត្រៃយ៍មានសណ្ដែកស្រូវ ពោតដំឡូងខ្លះខ្លះទៀតចិញ្ចឹមសត្វ។ កសិករ។,20,6,1,0.3,0.2103271484375,1,4,0,2
48,បុព្វហេតុអ្វីខ្លះដែលនាំឲ្យអាណាចក្រចេនឡាបែកបាក់ជាពីរគឺអាណាចក្រចេនឡាដីគោកនិងចេនឡាទឹកលិច?,បុព្វហេតុដែលនាំហើយអាណាចក្រចេនឡាបែកជាពីរគឺ -វិសាលភាពទឹកដីធំទូលាយ -ចម្បាំងអត់ឈប់ឈរ -សមន្ដរដ្ឋបះបោរចង់ផ្ដាច់ខ្លួន -វិបត្តិផ្ទៃក្នុង -ព្រះនាងជ័យទេវីគ្មានសមត្ថភាពគ្រប់គ្រង។,បុព្វហេតុដែលនាំហើយអាណាចក្រចេនឡាបែកជាពីរគឺ -វិសាលភាពទឹកដីធំទូលាយ -ចម្បាំងអត់ឈប់ឈរ -សមន្ដរដ្ឋ -វិបត្តិផ្ទៃក្នុង -ព្រះនាងជ័យទេវីគ្មានសមត្ថភាពគ្រប់គ្រង។,7,7,4,1.0,0.982421875,4,7,0,0
49,តើប្រទេសកម្ពុជាចូលជាសមាជិក សហគមន៍អាស៊ីអាគ្នេយ៍ទទួលផលវិជ្ជមាននិងអវិជ្ជមានដូចម្តេចខ្លះ?,ពណ៌នាពីពីការអភិវឌ្ឍសេដ្ឋកិច្ច សង្គម នៅកម្ពុជាពីឆ្នាំ១៩៩៣ មកទល់សព្វថ្ងៃ .វិស័យសេដ្ឋកិច្ច:  +សេដ្ឋកិច្ចកម្ពុជាមានការរីកចម្រើនឡើងជាបន្តបន្ទាប់ដែលធ្វើឲ្យប្រទេសកម្ពុជាមានជីវភាពល្អប្រសើរ។ +កសិកម្មរីកចម្រើនខាងដាំដំណាំស្រូវទទួលបានទិន្នផលខ្ពស់ជាបន្តបន្ទាប់ +ឧស្សាហកម្មមានតំណាងរោងចក្រច្រើនកន្លែងនិងលើកឡើងនៅសហគ្រឿងធំៗដែលបានផ្ដល់ចំណូលដល់ប្រជាពលរដ្ឋ +ពាណិជ្ជកម្មកាលនាំចូលមកក្នុងប្រទេសនិងមានវិនិយោគក្នុងប្រទេស +គមនាគមន៍កសាងស្ពានផ្លូវថ្នល់អាកាសយានដ្ឋានផ្គត់ផ្គង់ប្រព័ន្ធទឹកពីទីក្រុងដល់ជនបទ កំពុងផែ +ហិរញ្ញវត្ថុមានស្ថេរភាពក្នុងអត្រាប្ដូរប្រាក់ +ធនាគារលើកឡើងនៅធនាគារជាតិហ្នឹងឯកជនជាច្រើន .វិស័យសង្គម +ការអប់រំសិក្សា បង្កើតសាលារៀនគ្រប់កម្រិតពីមត្តីរហូតដល់ឧត្តមសិក្សាបណ្ដុះបណ្ដាលធនធានមនុស្សនិងបញ្ជូននិស្សិតឲ្យទៅរៀននៅក្រៅប្រទេស។ +វប្បធម៌អរិយធម៌ ស្ដារវប្បធម៌ឡើងវិញនិងដាក់បញ្ចូលជាសម្បត្តិបេតិកភណ្ឌពិភពលោកចាប់ផ្ដើមប្រជាជនមានសិទ្ធិជឿលើសាសនា។ +សុខាភិបាលបង្កើតឲ្យមានមន្ទីរពេទ្យលោកសុខភាពនិងឱសថសាស្ត្រ +សិល្បៈបង្កើតឲ្យមានសាលាសាកលវិទ្យាល័យសិល្បៈ.,+ផលវិជ្ជមាន -កម្ពុជាអាចមានទំនាក់ទំនងពាណិជ្ជកម្មជាមួយនឹងប្រទេសដែលជាសមាជិកក្នុងតំបន់ -កម្ពុជាមានឱកាសគប់ប្រជែងខ្ពស់ជាមួយនឹងប្រទេសក្នុងតំបន់ដែលអាចធ្វើឲ្យសេដ្ឋកិច្ចខ្មែររីកចម្រើន -កម្ពុជាទទួលបានកំណើនទេសចរណ៍និងភ្ញៀវទេសចរណ៍អន្តរជាតិ -កម្ពុជាចូលរួមក្នុងការដោះស្រាយបញ្ហាជាមួយនឹងប្រទេសដែលជាសមាជិកអាស៊ាន -មានការផ្លាស់ប្ដូរនៅផ្នែកចំណេះដឹងសង្គមវប្បធម៌និងកីឡាពីប្រទេសផ្សេងៗដែលជាសមាជិកអាស៊ាន -មានការប្ដូរគ្នាទៅវិញទៅមកនៅវិស័យអប់រំជាសាបខ្សែវិទ្យាព័ត៌មានថ្មីៗបន្ថែមទៀត -កម្ពុជាទទួលបានផលវិជ្ជមានដ្ឋាននិងសេដ្ឋកិច្ចរីកចម្រើននិងមានមុខមាត់លើឆាកអន្តរជាតិហើយគេស្គាល់ប្រទេសកម្ពុជាជាច្រើន -កម្ពុជាមានទំនាក់ទំនងល្អជាមួយប្រទេសផ្សេងៗជាភាសាទប្រទេសដែលជាសមាជិកអាស៊ាន +ផលអវិជ្ជមាន -កម្ពុជាមិនមែនជាដៃគូរគោកប្រជែងជាមួយប្រទេសដែលជាសម័យអាស៊ានទេ។ -ការនាំចេញមានគំនិតទាបជាងការនាំចូល -កម្ពុជាជាទីផ្សាររបស់គេ -កម្ពុជាត្រូវការជំនួយពីបរទេស -ប្រធានមនុស្សនិងសម្ភារៈនៅមានកម្រិតនៅឡើយ។,10,10,4,1.0,0.8662109375,3,9,1,1
50,តើគេចែកយុគសម័យបុរេប្រវត្តិសាស្ត្រកម្ពុជាជាប៉ុន្មានយុគសម័យ?អ្វីខ្លះ?,គេចែកយុគសម័យបុរេប្រវត្តិសាស្ត្រកម្ពុជាជាបីយុគសម័យគឺ -យុគថ្មបំបែក (600000 - 12000 ឆ្នាំមុនគ.ស) -យុគថ្មរលីងឬសំលៀង (8000 - 2000 ឆ្នាំមុនគ.ស) -យុគលោហៈ(2000-100 ឆ្នាំមុនគ.ស)។,គេចែកយុគសម័យបុរេប្រវត្តិសាស្ត្រកម្ពុជាជាបីយុគសម័យគឺ -យុគថ្មបំបែក -យុគថ្មរលីងឬសំលៀង -យុគលោហៈ។,5,3,2,0.6,0.59228515625,2,3,0,0
51,តើអាណាចក្រភ្នំមានព្រំប្រទល់ជាប់ប្រទេសណាខ្លះ?,អាណាចក្រភ្នំមានព្រំប្រទល់ជាប់ប្រទេសដូចជា -ខាងជើងជាប់ចិន -ខាងត្បូងជាឈូងសមុទ្រខ្មែរ -ខាងកើតជាប់រដ្ឋចម្ប៉ា -ខាងលិចជាប់រដ្ធមនឬភូមា។,អាណាចក្រភ្នំមានព្រំប្រទល់ជាប់ប្រទេសដូចជា -ខាងជើងជាប់ចិន -ខាងត្បូងជាឈូងសមុទ្រខ្មែរ -ខាងកើតជាប់រដ្ឋចម្ប៉ា -ខាងលិចជាប់រដ្ឋមនឬភូមា។,6,6,4,1.0,0.9853515625,4,6,0,0
52,សេដ្ឋកិច្ចកម្ពុជាពឹងផ្អែកលើវិស័យកសិកម្មជាសំខាន់៖ ​ក.​ ហេតុអ្វីបានជាគេនិយាយថាកម្ពុជាជាប្រទេសកសិកម្ម? ខ. តើគេចែកកសិករទាំងនោះជាប៉ុន្មានប្រភេទ?,សេដ្ឋកិច្ចកម្ពុជាបានផ្អែកលើវិស័យកសិកម្មជាសំខាន់៖ ក​. បានជាគេនិយាយថាប្រទេសកម្ពុជាជាប្រទេសកសិកម្មដោយសារ -ផ្ទៃដីនៅប្រទេសកម្ពុជាប្រហែល៩០ភាគរយសិតតែដំណាំស្រូវ -ប្រជាជនកកម្ពុជា ៧០.៣ភាគរយធ្វើកសិកម្ម -កសិកម្មជួយឲ្យប្រជាជនកម្ពុជាមានការងារធ្វើ -ប្រជាជននិយមធ្វើកសិកម្ម -ដីនៅកម្ពុជាប្រកបជាមួយកាធ្វើកសិកម្ម -កម្ពុជាមានអាកាសធាតុសមស្របសម្រាប់ធ្វើកសិកម្ម ខ. គេចែកកសិកម្មទាំងនោះជាពីរប្រភេទ៖ +កសិករខ្នាតតូច -ធ្វើកសិកម្មដើម្បីជីវិត -ធ្វើលក្ខណៈតិចតួច ទុកតែបរិភោគសម្រាប់គ្រួសារ -មិនលក់ឲ្យអ្នកណា +កសិករខ្នាតធំ -ធ្វើកសិកម្មច្រើនហើយទុកសម្រាប់លក់ឬនាំចេញទៅក្រៅប្រទេស -ធ្វើមួយឆ្នាំអាចទៅពីរលើក -ធ្វើលក្ខណៈច្រើន ដើម្បីលក់និងនាំចេញ។,ក. បានជាគេនិយាយថា កម្ពុជាជាប្រទេសកសិកម្ម ព្រោះស្ថិតនៅក្នុងជាប្រទេសកំពុងអភិវឌ្ឍនៅឡើយ ហើយប្រទេសកម្ពុជា យើងនិងគឺពឹងលើវិស័យកសិកម្មនៅក្នុងប្រទេសដោយប្រទេសយើងនឹង នៅមានកម្រិតនៅឡើង ផ្ទុយពីប្រទេសដោយពឹងផ្អែក វិស័យឧស្សាហកម្មដូចជាប្រទេសអាមេរិកដែលប្រទេសគេនឹងពឹងផ្អែកលើវិស័យឧស្សាហកម្មដោយសេដ្ឋកិច្ចដើរលឿនខ្លាំង។ ខ. គេចែកកសិករជា២ប្រភេទ៖ +កសិករខ្នាតធំ៖ -កសិករខ្នាតធំមានកម្មករច្រើន -ប្រើដោយគ្រឿងចក្រខ្នាតធំមានកម្មករច្រើន -មានដីចំដែលធ្វើឲ្យមានទិន្នផល -មានរោងចក្រដែកគេនិងប្រមូលផលបានគេយកទៅរោងចក្ររបស់គេ។ +កសិករខ្នាតតូច៖ -ការធ្វើបែបគ្រួសារ -មិនប្រើប្រាស់គ្រឿងចក្រធំៗ -មានកម្លាំងតិច -មិនមានដីធំចូលលាយសម្រាប់ -ទិន្នផលតិចវផ្សេងៗទៀត...។,15,2,1,0.13333333333333333,0.1971435546875,1,3,0,1
53,ចូររៀបរាប់អំពីទំនាក់ទំនងរវាងការដាំដុះអាជីវកម្មព្រៃឈើនិងនេសាទ។,ទំនាក់ទំនងរវាង ការដាំដុះអាជីវកម្មព្រៃឈើ និងការនេសាទ៖  _ ការដាំដុះអាជីវកម្មព្រៃឈើ និងការនេសាទ ជាភោគទ្រព្យយ៉ាងសំខាន់សម្រាប់ប្រជាជនក្នុងការទ្រទ្រង់ក្នុងជីវភាពរស់នៅនិងការអភិវឌ្ឍន៍ប្រទេសជាតិ   _ ដើម្បីបំពេញតម្រូវការក្នុងកសិកម្មផលិតកម្មនិងត្រូវការផ្សេងៗ មនុស្សនាំគ្នាកាប់ព្រៃឈើដើម្បីធ្វើអាជីវកម្មព្រៃឈើជាមូលហេតុធ្វើឲ្យអាកាសធាតុប្រែប្រួលប៉ះពាល់ដល់ជីវិតមនុស្ស សត្វ និងរុក្ខជាតិ  ​ _ អតិផលនៃប្រព័ន្ធកសិកម្ម នាំឲ្យមានកំណើននៃការប្រើប្រាស់គីមីនិងថ្នាំសម្លាប់សត្វល្អិត។ ជីគីមី និងថ្នាំសម្លាប់សត្វល្អិត ទាំងនោះហូរទៅផ្ដុំគ្នានៅតាមផ្លូវទឹកនានា បំផ្លាញជីវិតសត្វនិងពូជធម្មជាតិ។,ទំនាក់ទំនងរវាងការដាំដុះ អាជីវកម្មព្រៃឈើនិងការនេសាទ -ការដាំដុះគឺជាការដាំដុះនូវដំណាំផ្សេងផ្សេងដូចជាស្រូវបន្លែជាច្រើនការដាំដុះនេះភាគច្រើនគេដាំវានៅតាមជនបទដើម្បីយកទៅលក់នៅទីផ្សារដើម្បីយកប្រាក់មកដោះដូរជីវភាព ប្រជាជនខ្លះដាំដុះនេះដើម្បីទុកបរិភោគខ្លួនឯងដោយកាត់បន្ថយទៅលើការចំណាយហើយការដាំដុះនេះ សារៈសំខាន់ចំពោះជាតិផងដែរការដាំដុះនេះអាចនាំចេញទៅក្រៅស្រុកបាន ផងដែរ អ្នកខ្លះទៀតយកការដាំដុះនេះជាមុខរបរនាំយកទៅទីក្រុងដើម្បីលក់ដូរ។ -អាជីវកម្មព្រៃឈើប្រជាជនមួយបានយកការកាប់ព្រៃឈើធ្វើជាអាជីវកម្មដើម្បីចិញ្ចឹមជីវិតហើយអាជីវកម្ម នេះមួយចំនួនអាចយកធ្វើជាអុសធ្យូងផ្ទះគ្រែកៅអីជាដើមគឺទាំងអស់នេះ ក៏ជាការសំខាន់ដែរដើម្បីយកទៅលក់ដូរដើម្បីដោះដូរជីវភាពបានប៉ុន្តែការធ្វើអាជីវកម្មព្រៃឈើនេះក៏អាចបង្កដល់អំពើខុសច្បាប់ដែរហើយអាចមានសំឡេងរំខានដល់អ្នកដទៃផងដែរ។ -ការនេសាទក៏អាចដោះដូរជីវភាពបានតែប្រជាជនមួយចំនួនបានយកការនេសាទនេះ ចិញ្ចឹមជីវិតនិងគ្រួសារការនេសាទឬមានច្រើនបែបណាដូចជាការនេសាទត្រីការនេសាទសត្វ ការនេសាទនៅសមុទ្រជាដើម។,15,15,4,1.0,0.38525390625,2,6,2,9
54,តើសង្គមខ្មែរនៅសម័យអង្គរមានប៉ុន្មានវណ្ណៈ? វណ្ណៈអ្វីខ្លះ? ចូលរៀបរាប់។,សង្គមខ្មែរនៅសម័យអង្គរមានប្រាំវណ្ណៈគឺ -វណ្ណៈក្សត្រឬរាជវង្សនុវង្ស (ជាស្ដេចគ្រប់គ្រងប្រទេស -វណ្ណៈមន្ត្រី (អ្នករស់នៅក្នុងរាជវាំងបម្រើស្ដេច) -វណ្ណៈព្រាហ្ម៍ឬបុព្វជិត​(គឺជាអ្នកបួស) -វណ្ណៈអ្នកជាឬកសិករ (អ្នករស់នៅនឹងធ្វើស្រែចម្ការ) -វណ្ណៈអ្នកងារឬទាសករ(ទាសករបម្រើគេតកូនតចៅ)។,សង្គមខ្មែរនៅសម័យអង្គរមានប្រាំវណ្ណៈគឺ -វណ្ណៈក្សត្រ:ជាអ្នកដឹកនាំប្រទេសនិងជាអ្នកបង្រួបបង្រួមនិងការពារជាតិ -វណ្ណៈមន្ត្រី:ជាអ្នកដែលធ្វើការឲ្យព្រះរាជាឬព្រះមហាក្សត្រ -វណ្ណៈព្រាហ្ម៍និងព្រះសង្ឃ:ជាអ្នកត្រាស់ដឹងនិងជាអ្នកគោរពសាសនា -វណ្ណៈអ្នកជា:ជាប្រជាជនឬប្រជារាស្ត្រទូទៅ -វណ្ណៈទាសករ:ជាអ្នកដែលត្រូវបម្រើគេពេញមួយជីវិតតទៅកូនតចៅ។,10,10,4,1.0,0.97998046875,4,10,0,0
55,តើសង្គមខ្មែរនៅសម័យអង្គរមានប៉ុន្មានវណ្ណៈ? វណ្ណៈអ្វីខ្លះ? ចូលរៀបរាប់។,សង្គមខ្មែរនៅសម័យអង្គរមានប្រាំវណ្ណៈគឺ -វណ្ណៈក្សត្រឬរាជវង្សនុវង្ស (ជាស្ដេចគ្រប់គ្រងប្រទេស -វណ្ណៈមន្ត្រី (អ្នករស់នៅក្នុងរាជវាំងបម្រើស្ដេច) -វណ្ណៈព្រាហ្ម៍ឬបុព្វជិត​(គឺជាអ្នកបួស) -វណ្ណៈអ្នកជាឬកសិករ (អ្នករស់នៅនឹងធ្វើស្រែចម្ការ) -វណ្ណៈអ្នកងារឬទាសករ(ទាសករបម្រើគេតកូនតចៅ)។,សង្គមខ្មែរនៅសម័យអង្គរមានប្រាំវណ្ណៈគឺ -វណ្ណៈក្សត្រឬរាជវង្សនុវង្ស ជាអ្នកដឹកនាំប្រទេសនានា -វណ្ណៈមន្ត្រី អ្នកកាត់ទោសឬច្បាប់ផ្សេងៗ -វណ្ណៈ​​ព្រះសង្ឃ និងព្រះព្រារណ៍  អ្នកកាន់ធម៍ -វណ្ណៈអ្នកជាឬកសិករ អ្នកដែលគ្មានឬអ្នកសាមញ្ញ -វណ្ណៈអ្នកងារឬទាសករអ្នកដែលបម្រើរាជា។,10,10,4,1.0,0.97119140625,4,10,0,0
56,ដូចម្តេចដែលហៅថាមេយ៉ូស? ចូរនិយាយពីវគ្គផ្សេងៗនៃមេយ៉ូស។,មេយ៉ូសជាសំណុំនៃចំណែកកោសិកាពីរដងបន្តបន្ទាប់គ្នាដែលបង្កើតបានជាកោសិកាអាលូអុីតបួន ហៅថាមេយ៉ូស ។ _តេឡូផាស1 ស៊ីតូប្លាសចែកខ្លួនបានជាកោសិកាកូនពីរ ។កោសិកាកូននីមួយៗទទួលបានក្រូម៉ូសូម តែមួយពីរគូអូម៉ូឡូក ។ _ប្រផាស1 មានរយៈពេលវែង ។ _អាណាផាស1 ក្រូម៉ូសូមដំរៀបលើផ្លាស់ភ្ជាប់នឹងក្រយ៉ូងក្រូម៉ាទិចដោយសង់ក្រូងទ័ររបស់វា ។ _តេឡូផាស2 ក្រូម៉ូមនីមួយៗបានមកដល់ប៉ូលភ្នាស _មេតាផាស2 ក្រូម៉ូសូមប្រេះតាមបណ្ដោយភ្ជាប់ខ្លួនទៅនិងក្រយ៉ងក្រូម៉ាទិចដោយសង់ _ប្រូដាស2 ត្តយ៉ងអាក្រូម៉ាទិតកើតមានក្នុងកោសិកាគូនីមួយៗ _អាណាផាស2 សង់ក្រូម៉ែធ្វើចំណែកដែលនាំអោយក្រូម៉ាទិចបងប្អូនដាច់ចេញពីគ្នា ។បន្ទាប់មក ក្រូម៉ូសូមកូនទាំង2ធ្វើដំណើរឆ្ពោះទៅប៉ូលផ្ទុយគ្នារបស់ត្រយ៉ូងអាក្រូម៉ាទិច ។,ដែលហៅថាមេយ៉ូសគឺជាសំណុំនៃចំណែកកោសិកាពីដងបន្តបន្ទាប់គ្នាបង្កើតបានជាកោសិកា អាប្លូអុីត4 ។វគ្គផ្សេងនៃមេយ៉ូសមានដូចជា  _ប្រផាស1 មានរយៈពេលវែង ។ _អាណាផាស1 ក្រូម៉ូសូមដំរៀបលើផ្លាស់ភ្ជាប់នឹងក្រយ៉ូងក្រូម៉ាទិចដោយសង់ក្រូងទ័ររបស់វា ។ _តេឡូផាស1 ស៊ីតូប្លាសចែកខ្លួនបានជាកោសិកាកូនពីរ ។កោសិកាកូននីមួយៗទទួលបានក្រូម៉ូសូម តែមួយពីរគូអូម៉ូឡូក ។,10,6,2,0.6,0.62353515625,2,6,0,0
57,តើឧស្សាហកម្មមានតួនាទីដូចម្ដេចខ្លះចំពោះសេដ្ឋកិច្ចជាតិ?,ឧស្សាហកម្មមាន​តួនាទីចំពោះសេដ្ឋកិច្ចជាតិដូចជា ៖ ​ _ ជួយបង្កើតថវិការជាតិ ​ _ ជួយបង្កើតទិន្នផលជាតិ ​​ _ ជួយឲ្យសេដ្ឋកិច្ចជាតិរីកចម្រើន  _ ប្រជាជនសំបូរធូរធារ  _អភិវឌ្ឍគ្រប់វិស័យ  _ មានទំនាក់ទំនងល្អជាមួយអ្នកជិតខាង  _ មានភាពរុងរឿងនៅក្នុងប្រទេសជាតិ។,ឧស្សាហកម្មមានតួនាទីចំពោះសេដ្ឋកិច្ចជាតិដូចជា ជួយបង្កើនប្រាក់ចំណូលចូលជាតិម្ភៃបីក្បៀសប្រាំបីភាគរយឆ្នាំពីរពាន់ប្រាំបី បង្កើតការងារដល់ប្រជាជន ផ្ដល់ប្រាក់ចំណូលជួយគ្រួសារប្រជាជនមានជីវភាពធូរធារ ជួយរក្សាលំនឹងជញ្ជីងពាណិជ្ជកម្ម ផ្ដល់ធនធានសម្រាប់ដាំចេកផ្តល់ផលិតផលសម្រាប់ប្រើប្រាស់។,15,5,1,0.3333333333333333,0.5634765625,2,8,1,3
58,ចូររៀបរាប់អំពីទំនាក់ទំនងរវាងការដាំដុះអាជីវកម្មព្រៃឈើនិងនេសាទ។,ទំនាក់ទំនងរវាង ការដាំដុះអាជីវកម្មព្រៃឈើ និងការនេសាទ៖  _ ការដាំដុះអាជីវកម្មព្រៃឈើ និងការនេសាទ ជាភោគទ្រព្យយ៉ាងសំខាន់សម្រាប់ប្រជាជនក្នុងការទ្រទ្រង់ក្នុងជីវភាពរស់នៅនិងការអភិវឌ្ឍន៍ប្រទេសជាតិ   _ ដើម្បីបំពេញតម្រូវការក្នុងកសិកម្មផលិតកម្មនិងត្រូវការផ្សេងៗ មនុស្សនាំគ្នាកាប់ព្រៃឈើដើម្បីធ្វើអាជីវកម្មព្រៃឈើជាមូលហេតុធ្វើឲ្យអាកាសធាតុប្រែប្រួលប៉ះពាល់ដល់ជីវិតមនុស្ស សត្វ និងរុក្ខជាតិ  ​ _ អតិផលនៃប្រព័ន្ធកសិកម្ម នាំឲ្យមានកំណើននៃការប្រើប្រាស់គីមីនិងថ្នាំសម្លាប់សត្វល្អិត។ ជីគីមី និងថ្នាំសម្លាប់សត្វល្អិត ទាំងនោះហូរទៅផ្ដុំគ្នានៅតាមផ្លូវទឹកនានា បំផ្លាញជីវិតសត្វនិងពូជធម្មជាតិ។,រៀបរាប់ពីទំនាក់ទំនងរវាងការដាំដុះ ការចិញ្ចឹមសត្វ និងការនេសាទ៖ -ការទំនាក់ទំនងរវាងការដាំដុះអាជីវកម្មព្រៃឈើនិង ការនេសាទ  +ការដាំដុះ  -ការដាំដុះដំណាំតាមមាត់ទន្លេស្ទឹងព្រោះដីនៅទីនោះសម្បូរជីវជាតិនិងអំណោយផលដល់ ការដាំដុះ -ការប្រើប្រាស់ជីគីមីសម្លាប់ ដាំដុះដំណាំទទួលផល ទិន្នផលបានលឿន ធ្វើឲ្យបាត់បង់ ជា ជាតិ ជីវជាតិ  -ការប្រមូលពន្ធឬលឿន លុបចោល ការពង្រឹង ផ្ទៃដី ដងដើម្បីដាំដំណាំ -ការដុតព្រៃឈើសម្រាប់ការដាំដុះការប្រើប្រាស់ជីគីមី ឲ្យហូរចូលរួមប្រភពទឹកខូចបរិស្ថានទឹក -ការបង្ហូរកាកសំណល់គីមីចូលក្នុងដបទឹក  +អាជីវកម្មព្រៃឈើ -ការកាប់ព្រៃឈើដើម្បីបំពេញតម្រូវការដូចជាការសាងសង់លំនៅឋានការលក់ទៅក្រៅប្រទេស  -ការកាប់ ប៊ូលី ព្រៃឈើ ការដុតព្រៃសដើម្បីចាប់សត្វគឺដើម្បីយកឃ្មុំ -ការធ្វើអាជីវកម្មព្រៃឈើទូត ទ្រង់ទ្រាយធំខុសច្បាប់ គ្រប់រូបភាព  -ការបំផ្លាញព្រៃឈើលិចទឹកដែលជាជម្រករបស់ត្រី ត្រីពងទន្រ្ទានឈើកេងកង +ការនេសាទ -ការប្រើប្រាស់ឧបករណ៍ខុសច្បាប់ឆក់ត្រី -ការប្រើប្រាស់អាវុធ ផ្ទុះគ្រាប់បែកចូលទឹកស្រះដើម្បីចាប់ត្រី  -ការនេសាទនៅរដូវត្រីពងមិថុនា បង្គន់  -ការប្រើប្រាស់មងសំណាញ់ដែល បាទទឹក ជ្រោះ ក្នុងទឹក -ការហូរភក់ការបម្រែបម្រួលអាកាសធាតុ។,15,5,1,0.3333333333333333,0.2259521484375,1,3,0,2
59,តើសង្គមខ្មែរនៅសម័យអង្គរមានប៉ុន្មានវណ្ណៈ? វណ្ណៈអ្វីខ្លះ? ចូលរៀបរាប់។,សង្គមខ្មែរនៅសម័យអង្គរមានប្រាំវណ្ណៈគឺ -វណ្ណៈក្សត្រឬរាជវង្សនុវង្ស (ជាស្ដេចគ្រប់គ្រងប្រទេស -វណ្ណៈមន្ត្រី (អ្នករស់នៅក្នុងរាជវាំងបម្រើស្ដេច) -វណ្ណៈព្រាហ្ម៍ឬបុព្វជិត​(គឺជាអ្នកបួស) -វណ្ណៈអ្នកជាឬកសិករ (អ្នករស់នៅនឹងធ្វើស្រែចម្ការ) -វណ្ណៈអ្នកងារឬទាសករ(ទាសករបម្រើគេតកូនតចៅ)។,សង្គមខ្មែរនៅសម័យអង្គរមានប្រាំវណ្ណៈគឺ -វណ្ណៈក្សត្រឬរាជវង្សានុវង្ស -វណ្ណៈព្រាហ្ម -វណ្ណៈបុព្វជិត -វណ្ណៈអ្នកជា -វណ្ណៈទាសករឬអ្នកងារ។,10,5,2,0.5,0.525390625,2,5,0,0
60,តើគេចែកយុគសម័យបុរេប្រវត្តិសាស្ត្រកម្ពុជាជាប៉ុន្មានយុគសម័យ?អ្វីខ្លះ?,គេចែកយុគសម័យបុរេប្រវត្តិសាស្ត្រកម្ពុជាជាបីយុគសម័យគឺ -យុគថ្មបំបែក (600000 - 12000 ឆ្នាំមុនគ.ស) -យុគថ្មរលីងឬសំលៀង (8000 - 2000 ឆ្នាំមុនគ.ស) -យុគលោហៈ(2000-100 ឆ្នាំមុនគ.ស)។,គេចែកយុគសម័យបុរេប្រវត្តិសាស្ត្រកម្ពុជាជាបីយុគសម័យគឺ -យុគថ្មបំបែក -យុគថ្មរលីងឬសំលៀង -យុគលោហៈ។,5,3,2,0.6,0.59228515625,2,3,0,0
61,បុព្វហេតុអ្វីខ្លះដែលនាំឲ្យអាណាចក្រចេនឡាបែកបាក់ជាពីរគឺអាណាចក្រចេនឡាដីគោកនិងចេនឡាទឹកលិច?,បុព្វហេតុដែលនាំហើយអាណាចក្រចេនឡាបែកជាពីរគឺ -វិសាលភាពទឹកដីធំទូលាយ -ចម្បាំងអត់ឈប់ឈរ -សមន្ដរដ្ឋបះបោរចង់ផ្ដាច់ខ្លួន -វិបត្តិផ្ទៃក្នុង -ព្រះនាងជ័យទេវីគ្មានសមត្ថភាពគ្រប់គ្រង។,បុព្វហេតុដែលនាំហើយអាណាចក្រចេនឡាបែកជាពីរគឺ -វិសាលភាពទឹកដីធំទូលាយ -ចម្បាំងអត់ឈប់ឈរ -សមន្ដរដ្ឋបះបោរចង់ផ្ដាច់ខ្លួន -វិបត្តិផ្ទៃក្នុង -ព្រះនាងជ័យទេវីគ្មានសមត្ថភាពគ្រប់គ្រង។,7,7,4,1.0,0.98779296875,4,7,0,0
62,បុព្វហេតុអ្វីខ្លះដែលនាំឲ្យអាណាចក្រចេនឡាបែកបាក់ជាពីរគឺអាណាចក្រចេនឡាដីគោកនិងចេនឡាទឹកលិច?,បុព្វហេតុដែលនាំហើយអាណាចក្រចេនឡាបែកជាពីរគឺ -វិសាលភាពទឹកដីធំទូលាយ -ចម្បាំងអត់ឈប់ឈរ -សមន្ដរដ្ឋបះបោរចង់ផ្ដាច់ខ្លួន -វិបត្តិផ្ទៃក្នុង -ព្រះនាងជ័យទេវីគ្មានសមត្ថភាពគ្រប់គ្រង។,បុព្វហេតុដែលនាំហើយអាណាចក្រចេនឡាបែកជាពីរគឺ -វិសាលភាពទឹកដីធំទូលាយ -ចម្បាំងអត់ឈប់ឈរ -សមន្ដរដ្ឋបះបោរចង់ផ្ដាច់ខ្លួន -វិបត្តិផ្ទៃក្នុង -ព្រះនាងជ័យទេវីគ្មានសមត្ថភាពគ្រប់គ្រង។,7,7,4,1.0,0.98779296875,4,7,0,0
63,តើអាណាចក្រភ្នំមានព្រំប្រទល់ជាប់ប្រទេសណាខ្លះ?,អាណាចក្រភ្នំមានព្រំប្រទល់ជាប់ប្រទេសដូចជា -ខាងជើងជាប់ចិន -ខាងត្បូងជាឈូងសមុទ្រខ្មែរ -ខាងកើតជាប់រដ្ឋចម្ប៉ា -ខាងលិចជាប់រដ្ធមនឬភូមា។,អាណាចក្រភ្នំមានព្រំប្រទល់ខាងជើងជាប់នឹងប្រទេសចិន(រដ្ឋណានឆាវនិងតុងតឹង)ខាងកើតជាប់រដ្ឋចម្ប៉ា(ឈូងសមុទ្រចិន)និងខាងត្បូងជាប់និងឈូងសមុទ្រខ្មែរ(នគរភ្នំ)និងខាងលិចជាប់រដ្ឋមនឬភូមា។,6,6,4,1.0,0.984375,4,6,0,0
64,ចូរនិយាយពីកំណកាម៉ែតញី។,ការស្ថិតនៅក្រោមសារពាង្គកាយនៃពងស្វាសមានសារៈសំខាន់ដូចជាដើម្បីរក្សាសីតុណ្ហភាពឲ្យ ទាបជាងសីតុណ្ហភាពក្នុងខ្លួន ប្រហែលពី(2-3)សីតុណ្ហភាពក្នុងខ្លួន37 ។,កំណកាម៉ែតញីដំបូងកោសិកាពូជមួយរួមចំណែកពីរដងបន្តបន្ទាប់គ្នា បានកោសិកាអូវ៉ូកូរី4 ។ អូវ៉ូកូរីនីមួយៗរីកមាឌអាចជាអូវ៉ូស៊ីត1 ។អូវ៉ូស៊ីតមួយរងចំណែកមួយនៃមេយោធាហើយត្រូវបាន ឈប់គាំងនៅវគ្គប្រផ្ដាស1 ។ក្រោយមកពេលគ្រប់អូវ៉ូស៊ីតមួយបន្តធ្វើចំណែកហើយត្រូវបានបញ្ចប់ នៅរយៈពេល6ម៉ោងមុនដំណើរអូវ៉ុលនិងធ្លាក់មកក្រៅជាអូវ៉ូស៊ីត2 ។ប្រសិនបើជួបស្ពែម៉ាតូសូអុីត បង្កើតបានជាអូវុល ។,10,10,4,1.0,0.76416015625,3,8,1,2
65,តើឧស្សាហកម្មមានតួនាទីដូចម្ដេចខ្លះចំពោះសេដ្ឋកិច្ចជាតិ?,ឧស្សាហកម្មមាន​តួនាទីចំពោះសេដ្ឋកិច្ចជាតិដូចជា ៖ ​ _ ជួយបង្កើតថវិការជាតិ ​ _ ជួយបង្កើតទិន្នផលជាតិ ​​ _ ជួយឲ្យសេដ្ឋកិច្ចជាតិរីកចម្រើន  _ ប្រជាជនសំបូរធូរធារ  _អភិវឌ្ឍគ្រប់វិស័យ  _ មានទំនាក់ទំនងល្អជាមួយអ្នកជិតខាង  _ មានភាពរុងរឿងនៅក្នុងប្រទេសជាតិ។,ឧស្សាហកម្មមានតួនាទីចំពោះសេដ្ឋកិច្ចដូចជា៖ -កម្ពុជា សំបូរ ទៅដោយដីដែលមានជីវជាតិល្អចំណេញ -ការដំណាំគ្រប់ប្រភេទប្រទេសកម្ពុជាមានអាកាសធាតុត្រូពិកក្តៅហើយ វាជាភាពងាយស្រួលក្នុងការដំណាំផ្លែឈើលូតលាស់បានល្អ -ប្រទេសកម្ពុជាយើងភាគច្រើនរកបរបរ កសិកម្ម -ការដាំដុះស្រូវនាំចេញទៅក្រៅប្រទេសរាងជារៀងរាល់ឆ្នាំ -ប្រជាកសិករស្ទើរតែទាំងស្រុងទៅហើយ ដែលភាគច្រើនជ្រើសរើសយកការធ្វើស្រែចម្ការ នៅព្រឹក -នៅកម្ពុជាមានចំនួនអ្នកធ្វើស្រែកសិកម្មដាំដុះរហូតទៅដល់ចិតសិបពីរចិតសិបបីភាគរ -យកម្ពុជាមានដំណាំដាំដះុ ជារាប់រយប្រភេទ។,15,10,3,0.6666666666666666,0.69677734375,3,10,0,0
66,តើសង្គមខ្មែរនៅសម័យអង្គរមានប៉ុន្មានវណ្ណៈ? វណ្ណៈអ្វីខ្លះ? ចូលរៀបរាប់។,សង្គមខ្មែរនៅសម័យអង្គរមានប្រាំវណ្ណៈគឺ -វណ្ណៈក្សត្រឬរាជវង្សនុវង្ស (ជាស្ដេចគ្រប់គ្រងប្រទេស -វណ្ណៈមន្ត្រី (អ្នករស់នៅក្នុងរាជវាំងបម្រើស្ដេច) -វណ្ណៈព្រាហ្ម៍ឬបុព្វជិត​(គឺជាអ្នកបួស) -វណ្ណៈអ្នកជាឬកសិករ (អ្នករស់នៅនឹងធ្វើស្រែចម្ការ) -វណ្ណៈអ្នកងារឬទាសករ(ទាសករបម្រើគេតកូនតចៅ)។,សង្គមខ្មែរនៅសម័យអង្គរមានប្រាំវណ្ណៈគឺ -វណ្ណៈក្សត្ររាជវង្សានុវង្ស -វណ្ណៈមន្ត្រី -វណ្ណៈបុព្វជិត -វណ្ណៈអ្នកជា -វណ្ណៈទាសករនិងអ្នកងារ។,10,6,2,0.6,0.5205078125,2,5,0,1
67,ចូររៀបរាប់អំពីទំនាក់ទំនងរវាងការដាំដុះអាជីវកម្មព្រៃឈើនិងនេសាទ។,ទំនាក់ទំនងរវាង ការដាំដុះអាជីវកម្មព្រៃឈើ និងការនេសាទ៖  _ ការដាំដុះអាជីវកម្មព្រៃឈើ និងការនេសាទ ជាភោគទ្រព្យយ៉ាងសំខាន់សម្រាប់ប្រជាជនក្នុងការទ្រទ្រង់ក្នុងជីវភាពរស់នៅនិងការអភិវឌ្ឍន៍ប្រទេសជាតិ   _ ដើម្បីបំពេញតម្រូវការក្នុងកសិកម្មផលិតកម្មនិងត្រូវការផ្សេងៗ មនុស្សនាំគ្នាកាប់ព្រៃឈើដើម្បីធ្វើអាជីវកម្មព្រៃឈើជាមូលហេតុធ្វើឲ្យអាកាសធាតុប្រែប្រួលប៉ះពាល់ដល់ជីវិតមនុស្ស សត្វ និងរុក្ខជាតិ  ​ _ អតិផលនៃប្រព័ន្ធកសិកម្ម នាំឲ្យមានកំណើននៃការប្រើប្រាស់គីមីនិងថ្នាំសម្លាប់សត្វល្អិត។ ជីគីមី និងថ្នាំសម្លាប់សត្វល្អិត ទាំងនោះហូរទៅផ្ដុំគ្នានៅតាមផ្លូវទឹកនានា បំផ្លាញជីវិតសត្វនិងពូជធម្មជាតិ។,ទំនាក់ទំនងរវាងការដាំដុះអាជីវកម្មព្រៃឈើនិងការនេសាទ -ការដាំដុះអាជីវកម្មព្រៃឈើនិងការនេសាទជាភោគទ្រព្យដ៏សំខាន់សម្រាប់ទ្រទ្រង់ជីវភាពរស់ នៅប្រចាំថ្ងៃកម្រិតផ្នែកកសិកម្មនិងវិស័យផ្សេងផ្សេងទៀតនឹងតម្រូវការរបស់មនុស្សសម្រាប់អារ៉ាប់រួមនៅក្នុងការ  -ការធ្វើអាជីវកម្មដែលបណ្តាលឲ្យមានការប្រើប្រាស់ថ្នាំសម្លាប់សត្វល្អិតនិងគីមីថ្នាំសម្លាប់សត្វល្អិតនិងជីគីមីបានហូបនាំមកផ្គុំគ្នាតាមទឹកមីនាសម្លាប់ជីវិតសត្វព្រៃ -តម្រូវការមនុស្សពីព្រៃឈើមានដូចជា(តុ ទូ កៅអី /គ្រឿងសង្ហារិម)។,15,6,2,0.4,0.2724609375,1,4,1,2
68,តើប្រព័ន្ធផលិតកម្មកសិកម្មនៅក្នុងប្រទេសកម្ពុជាមានអ្វីខ្លះ?ចូររៀបរាប់​ ។,ប្រព័ន្ធផលិតកម្មកសិកម្មនៅប្រទេសកម្ពុជាមាន៖    _ ដំណាំ : ដំណាំស្រូវ ដំណាំកៅស៊ូ ដំណាំផ្សេងៗទៀត    _ ការចិញ្ចឹមសត្វ : ការចិញ្ចឹមសត្វលើគោក ការចិញ្ចឹមសត្វក្នុងទឹក    _ ការនេសាទ : ការនេសាទទឹកសាប ការនេសាទទឹកប្រៃ  _ ព្រៃឈើ : ផលិតផលឈើ អនុផលព្រៃឈើ(រកឃ្មុំ ជ័រទឹក វល្លិ៍ ផ្តៅ) សត្វព្រៃ ។,ប្រព័ន្ធផលិតផលកសិកម្មនៅប្រទេសកម្ពុជាមានដូចជា៖  -ការនាំចេញចូលផលិតផល ការធ្វើស្រែចំការដំណាំស្រូវ -ការនាំប្រផលទៅក្រៅស្រុក -ការធ្វើសេដ្ឋកិច្ចទីផ្សារដើម្បីឲ្យមានការអភិវឌ្ឍន៍ខ្ពស់ -ការធ្វើពាណិជ្ជកម្ម -ការធ្វើអាជីវកម្មក្នុងស្រុកនិងក្រៅស្រុក។,10,2,1,0.2,0.31787109375,1,3,0,1
69,តើព្រះបាទពញាយ៉ាតមានបុត្រប៉ុន្មានអង្គព្រះនាមអ្វីខ្លះ?ជាមួយអ្នកម្នាងណាខ្លះ?,ព្រះបាទពញាយ៉ាតមានបុត្របីអង្គគឺ នារាយណ៍រាជា ជាបុត្រជាមួយម្នាងទេវី ស្រីរាជាជាបុត្រជាមួយបុទុមកេសរ និងធម្មរាជាជាបុត្រជាមួយសុីសង៉ាម(បុត្រីស្ដេចសៀម)។,ព្រះបាទពញាយ៉ាតមានបុត្របីអង្គគឺ នារាយណ៍រាជា ជាបុត្រជាមួយម្នាងទេវី ស្រីរាជាជាបុត្រជាមួយបុទុមកេសរ និងធម្មរាជាជាបុត្រជាមួយសុីសង៉ាម(បុត្រីស្ដេចសៀម)។,5,5,4,1.0,0.9755859375,4,5,0,0
70,សេដ្ឋកិច្ចកម្ពុជាពឹងផ្អែកលើវិស័យកសិកម្មជាសំខាន់៖ ​ក.​ ហេតុអ្វីបានជាគេនិយាយថាកម្ពុជាជាប្រទេសកសិកម្ម? ខ. តើគេចែកកសិករទាំងនោះជាប៉ុន្មានប្រភេទ?,សេដ្ឋកិច្ចកម្ពុជាបានផ្អែកលើវិស័យកសិកម្មជាសំខាន់៖ ក​. បានជាគេនិយាយថាប្រទេសកម្ពុជាជាប្រទេសកសិកម្មដោយសារ -ផ្ទៃដីនៅប្រទេសកម្ពុជាប្រហែល៩០ភាគរយសិតតែដំណាំស្រូវ -ប្រជាជនកកម្ពុជា ៧០.៣ភាគរយធ្វើកសិកម្ម -កសិកម្មជួយឲ្យប្រជាជនកម្ពុជាមានការងារធ្វើ -ប្រជាជននិយមធ្វើកសិកម្ម -ដីនៅកម្ពុជាប្រកបជាមួយកាធ្វើកសិកម្ម -កម្ពុជាមានអាកាសធាតុសមស្របសម្រាប់ធ្វើកសិកម្ម ខ. គេចែកកសិកម្មទាំងនោះជាពីរប្រភេទ៖ +កសិករខ្នាតតូច -ធ្វើកសិកម្មដើម្បីជីវិត -ធ្វើលក្ខណៈតិចតួច ទុកតែបរិភោគសម្រាប់គ្រួសារ -មិនលក់ឲ្យអ្នកណា +កសិករខ្នាតធំ -ធ្វើកសិកម្មច្រើនហើយទុកសម្រាប់លក់ឬនាំចេញទៅក្រៅប្រទេស -ធ្វើមួយឆ្នាំអាចទៅពីរលើក -ធ្វើលក្ខណៈច្រើន ដើម្បីលក់និងនាំចេញ។,សេដ្ឋកិច្ចកម្ពុជាបានផ្អែកលើវិស័យកសិកម្មជាសំខាន់៖ ក. បានជាគេនិយាយថាកម្ពុជាជាប្រទេសកសិកម្មព្រោះប្រជាជនកម្ពុជាស្ទើតែ៧២.៣%ទៅហើយជាកសិករ ហើយពួកគេពឹងផ្អែកលើវិស័យ កសិកម្ម ដើម្បីទទួលបានប្រាក់ចំណូលចូលគ្រួសារពួកគេ។ -ប្រទេសកម្ពុជាមានប្រភេទដែលអាចដាំដំណាំគ្រប់ប្រភេទបាន -ប្រជាជនមួយភាគចំណូលរបស់ពួកគេមកពីការធ្វើកសិកម្ម -មានដំណាំអាចនាំចេញចូលក្រៅប្រទេសបាន។ ខ. គេចែកកសិករទាំងនោះជាកសិករបែបបុរាណ និងកសិករបែបទំនើប៖ +កសិករបុរាណ -ធ្វើស្រែដោយប្រើរនាស់ -បោកកណ្ដាប់ជាដើម។ +កសិករបែបទំនើប -ធ្វើស្រែដោយរបស់ទំនើប (គោញង់ ត្រាក់ទ័រ) -ផលិតដោយប្រើរបស់ទំនើប។,15,11,3,0.7333333333333333,0.791015625,3,12,0,1
71,តើថ្ងៃរំដោះ៧មករា១៩៧៩ មានអត្ថន័យយ៉ាងណាខ្លះចំពោះប្រវត្តិសាស្ត្រកម្ពុជា?,ថ្ងៃរំដោះ 7 មករា 1979 មានអត្ថន័យជាប្រវត្តិសាស្រ្តដូចជា÷ -ជាថ្ងៃដែលប្រជាជនរួចផុតពីរបបប្រល័យពូជសាសន៍ -ជាថ្ងៃដែលរបបកម្ពុជាប្រជាធិបតេយ្យដួលរលំ -ជាថ្ងៃកំណើតទី 2 របស់ប្រជាជនខ្មែរ -ជាថ្ងៃដែលកងទ័ពរណសិរ្យសាមគ្គីនិងកងទ័ពរំដោះប្រជាជន បានរំដោះប្រជាជនចេញពីរបបប្រល័យពូជសាស្ត្រកម្ពុជា។,ថ្ងៃរំដោះ 7 មករា 1979 បានផ្ដល់អត្ថន័យជាប្រវត្តិសាស្រ្តចំពោះកម្ពុជាដូចជា÷ -ជាថ្ងៃដែលប្រជាជនកម្ពុជារួចផុតពីការសម្លាប់យ៉ាងរង្គាលនៃរបបប្រល័យពូជសាសន៍កម្ពុជាប្រជាធិបតេយ្យ -ជាថ្ងៃដួលរលំនៃរបបកម្ពុជាប្រជាធិបតេយ្យ ជាថ្ងៃចាប់បដិសន្ធិរបបសាធារណរដ្ឋប្រជាមានិតកម្ពុជា -ជាថ្ងៃដែលប្រជាជនកម្ពុជាទទួលបាននូវសិទ្ធិសេរីភាព សិទ្ធិនៃការសម្រេចចិត្តលើជោគវាសនាខ្លួន -ជាការរស់រានឡើងវិញនូវវប្បធម៌ជាតិ -ជាថ្ងៃស្ដារនិងកសាងប្រទេសឡើងវិញគ្រប់វិស័យតាមឆន្ទះនិងគោលបំណងប្រជាជន -ថ្ងៃដែលកម្ពុជាឈានទៅរកឯករាជ្យ សន្តិភាព សេរីភាព និងសុភមង្គល -ជាថ្ងៃស្ដារនិងកសាងប្រទេសឡើងវិញលើឆាកតំបន់និងអន្តរជាតិ -ជាថ្ងៃដែលបណ្ដាលឱ្យមានវត្តមានកងទ័ពវៀតណាមជាថ្មីម្ដងទៀតលើទឹកដីកម្ពុជា។,8,8,4,1.0,0.951171875,4,8,0,0
72,ហេតុអ្វីបានជាផ្នែកឯកជនជាកម្លាំងដ៏សំខាន់សម្រាប់វិនិយោគនិងធ្វើឲ្យមានកំណើនសេដ្ឋកិច្ចក្នុងប្រទេស?,បានជាផ្នែកឯកជនជាកម្លាំងដ៏សំខាន់សម្រាប់វិនិយោគនិងធ្វើឲ្យមានកំណើនសេដ្ឋកិច្ចក្នុងប្រទេស ព្រោះប្រទេសកម្ពុជាជាប្រទេសអភិវឌ្ឍន៍ សេដ្ឋកិច្ចទីផ្សារដោយបានធ្វើកំណែទម្រង់សហគ្រាសឧស្សាហកម្មឲ្យក្លាយទៅជាកម្មសិទ្ធិឯកជន ។ សេដ្ឋកិច្ចទីផ្សារសេរីនេះនាំឲ្យអ្នករកស៊ីបរទេសចូលចិត្តមកវិនិយោគ ហើយកាលណាផ្នែកឯកជនរឹងមាំមកវិនិយោគ ហើយកាលណាផ្នែកឯកជនមិនរឹងមាំអាចបំពេញបន្ថែមវិនិយោគនិងវិស័យសង្គមកិច្ចមានន័យថាវិស័យឯកជនស្រូបយកកម្លាំងការងារកាន់តែកើនឡើង។,បានជាផ្នែកឯកជនជាកម្លាំងដ៏សំខាន់សម្រាប់វិនិយោគលើធ្វើឲ្យមានកំណើនសេដ្ឋកិច្ចក្នុងប្រទេសព្រោះ -កម្ពុជាជាប្រទេសអភិវឌ្ឍន៍សេដ្ឋកិច្ចទីផ្សារសេរីការ -ឯកជនរឹងមាំវិស័យសង្គមអំពី វិស័យសង្គមសេដ្ឋកិច្ចកាន់តែស្រូបយក។,15,2,1,0.13333333333333333,0.2098388671875,1,3,0,1
73,ចូររៀបរាប់អំពីទំនាក់ទំនងរវាងការដាំដុះអាជីវកម្មព្រៃឈើនិងនេសាទ។,ទំនាក់ទំនងរវាង ការដាំដុះអាជីវកម្មព្រៃឈើ និងការនេសាទ៖  _ ការដាំដុះអាជីវកម្មព្រៃឈើ និងការនេសាទ ជាភោគទ្រព្យយ៉ាងសំខាន់សម្រាប់ប្រជាជនក្នុងការទ្រទ្រង់ក្នុងជីវភាពរស់នៅនិងការអភិវឌ្ឍន៍ប្រទេសជាតិ   _ ដើម្បីបំពេញតម្រូវការក្នុងកសិកម្មផលិតកម្មនិងត្រូវការផ្សេងៗ មនុស្សនាំគ្នាកាប់ព្រៃឈើដើម្បីធ្វើអាជីវកម្មព្រៃឈើជាមូលហេតុធ្វើឲ្យអាកាសធាតុប្រែប្រួលប៉ះពាល់ដល់ជីវិតមនុស្ស សត្វ និងរុក្ខជាតិ  ​ _ អតិផលនៃប្រព័ន្ធកសិកម្ម នាំឲ្យមានកំណើននៃការប្រើប្រាស់គីមីនិងថ្នាំសម្លាប់សត្វល្អិត។ ជីគីមី និងថ្នាំសម្លាប់សត្វល្អិត ទាំងនោះហូរទៅផ្ដុំគ្នានៅតាមផ្លូវទឹកនានា បំផ្លាញជីវិតសត្វនិងពូជធម្មជាតិ។,ទំនាក់ទំនងរវាងការដាំដុះ អាជីវកម្មព្រៃឈើនិងការនេសាទ -ការដាំដុះគឺជាការដាំដុះនូវដំណាំផ្សេងផ្សេងដូចជាស្រូវបន្លែជាច្រើនការដាំដុះនេះភាគច្រើនគេដាំវានៅតាមជនបទដើម្បីយកទៅលក់នៅទីផ្សារដើម្បីយកប្រាក់មកដោះដូរជីវភាព ប្រជាជនខ្លះដាំដុះនេះដើម្បីទុកបរិភោគខ្លួនឯងដោយកាត់បន្ថយទៅលើការចំណាយហើយការដាំដុះនេះ សារៈសំខាន់ចំពោះជាតិផងដែរការដាំដុះនេះអាចនាំចេញទៅក្រៅស្រុកបាន ផងដែរ អ្នកខ្លះទៀតយកការដាំដុះនេះជាមុខរបរនាំយកទៅទីក្រុងដើម្បីលក់ដូរ។ -អាជីវកម្មព្រៃឈើប្រជាជនមួយបានយកការកាប់ព្រៃឈើធ្វើជាអាជីវកម្មដើម្បីចិញ្ចឹមជីវិតហើយអាជីវកម្ម នេះមួយចំនួនអាចយកធ្វើជាអុសធ្យូងផ្ទះគ្រែកៅអីជាដើមគឺទាំងអស់នេះ ក៏ជាការសំខាន់ដែរដើម្បីយកទៅលក់ដូរដើម្បីដោះដូរជីវភាពបានប៉ុន្តែការធ្វើអាជីវកម្មព្រៃឈើនេះក៏អាចបង្កដល់អំពើខុសច្បាប់ដែរហើយអាចមានសំឡេងរំខានដល់អ្នកដទៃផងដែរ។ -ការនេសាទក៏អាចដោះដូរជីវភាពបានតែប្រជាជនមួយចំនួនបានយកការនេសាទនេះ ចិញ្ចឹមជីវិតនិងគ្រួសារការនេសាទឬមានច្រើនបែបណាដូចជាការនេសាទត្រីការនេសាទសត្វ ការនេសាទនៅសមុទ្រជាដើម។,15,5,1,0.3333333333333333,0.38525390625,2,6,1,1
74,តើកត្តាអ្វីខ្លះដែលធ្វើអោយសម័យអង្គររីកចម្រើនដល់កំពូល?​ ចូលរៀបរាប់។,កត្តាដែលធ្វើអោយសម័យអង្គររីកចម្រើនគឺ: កត្តាព្រះរាជា:ព្រះរាជាចាប់ពីព្រះបាទជ័យវរ្ម័នទី 2 រហូតដល់ព្រះបាទជ័យវរ្ម័នទី 7 សុទ្ធតែជាស្ដេចខ្លាំងពូកែ កត្តានយោបាយ: នយោបាយក្នុងប្រទេសបង្រួបបង្រួមជាតិកសាងនិងការពារទឹកដី នយោបាយក្រៅប្រទេស:ចងសម្ព័ន្ធមិត្តជាមួយប្រទេសធំៗវាយយករដ្ឋតូចដាក់ជាចំណុះ កត្តាសេដ្ឋកិច្ច:រីកចម្រើនលើវិស័យកសិកម្មសិប្បកម្មគណនាគម កត្តាសាសនា:ការឯកភាពគ្នារវាងសាសនាព្រាហ្មនិងព្រះពុទ្ធ កត្តាធនធានមនុស្សបន្សល់ទុកតាំងពីសម័យនគរភ្នំនិងចេនឡាមក។,កត្តាដែលធ្វើអោយសម័យអង្គររីកចម្រើនគឺ: .កត្តាព្រះរាជា:ព្រះរាជាចាប់ពីព្រះបាទជ័យវរ្ម័នទី 2 រហូតដល់ព្រះបាទជ័យវរ្ម័នទី 7 សុទ្ធសឹងតែជាស្ដេចខ្លាំងពូកែ .កត្តានយោបាយ: +នយោបាយក្នុងប្រទេស:បង្រួបបង្រួម​ កសាង និងការពារ។ +នយោបាយក្រៅប្រទេស:ចងសម្ព័ន្ធមិត្តជាមួយប្រទេសធំៗដូចជាចិននិងឥណ្ឌា និងវាយយករដ្ឋតូចដាក់ជាចំណុះ .កត្តាសេដ្ឋកិច្ច:ការរីកចម្រើនលើវិស័យកសិកម្ម សិប្បកម្ម គណនាគមន៍ .កត្តាសាសនា:មានការឯកភាពគ្នារវាងសាសនាព្រាហ្មនិងព្រះពុទ្ធ .កត្តាធនធានមនុស្សបន្សល់ទុកតាំងពីសម័យនគរភ្នំនិងចេនឡាមក។,10,10,4,1.0,0.98486328125,4,10,0,0
75,តើកត្តាអ្វីខ្លះដែលធ្វើអោយសម័យអង្គររីកចម្រើនដល់កំពូល?​ ចូលរៀបរាប់។,កត្តាដែលធ្វើអោយសម័យអង្គររីកចម្រើនគឺ: កត្តាព្រះរាជា:ព្រះរាជាចាប់ពីព្រះបាទជ័យវរ្ម័នទី 2 រហូតដល់ព្រះបាទជ័យវរ្ម័នទី 7 សុទ្ធតែជាស្ដេចខ្លាំងពូកែ កត្តានយោបាយ: នយោបាយក្នុងប្រទេសបង្រួបបង្រួមជាតិកសាងនិងការពារទឹកដី នយោបាយក្រៅប្រទេស:ចងសម្ព័ន្ធមិត្តជាមួយប្រទេសធំៗវាយយករដ្ឋតូចដាក់ជាចំណុះ កត្តាសេដ្ឋកិច្ច:រីកចម្រើនលើវិស័យកសិកម្មសិប្បកម្មគណនាគម កត្តាសាសនា:ការឯកភាពគ្នារវាងសាសនាព្រាហ្មនិងព្រះពុទ្ធ កត្តាធនធានមនុស្សបន្សល់ទុកតាំងពីសម័យនគរភ្នំនិងចេនឡាមក។,កត្តាដែលធ្វើអោយសម័យអង្គររីកចម្រើនគឺ: .កត្តាព្រះរាជា .កត្តានយោបាយ .កត្តាសេដ្ឋកិច្ច .កត្តាសាសនា .កត្តាធនធានមនុស្ស,10,6,2,0.6,0.35205078125,1,4,1,2
76,តើកម្ពុជាមានបេតិកភណ្ឌអ្វីខ្លះ ដែលបានចុះបញ្ជីបេតិកភណ្ឌរូបី និង អរូបីពិភពលោករបស់អង្គការយូ ណេស្កូ? ចូររៀបរាប់ឲ្យបានប្រាំ។,បេតិកភណ្ឌរូបិយនិងអរូបិយមានដូចជា -ប្រាសាទព្រះវិហារ -ប្រាសាទអង្គវត្ត -ប្រាសាតសម្បូរព្រៃគុក -ប្រាសាទកោះកេរ្ត៍ -របាំព្រះរាជទ្រព្យ -ល្ខោនខោល -ល្បែងប្រជាប្រិយ។,ប្រាសាទព្រះវិហារ -ប្រាសាទសំបូរព្រៃគុក -ប្រាសាទកោះកេរ -របាំព្រះរាជទ្រព្យ -ល្ខោនខោ -ល្ខោនស្បែកធំ -ល្បុក្កតោ,5,5,4,1.0,0.97119140625,4,5,0,0
77,តើសង្គមខ្មែរនៅសម័យអង្គរមានប៉ុន្មានវណ្ណៈ? វណ្ណៈអ្វីខ្លះ? ចូលរៀបរាប់។,សង្គមខ្មែរនៅសម័យអង្គរមានប្រាំវណ្ណៈគឺ -វណ្ណៈក្សត្រឬរាជវង្សនុវង្ស (ជាស្ដេចគ្រប់គ្រងប្រទេស -វណ្ណៈមន្ត្រី (អ្នករស់នៅក្នុងរាជវាំងបម្រើស្ដេច) -វណ្ណៈព្រាហ្ម៍ឬបុព្វជិត​(គឺជាអ្នកបួស) -វណ្ណៈអ្នកជាឬកសិករ (អ្នករស់នៅនឹងធ្វើស្រែចម្ការ) -វណ្ណៈអ្នកងារឬទាសករ(ទាសករបម្រើគេតកូនតចៅ)។,សង្គមខ្មែរនៅសម័យអង្គរមានប្រាំវណ្ណៈគឺ -វណ្ណៈក្សត្រ -វណ្ណៈមន្ត្រី -វណ្ណៈបុព្វជិត -វណ្ណៈអ្នកជា -វណ្ណៈទាសករ។,10,5,2,0.5,0.51416015625,2,5,0,0
78,តើថ្ងៃរំដោះ៧មករា១៩៧៩ មានអត្ថន័យយ៉ាងណាខ្លះចំពោះប្រវត្តិសាស្ត្រកម្ពុជា?,ថ្ងៃរំដោះ 7 មករា 1979 មានអត្ថន័យជាប្រវត្តិសាស្រ្តដូចជា÷ -ជាថ្ងៃដែលប្រជាជនរួចផុតពីរបបប្រល័យពូជសាសន៍ -ជាថ្ងៃដែលរបបកម្ពុជាប្រជាធិបតេយ្យដួលរលំ -ជាថ្ងៃកំណើតទី 2 របស់ប្រជាជនខ្មែរ -ជាថ្ងៃដែលកងទ័ពរណសិរ្យសាមគ្គីនិងកងទ័ពរំដោះប្រជាជន បានរំដោះប្រជាជនចេញពីរបបប្រល័យពូជសាស្ត្រកម្ពុជា។,ការចំពោះថ្ងៃ ៧ មករា ១៩៧៩ មានអត្ថន័យចំពោះប្រវត្តិសាស្ត្រកម្ពុជាដូចជា៖ -ជាថ្ងៃដែលប្រជាជនរួចផុតពីរបបប្រល័យពូជសាសន៍ ប៉ុល ពត ទាំងស្រុង -ជាថ្ងៃដែលប្រជាជនរស់មានសេរីភាព និងជួបជុំគ្រួសារ។ -ជាថ្ងៃជ័យជំនះរបស់សម្តេច ហ៊ុន សែន ទៅលើរបបខ្មែរក្រហម។ -ប្រជាជនរួចផុតពីការរស់នៅរងទុក្ខវេទនា។ -ប្រជាជនមានអាហារបរិភោគគ្រប់គ្រាន់ឡើងវិញ។ -ប្រជាជនលែងរស់នៅក្រោមការគាប់សង្គាត់ជីះជាន់ពីសំណាក់ខ្មែរក្រហម។ -ជាថ្ងៃសម្រាប់រំលឹកយុវជនជំនាន់ក្រោយអោយដឹងពីការរស់នៅរងទុក្ខវេទនារបស់ប្រជាជនក្នុងរបបខ្មែរក្រហម។,8,8,4,1.0,0.921875,4,7,0,1
79,តើការស្ថិតនៅក្រៅសារពាង្គកាយនៃពងស្វាសមានសារៈសំខាន់ដូចម្តេច?,ការស្ថិតនៅក្រោមសារពាង្គកាយនៃពងស្វាសមានសារៈសំខាន់ដូចជាដើម្បីរក្សាសីតុណ្ហភាពឲ្យ ទាបជាងសីតុណ្ហភាពក្នុងខ្លួន ប្រហែលពី(2-3)សីតុណ្ហភាពក្នុងខ្លួន37 ។,ការស្ថិតនៅក្រោមសារពាង្គកាយនៃពងស្វាសមានសារៈសំខាន់ក្នុងការផលិតអរម៉ូនភេទឈ្មោលនិង បង្កើតស្ពែម៉ាតូសូអ៊ីតរក្សាសីតុណ្ហភាពឲ្យទាបជាងសីតុណ្ហភាពក្នុងខ្លួន ប្រហែលពី(2-3) ។,10,3,1,0.3,0.7880859375,3,8,2,5
80,តើគេចែកយុគសម័យបុរេប្រវត្តិសាស្ត្រកម្ពុជាជាប៉ុន្មានយុគសម័យ?អ្វីខ្លះ?,គេចែកយុគសម័យបុរេប្រវត្តិសាស្ត្រកម្ពុជាជាបីយុគសម័យគឺ -យុគថ្មបំបែក (600000 - 12000 ឆ្នាំមុនគ.ស) -យុគថ្មរលីងឬសំលៀង (8000 - 2000 ឆ្នាំមុនគ.ស) -យុគលោហៈ(2000-100 ឆ្នាំមុនគ.ស)។,គេចែកយុគសម័យបុរេប្រវត្តិសាស្ត្រកម្ពុជាជាបីយុគសម័យគឺ -យុគថ្មបំបែក (600000 - 12000 ឆ្នាំមុនគ.ស) -យុគថ្មរលីងឬសំលៀង (8000 - 2000 ឆ្នាំមុនគ.ស) -យុគលោហៈ(2000-100 ឆ្នាំមុនគ.ស)។,5,5,4,1.0,0.9912109375,4,5,0,0
81,តើគេចែកយុគសម័យបុរេប្រវត្តិសាស្ត្រកម្ពុជាជាប៉ុន្មានយុគសម័យ?អ្វីខ្លះ?,គេចែកយុគសម័យបុរេប្រវត្តិសាស្ត្រកម្ពុជាជាបីយុគសម័យគឺ -យុគថ្មបំបែក (600000 - 12000 ឆ្នាំមុនគ.ស) -យុគថ្មរលីងឬសំលៀង (8000 - 2000 ឆ្នាំមុនគ.ស) -យុគលោហៈ(2000-100 ឆ្នាំមុនគ.ស)។,គេចែកយុគសម័យបុរេប្រវត្តិសាស្ត្រកម្ពុជាជាបីយុគសម័យគឺ -យុគថ្មបំបែក (600000 - 12000 ឆ្នាំមុនគ.ស) -យុគថ្មរលីងឬសំលៀង (8000 - 2000 ឆ្នាំមុនគ.ស) -យុគលោហៈ(2000-100 ឆ្នាំមុនគ.ស)។,5,5,4,1.0,0.9912109375,4,5,0,0
82,តើគេចែកយុគសម័យបុរេប្រវត្តិសាស្ត្រកម្ពុជាជាប៉ុន្មានយុគសម័យ?អ្វីខ្លះ?,គេចែកយុគសម័យបុរេប្រវត្តិសាស្ត្រកម្ពុជាជាបីយុគសម័យគឺ -យុគថ្មបំបែក (600000 - 12000 ឆ្នាំមុនគ.ស) -យុគថ្មរលីងឬសំលៀង (8000 - 2000 ឆ្នាំមុនគ.ស) -យុគលោហៈ(2000-100 ឆ្នាំមុនគ.ស)។,គេចែកយុគសម័យបុរេប្រវត្តិសាស្ត្រកម្ពុជាជាបីយុគសម័យគឺ -យុគថ្មបំបែក (600000 - 12000 ឆ្នាំមុនគ.ស) -យុគថ្មរលីងឬសំលៀង (8000 - 2000 ឆ្នាំមុនគ.ស) -យុគលោហៈ(2000-100 ឆ្នាំមុនគ.ស)។,5,5,4,1.0,0.9912109375,4,5,0,0
83,តើអាណាចក្រភ្នំមានព្រំប្រទល់ជាប់ប្រទេសណាខ្លះ?,អាណាចក្រភ្នំមានព្រំប្រទល់ជាប់ប្រទេសដូចជា -ខាងជើងជាប់ចិន -ខាងត្បូងជាឈូងសមុទ្រខ្មែរ -ខាងកើតជាប់រដ្ឋចម្ប៉ា -ខាងលិចជាប់រដ្ធមនឬភូមា។,អាណាចក្រភ្នំមានព្រំប្រទល់ជាប់ប្រទេសដូចជា -ខាងជើងជាប់ចិន(រដ្ឋណាមឈាវ) -ខាងត្បូងជាឈូងសមុទ្រខ្មែរ -ខាងកើតជាប់រដ្ឋចម្ប៉ា -ខាងលិចជាប់រដ្ឋមនឬភូមា។,6,6,4,1.0,0.98388671875,4,6,0,0
84,តើកត្តាអ្វីខ្លះដែលធ្វើអោយសម័យអង្គររីកចម្រើនដល់កំពូល?​ ចូលរៀបរាប់។,កត្តាដែលធ្វើអោយសម័យអង្គររីកចម្រើនគឺ: កត្តាព្រះរាជា:ព្រះរាជាចាប់ពីព្រះបាទជ័យវរ្ម័នទី 2 រហូតដល់ព្រះបាទជ័យវរ្ម័នទី 7 សុទ្ធតែជាស្ដេចខ្លាំងពូកែ កត្តានយោបាយ: នយោបាយក្នុងប្រទេសបង្រួបបង្រួមជាតិកសាងនិងការពារទឹកដី នយោបាយក្រៅប្រទេស:ចងសម្ព័ន្ធមិត្តជាមួយប្រទេសធំៗវាយយករដ្ឋតូចដាក់ជាចំណុះ កត្តាសេដ្ឋកិច្ច:រីកចម្រើនលើវិស័យកសិកម្មសិប្បកម្មគណនាគម កត្តាសាសនា:ការឯកភាពគ្នារវាងសាសនាព្រាហ្មនិងព្រះពុទ្ធ កត្តាធនធានមនុស្សបន្សល់ទុកតាំងពីសម័យនគរភ្នំនិងចេនឡាមក។,កត្តាដែលធ្វើអោយសម័យអង្គររីកចម្រើនគឺ: .កត្តាព្រះរាជា:ព្រះរាជាចាប់ពីព្រះបាទជ័យវរ្ម័នទី 2 រហូតដល់ព្រះបាទជ័យវរ្ម័នទី 7 សុទ្ធសឹងតែជាស្ដេចខ្លាំងពូកែ .កត្តានយោបាយ: +នយោបាយក្នុងប្រទេស:បង្រួបបង្រួម​ កសាង និងការពារ។ +នយោបាយក្រៅប្រទេស:ចងសម្ព័ន្ធមិត្តជាមួយប្រទេសធំៗដូចជាចិននិងឥណ្ឌា និងវាយយករដ្ឋតូចដាក់ជាចំណុះ .កត្តាសេដ្ឋកិច្ច:ការរីកចម្រើនលើវិស័យកសិកម្ម សិប្បកម្ម គណនាគមន៍ .កត្តាសាសនា:មានការឯកភាពគ្នារវាងសាសនាព្រាហ្មនិងព្រះពុទ្ធ .កត្តាធនធានមនុស្សបន្សល់ទុកតាំងពីសម័យនគរភ្នំនិងចេនឡាមក។,10,10,4,1.0,0.98486328125,4,10,0,0
85,តើអ្វីជាសង្គ្រាមត្រជាក់? តើសង្គ្រាមត្រជាក់ផ្ដល់ផលវិបាកអ្វីខ្លះដល់កម្ពុជា?,សង្គ្រាមត្រជាក់ជាការប្រឈមមុខដាក់គ្នាដោយប្រយោលរវាងសហរដ្ឋអាមេរិចនិងសហភាពសូវៀត ដោយធ្វើការប្រណាំងប្រជែងគ្នាលើផ្នែក  សេដ្ឋកិច សព្វាវុធ យោធា និងបច្ចេកទេស។ សង្រ្គាមត្រជាក់បានផ្ដល់ផលវិបាកកម្ពុជាដូចជា៖ -គ្រាប់បែករបស់សហរដ្ឋអាមេរិក 1669 ដល់ 1973  -សង្គ្រាមស៊ីវិលក្នុងប្រទេសពីឆ្នាំ 1970 ដល់ 1975 និងកើតមានម្តងទៀតពីឆ្នាំ 1979 ដល់ឆ្នាំ 1991 ដែលកើតចេញពីការប្រឆាំងគ្នារវាងក្រុមកុម្មុយនិស្តនិងសេរីនិយម -ការសម្លាប់ប្រជាជនឯងក្រោមរបស់ប្រល័យពូជសាសន៍ឆ្នាំ 1975 និងឆ្នាំ 1979  -ការផ្លាស់ប្ដូរនយោបាយជាញឹកញាប់រហូតមានការមានកិច្ចព្រមព្រៀងសន្តិភាពក្រុងប៉ារីសថ្ងៃទី 23 តុលាឆ្នាំ 1991។,ដែលហៅថាសង្គ្រាមត្រជាក់ គឺជាសង្គ្រាមដែលកើតឡើងរវាងប្រទេសមហាអំណាច និងប្រទេសដទៃទៀត។ សង្រ្គាមត្រជាក់បានផ្ដល់ផលវិបាកកម្ពុជាដូចជា៖ -ប៉ះពាល់ដល់វិស័យពាណិជ្ជកម្មក្នុងប្រទេសកម្ពុជា -សេដ្ឋកិច្ចធ្លាក់ចុះ -ប៉ះពាល់ដល់ប្រព័ន្ធអប់រំ -អាចបិទផ្លូវគមនាគមន៌ -ប្រទេសមានចលាចលបាត់បង់ការគ្រប់គ្រង់ក្នុងប្រទេស -បក្សពួកនិយមធ្វើការប្រឆាំងនឹងព្រះមហាក្សត្រ -ធ្វើឱ្យនយោបាយអព្យាក្រឹតដើរមិនចំទិស -កម្ពុជាធ្លាក់ក្នុងភ្នក់ភ្លើងសង្គ្រាម -កង្វះខាតស្បៀងអាហារ -តម្លៃទំនិញឡើងថ្លៃ។,10,7,3,0.7,0.755859375,3,8,0,1
86,តើអាណាចក្រភ្នំមានព្រំប្រទល់ជាប់ប្រទេសណាខ្លះ?,អាណាចក្រភ្នំមានព្រំប្រទល់ជាប់ប្រទេសដូចជា -ខាងជើងជាប់ចិន -ខាងត្បូងជាឈូងសមុទ្រខ្មែរ -ខាងកើតជាប់រដ្ឋចម្ប៉ា -ខាងលិចជាប់រដ្ធមនឬភូមា។,អាណាចក្រភ្នំមានព្រំប្រទល់ជាប់ប្រទេសដូចជា -ខាងជើងជាប់ចិន(រដ្ឋណានឆាវតុងកឹង) -ខាងត្បូងជាឈូងសមុទ្រខ្មែរ -ខាងកើតជាប់រដ្ឋចម្ប៉ា -ខាងលិចជាប់រដ្ឋមនឬភូមា។,6,6,4,1.0,0.9873046875,4,6,0,0
87,ហេតុអ្វីបានជាផ្នែកឯកជនជាកម្លាំងដ៏សំខាន់សម្រាប់វិនិយោគនិងធ្វើឲ្យមានកំណើនសេដ្ឋកិច្ចក្នុងប្រទេស?,បានជាផ្នែកឯកជនជាកម្លាំងដ៏សំខាន់សម្រាប់វិនិយោគនិងធ្វើឲ្យមានកំណើនសេដ្ឋកិច្ចក្នុងប្រទេស ព្រោះប្រទេសកម្ពុជាជាប្រទេសអភិវឌ្ឍន៍ សេដ្ឋកិច្ចទីផ្សារដោយបានធ្វើកំណែទម្រង់សហគ្រាសឧស្សាហកម្មឲ្យក្លាយទៅជាកម្មសិទ្ធិឯកជន ។ សេដ្ឋកិច្ចទីផ្សារសេរីនេះនាំឲ្យអ្នករកស៊ីបរទេសចូលចិត្តមកវិនិយោគ ហើយកាលណាផ្នែកឯកជនរឹងមាំមកវិនិយោគ ហើយកាលណាផ្នែកឯកជនមិនរឹងមាំអាចបំពេញបន្ថែមវិនិយោគនិងវិស័យសង្គមកិច្ចមានន័យថាវិស័យឯកជនស្រូបយកកម្លាំងការងារកាន់តែកើនឡើង។,ព្រោះវិស័យឯកជនជាក្បាលម៉ាស៊ីនសំខាន់សម្រាប់វិនិយោគនិងធ្វើឱ្យមានកំណើនសេដ្ឋកិច្ចក្នុងប្រទេសព្រោះ៖ -ផ្នែកឯកជនជាកម្លាំងដ៏សំខាន់ណាស់សម្រាប់ប្រទេសជាតិព្រោះបើមកក៏ធនធានមនុស្សផ្នែកបច្ចេកវិទ្យានិងបច្ចេកទេស -ផ្នែកឯកជនបានផ្តល់ដូរដូចជាឱកាសការងារ -នាំចេញឈើមានការអភិវឌ្ឍគ្រប់វិស័យ -ប្រជាជនមានជីវភាពធូរធារជាងមុន -រក្សាចែកចេញជាកម្មសេវាកម្មមានតម្លៃថោក -មានទំនិញនាំចេញនាំចូលទៅក្រៅស្រុក  -សេដ្ឋកិច្ចទីផ្សារសេរីដែលនាំឲ្យអ្នករកស៊ីមកពីបរទេស។,15,12,3,0.8,0.72705078125,3,11,0,1
88,ហេតុអ្វីបានជាផ្នែកឯកជនជាកម្លាំងដ៏សំខាន់សម្រាប់វិនិយោគនិងធ្វើឲ្យមានកំណើនសេដ្ឋកិច្ចក្នុងប្រទេស?,បានជាផ្នែកឯកជនជាកម្លាំងដ៏សំខាន់សម្រាប់វិនិយោគនិងធ្វើឲ្យមានកំណើនសេដ្ឋកិច្ចក្នុងប្រទេស ព្រោះប្រទេសកម្ពុជាជាប្រទេសអភិវឌ្ឍន៍ សេដ្ឋកិច្ចទីផ្សារដោយបានធ្វើកំណែទម្រង់សហគ្រាសឧស្សាហកម្មឲ្យក្លាយទៅជាកម្មសិទ្ធិឯកជន ។ សេដ្ឋកិច្ចទីផ្សារសេរីនេះនាំឲ្យអ្នករកស៊ីបរទេសចូលចិត្តមកវិនិយោគ ហើយកាលណាផ្នែកឯកជនរឹងមាំមកវិនិយោគ ហើយកាលណាផ្នែកឯកជនមិនរឹងមាំអាចបំពេញបន្ថែមវិនិយោគនិងវិស័យសង្គមកិច្ចមានន័យថាវិស័យឯកជនស្រូបយកកម្លាំងការងារកាន់តែកើនឡើង។,បានជាផ្នែកឯកជនជាកំណើនដ៏សំខាន់សម្រាប់វិនិយោគនិងធ្វើឲ្យមានកំណើនសេដ្ឋកិច្ចក្នុងប្រទេសដោយសារ -ទីផ្សារសេរីធ្វើសហគ្រាសមានសេដ្ឋកិច្ចឯកជន -ផ្នែកឯកជនផ្ដល់កូនចូលសេដ្ឋកិច្ចជាតិ -ជួយបំពេញទីផ្សារសង្គមឲ្យរីកចម្រើន  -សហគ្រាសឯកជនមានឧស្សាហកម្មសិប្បកម្មដែលជួយបំពេញតម្រូវការក្នុងស្រុក -ផ្តល់ការងារដល់ប្រជាជន -ទាក់ទាញឲ្យបរទេសចូលចិត្តមកវិនិយោគក្នុងប្រទេស -ការកាត់បន្ថយប្រជាជនធ្វើចលនាបំផ្លាស់លំនៅ -ឯកជនមានកម្លាំងកាត់បន្ថយបន្ទុកសម្រាប់ជាតិឬកាត់បន្ថយភាពក្រីក្ររបស់ប្រជាជន -ឯកជនរីកចម្រើនធ្វើឲ្យឧស្សាហកម្មមានកម្រិតខ្ពស់ដែលធ្វើប្រទេសអភិវឌ្ឍន៍លឿន.....។,15,10,3,0.6666666666666666,0.465576171875,2,7,1,3
89,ចូរនិយាយពីកំណកាម៉ែតញី។,ការស្ថិតនៅក្រោមសារពាង្គកាយនៃពងស្វាសមានសារៈសំខាន់ដូចជាដើម្បីរក្សាសីតុណ្ហភាពឲ្យ ទាបជាងសីតុណ្ហភាពក្នុងខ្លួន ប្រហែលពី(2-3)សីតុណ្ហភាពក្នុងខ្លួន37 ។,កំណកាម៉ែនញី ដំបូងកោសិកាពូជមួយរកចម្ងាយពីរដងទម្លាប់គ្នាបានកោសិកាអូវ៉ូកូនី4 ។ អូវុលរីកមាឌក្លាយជាអូវូស៊ីត1 ។អូវ៉ូស៊ីតមួយរងចំណែកមួយនៃមេយ៉ូសហើយត្រូវបានជាប់គាំងនៅចុង វគ្គមួយ ។,10,5,2,0.5,0.419677734375,2,4,0,1
90,តើគេចែកយុគសម័យបុរេប្រវត្តិសាស្ត្រកម្ពុជាជាប៉ុន្មានយុគសម័យ?អ្វីខ្លះ?,គេចែកយុគសម័យបុរេប្រវត្តិសាស្ត្រកម្ពុជាជាបីយុគសម័យគឺ -យុគថ្មបំបែក (600000 - 12000 ឆ្នាំមុនគ.ស) -យុគថ្មរលីងឬសំលៀង (8000 - 2000 ឆ្នាំមុនគ.ស) -យុគលោហៈ(2000-100 ឆ្នាំមុនគ.ស)។,គេចែកយុគសម័យបុរេប្រវត្តិសាស្ត្រកម្ពុជាជាបីយុគសម័យគឺ -យុគថ្មបំបែក (600000 - 12000 ឆ្នាំមុនគ.ស) -យុគថ្មរលីងឬសំលៀង (8000 - 2000 ឆ្នាំមុនគ.ស) -យុគលោហៈ(2000-100 ឆ្នាំមុនគ.ស)។,5,5,4,1.0,0.9912109375,4,5,0,0
91,ហេតុអ្វីបានជាមនុស្សស្រូបយកខ្យល់ដែលមានកាបូនម៉ណូអុកស៊ីតអាចបង្កគ្រោះថ្នាក់ដល់ស្លាប់បាន?,បានជាមនុស្សស្រូបយកខ្យល់ដែលមានកាបូនម៉ូណូអុកស៊ីដអាចបង្កឲ្យមានគ្រោះថ្នាក់ដល់ស្លាប់ បានព្រោះកាបូនម៉ូណូអុកស៊ីដមានសមត្ថភាពចាប់យក ក្នុងឈាមបានខ្លាំងជាងអុកស៊ីសែន វារារាំងឈាមមិនឲ្យដឹកនាំអុកស៊ីសែនទៅចិញ្ចឹមសរីរាង្គជាពិសេសខួរក្បាលដែលបណ្តាលឲ្យ ស្លាប់និង សន្លប់ ។,បានជាមនុស្សស្រូបយកខ្យល់ដែលមានកាបូនម៉ូណូអុកស៊ីដអាចបង្កគ្រោះថ្នាក់ដល់ស្លាប់បានព្រោះ អុកស៊ីតដែលមនុស្សត្រូវការ ឧស្ម័នកាបូនិចនិងទឹក ទើបអាចរស់បាន ។,5,2,2,0.4,0.53857421875,2,3,0,1
92,តើឧស្សាហកម្មមានតួនាទីដូចម្ដេចខ្លះចំពោះសេដ្ឋកិច្ចជាតិ?,ឧស្សាហកម្មមាន​តួនាទីចំពោះសេដ្ឋកិច្ចជាតិដូចជា ៖ ​ _ ជួយបង្កើតថវិការជាតិ ​ _ ជួយបង្កើតទិន្នផលជាតិ ​​ _ ជួយឲ្យសេដ្ឋកិច្ចជាតិរីកចម្រើន  _ ប្រជាជនសំបូរធូរធារ  _អភិវឌ្ឍគ្រប់វិស័យ  _ មានទំនាក់ទំនងល្អជាមួយអ្នកជិតខាង  _ មានភាពរុងរឿងនៅក្នុងប្រទេសជាតិ។,ឧស្សាហកម្មមានតួនាទីចំពោះសេដ្ឋកិច្ចជាតិដូចជា៖  _ រកចំណូលចូលជាតិប្រមាណ 34.4%  _ ប្រជាជនមានការងារធ្វើ  _ កាត់បន្ថយភាពក្រីក្ររបស់ប្រជាជន  _ ធ្វើឲ្យប្រទេសជាតិមានការរីកចម្រើន  _ ប្រជាជនមានចំណូលចូលក្នុងគ្រួសារ  _ ធ្វើឲ្យប្រទេសជាតិមានការរីកចម្រើន និងឱ្យប្រទេសជាតិមានមុខមាត់លើឆាកអន្តរជាតិ។,15,15,4,1.0,0.955078125,4,14,0,1
93,តើអ្វីជាសង្គ្រាមត្រជាក់? តើសង្គ្រាមត្រជាក់ផ្ដល់ផលវិបាកអ្វីខ្លះដល់កម្ពុជា?,សង្គ្រាមត្រជាក់ជាការប្រឈមមុខដាក់គ្នាដោយប្រយោលរវាងសហរដ្ឋអាមេរិចនិងសហភាពសូវៀត ដោយធ្វើការប្រណាំងប្រជែងគ្នាលើផ្នែក  សេដ្ឋកិច សព្វាវុធ យោធា និងបច្ចេកទេស។ សង្រ្គាមត្រជាក់បានផ្ដល់ផលវិបាកកម្ពុជាដូចជា៖ -គ្រាប់បែករបស់សហរដ្ឋអាមេរិក 1669 ដល់ 1973  -សង្គ្រាមស៊ីវិលក្នុងប្រទេសពីឆ្នាំ 1970 ដល់ 1975 និងកើតមានម្តងទៀតពីឆ្នាំ 1979 ដល់ឆ្នាំ 1991 ដែលកើតចេញពីការប្រឆាំងគ្នារវាងក្រុមកុម្មុយនិស្តនិងសេរីនិយម -ការសម្លាប់ប្រជាជនឯងក្រោមរបស់ប្រល័យពូជសាសន៍ឆ្នាំ 1975 និងឆ្នាំ 1979  -ការផ្លាស់ប្ដូរនយោបាយជាញឹកញាប់រហូតមានការមានកិច្ចព្រមព្រៀងសន្តិភាពក្រុងប៉ារីសថ្ងៃទី 23 តុលាឆ្នាំ 1991។,សង្គ្រាមត្រជាក់ជាការប្រឈមមុខដាក់គ្នាដោយប្រយោលរវាងប្លុកលោកខាងលិចដែលប្រកាន់យកលិទ្ធិសេរីនិយមដឹកនាំដោយសាររដ្ឋអាមេរិច និងខាងកើតដែលប្រកាន់យកលិទ្ធិកុម្មុយនិស្តនាំដោយសហភាពសូវៀត។ ការប្រឈមមុខរវាងប្រទេសទាំងពីរនេះកើតមានក្នុងវិស័យមនោគមវិជ្ជា នយោបាយសេដ្ឋកិច្ចពាណិជ្ជកម្មការទូតនិងទំនាក់ទំនងអន្តរជាតិ។ សង្រ្គាមត្រជាក់បានផ្ដល់ផលវិបាកកម្ពុជាដូចជា៖ -គ្រាប់បែករបស់សហរដ្ឋអាមេរិក 1669 ដល់ 1973  -សង្គ្រាមស៊ីវិលក្នុងប្រទេសពីឆ្នាំ 1970 ដល់ 1975 និងកើតមានម្តងទៀតពីឆ្នាំ 1979 ដល់ឆ្នាំ 1991 ដែលកើតចេញពីការប្រឆាំងគ្នារវាងក្រុមកុម្មុយនិស្តនិងសេរីនិយម -ការសម្លាប់ប្រជាជនឯងក្រោមរបស់ប្រល័យពូជសាសន៍ឆ្នាំ 1975 និងឆ្នាំ 1979  -ការផ្លាស់ប្ដូរនយោបាយជាញឹកញាប់រហូតមានការមានកិច្ចព្រមព្រៀងសន្តិភាពក្រុងប៉ារីសថ្ងៃទី 23 តុលាឆ្នាំ 1991,10,9,4,0.9,0.892578125,4,9,0,0
94,តើប្រព័ន្ធផលិតកម្មកសិកម្មនៅក្នុងប្រទេសកម្ពុជាមានអ្វីខ្លះ?ចូររៀបរាប់​ ។,ប្រព័ន្ធផលិតកម្មកសិកម្មនៅប្រទេសកម្ពុជាមាន៖    _ ដំណាំ : ដំណាំស្រូវ ដំណាំកៅស៊ូ ដំណាំផ្សេងៗទៀត    _ ការចិញ្ចឹមសត្វ : ការចិញ្ចឹមសត្វលើគោក ការចិញ្ចឹមសត្វក្នុងទឹក    _ ការនេសាទ : ការនេសាទទឹកសាប ការនេសាទទឹកប្រៃ  _ ព្រៃឈើ : ផលិតផលឈើ អនុផលព្រៃឈើ(រកឃ្មុំ ជ័រទឹក វល្លិ៍ ផ្តៅ) សត្វព្រៃ ។,ប្រព័ន្ធផលិតកម្មនៅប្រទេសកម្ពុជារួមមាន៖.ប្រព័ន្ធផលិតកម្មកសិកម្មនៅប្រទេសកម្ពុជាមានដូចជា +ដំណាំ -ដំណាំស្រូវ -ដំណាំកៅស៊ូ -ដំណាំផ្សែងទៀត +ការចិញ្ចឹមសត្វ -ការចិញ្ចឹមសត្វលើគោក(គោមាន់ទាជ្រូក) -ការចិញ្ចឹមសាច់ក្នុងទឹកត្រី +ការនេសាទ -ការនេសាទទឹកសាប -ការនេសាទសប្រៃ +ព្រៃឈើ -អនុផលព្រៃឈើរកវល្លី បេះផ្លែឈើជាដើម។,10,7,3,0.7,0.65380859375,3,7,0,0
95,តើឧស្សាហកម្មមានតួនាទីចំពោះសេដ្ឋកិច្ចជាតិយ៉ាងដូចម្ដេច?,ឧស្សាហកម្មមានតួនាទីសម្រាប់សេដ្ឋកិច្ចជាតិដូចជា -ជួយបង្កើតប្រាក់ចំណូលចូលជាតិ -បង្កើតការងារដល់ប្រជាជន -បង្កើតប្រាក់ចំណូលចូលក្នុងគ្រួសារ -ប្រជាជនមានជីវភាពធូរធារ -ជួយរក្សាជញ្ជីងពាណិជ្ជកម្ម -ជួយបង្កើតទិន្នផលសម្រាប់ការនាំចេញនាំចូល -បង្កើននូវសង្ឃភារៈសម្រាប់ប្រើប្រាស់។,ឧស្សាហកម្មមានតួនាទីចំពោះសេដ្ឋកិច្ចដូចជា៖ -បង្កើតរោងចក្រសម្រាប់ការវិនិយោគទន់ -ប្រជាជនមានការងារធ្វើ -មានរោងចក្រក្នុងប្រទេសច្រើន -សេដ្ឋកិច្ចកាន់តែមានភាពរីកចម្រើនទៅមុខ -នៅឆ្នាំ ២០០៨ ឧស្សាហកម្មរកចំណូលបាន​២៣.៨% -បង្កើតបានអ្វីដែលថ្មីសម្រាប់ប្រទេស -ជឿនលឿននៅលើគ្រប់វិស័យ -ប្រជាជនលែងខ្វះការងារធ្វើ -ជួយដល់សេដ្ឋកិច្ចជាតិ -មានជនបរទេសមកវិនិយោគនៅប្រទេសកម្ពុជាច្រើន -មានភាពសុចរិត -ជនបរទេសណែនាំទៅប្រទេសក្រៅធ្វើឲ្យមានការវិនិយោគទន់កាន់តែច្រើនឡើងនៅក្នុងប្រទេស។,15,15,4,1.0,0.95263671875,4,14,0,1
96,ចូររៀបរាប់ពីទំនាក់ទំនងរវាងការដាំដុះ​ អាជីវកម្មព្រៃឈើ និងការនេសាទ។,ទំនាក់ទំនងរវាងការដាំដុះ អាជីវកម្មព្រៃឈើ និងការនេសាទមានដូចជា៖ -ការដាំដុះដោយប្រើជីធម្មជាតិ -ការប្រើប្រាស់ជីគីមី -ដាំដុះនិងធ្វើតាមរដូវ -អាជីវកម្មព្រៃឈើ -ការកាប់បំផ្លាញព្រៃឈើ -ការដុតព្រៃឈើ -ការកាប់ឈើយកទៅធ្វើអាជីវកម្ម +ការនេសាទ -ការនេសាទត្រីពេលត្រីពក -ការនេសាទដោយប្រើអគ្គិសនី -ការនេសាទហួសកម្រិត -ការនេសាទគឺជាមុខរបរប្រចាំថ្ងៃាបស់ប្រជាជន -នឹងជាអាហារប្រចាំថ្ងៃរបស់ប្រជាជន -ការនេសាទធ្វើប្រជាជនមានមុខរបររកស៊ីត្រឹមត្រូវ -ការនេសាទប្រើប្រាស់ឧបករណ៍នេសាទខុសច្បាប់ -ការបំផ្លាញជំរកត្រី -ការបកហូរទឹកចេញពី,រៀបរាប់ពីទំនាក់ទំនងនៃការដាំដុះ អាជីវកម្មព្រៃឈើ និងការនេសាទ៖ +ការដាំដុះ អាជីវកម្មព្រៃឈើ -ការដាំដើមធ្វើឲ្យមានកម្លែងម្លប់ -ការដាំដើមឈើធ្វើឲ្យសត្វមានជម្រក -ដើមឈើអាចយលធ្វើផ្ទះបាន -អាចតកទៅធ្វើធ្យូងឬអុស -និងមានសារៈសំខាន់ផ្សេងៗទៀត។ +ការនេសាទ -ការនេសាទត្រីសម្រាប់ចិញ្ចឹមជីវិត -ការនេសាទធ្វើជាអាជីវកម្មទីផ្សារ -សម្រាប់ផ្គត់ផ្គង់ទីផ្សារ -ធ្វើឲ្យមានមុខរបរ -ការនេសាទដើម្បីចិញ្ចឹមជីវភាពនិងគ្រួសារ។,15,3,1,0.2,0.1519775390625,1,2,0,1
97,តើសេដ្ឋកិច្ចកម្ពុជាពឹងផ្អែកលើវិស័យអ្វីជាសំខាន់?     ក/ ហេតុអ្វីបានជាគេនិយាយថាកម្ពុជាជាប្រទេសកសិកម្ម?     ខ/ តើគេចែកកសិករជាប៉ុន្មានប្រភេទ?អ្វីខ្លះ?,សេដ្ឋកិច្ចកម្ពុជាពឹងផ្អែកលើវិស័យកសិកម្មជាសំខាន់។   ក/ បានជាគេនិយាយថាកម្ពុជាជាប្រទេសឧស្សាហកម្មព្រោះ៖  _  សណ្ឋានដី : ដីមានជីវជាតិល្អនិងសម្បូរទំនាបល្បាប់   _ ផ្លូវទឹក : ផ្លូវទឹកខ្វាត់ខ្វែងងាយស្រួលដល់ការដាំដុះ  _ ប្រជាជន : ប្រជាជនខ្មែរភាគច្រើនចូលចិត្តធ្វើកសិកម្ម  _ អាកាសធាតុ : ទទួលអាកាសធាតុក្តៅសើម  _ កសិកម្មផ្តល់ផល50%នៃផលិតផលជាតិសរុប។  ខ/ គេចែកកសិករទាំងនោះជា4ប្រភេទគឺ៖  _ កសិករធ្វើស្រែឬអ្នកស្រែ : និយមធ្វើស្រែ ស្រូវប្រាំង ស្រូវវស្សា ស្រូវឡើងទឹក  _ កសិករតំបន់ដីខ្ពស់ : គេដាំដំណាំជាអចិន្ត្រៃយ៍(ពោត ដំឡូង ចេក កៅស៊ូសណ្តែក)  _ កសិករធ្វើចម្ការដំណាំស្រូវ : គេដាំដំណាំតាមមាត់ទន្លេ ចិញ្ចឹមសត្វនិងនេសាទ  _ កសិករភូមិភាគឦសាន: គេធ្វើដំណាំព្រៃដុតមានដូចជាពោត ដំឡូង ស្រូវរុក្ខជាតិយកមើមដទៃទៀត និងបរបាញ់សត្វផងដែរ។,សេដ្ឋកិច្ចជាតិផ្អែកលើវិស័យកសិកម្មជាសំខាន់ព្រោះវិស័យនេះសំខាន់ដល់ជាតិដូចជា៖ បានជាគេនិយាយថាកម្ពុជាជាប្រទេសកសិកម្មព្រោះប្រទេសកម្ពុជាពឹងផ្អែកលើលើទាំងស្រុងលើវិស័យកសិកម្ម ពីព្រោះដី ដាំដុះមៀន72.30%ភាគរយជាជាដីដាំដុះស្រូវ និងមួយចំនួនទៀតប្រមាណជាចិតសិបពេលជិតបីភាគរយជាអ្នកដាំស្រូវ និងដឹងនិងតែប៉ុណ្ណោះ អាកាសធាតុអំណោយផលដល់ការដាំដុះ ស្រូវនិងសម្បូរដីច្បាប់ដែលជា ដីមានជីវជាតិដែរនៅក្នុងដំណាំស្រូវនិងការជីកប្រឡាយសម្រាប់ផ្គត់ផ្គង់ទឹក ក្រៅពីដំណាំអង្គការកសិកម្មត្រូវ ស្រូវ តែគេឃើញថាមានការដាំដុះ អំណោយផ្សេងផ្សេងដែរ បម្រើក្នុងវិស័យឧស្សាហកម្ម ដូចជា ដំណាំកៅស៊ូដំណាំពីដំណើរកុំជក់ក៏ណាស់ សម្រាប់ការនាំចេញទៅក្រៅប្រទេសបានជាធរមានកំណើនសេដ្ឋកិច្ច។ ខ.គេបើកជាកសិករទាំងនោះជាបីប្រភេទ: -កសិករធ្វើស្រែ -កសិករមិនធ្វើស្រែ -កសិករធ្វើចំការមិនដាំស្រូវ។,20,16,3,0.8,0.5986328125,2,12,1,4
98,បុព្វហេតុអ្វីខ្លះដែលនាំឲ្យអាណាចក្រចេនឡាបែកបាក់ជាពីរគឺអាណាចក្រចេនឡាដីគោកនិងចេនឡាទឹកលិច?,បុព្វហេតុដែលនាំហើយអាណាចក្រចេនឡាបែកជាពីរគឺ -វិសាលភាពទឹកដីធំទូលាយ -ចម្បាំងអត់ឈប់ឈរ -សមន្ដរដ្ឋបះបោរចង់ផ្ដាច់ខ្លួន -វិបត្តិផ្ទៃក្នុង -ព្រះនាងជ័យទេវីគ្មានសមត្ថភាពគ្រប់គ្រង។,បុព្វហេតុដែលនាំហើយអាណាចក្រចេនឡាបែកជាពីរគឺ -វិសាលភាពទឹកដីធំទូលាយ -ចម្បាំងអត់ឈប់ឈរ -សមន្ដរដ្ឋបះបោរចង់ផ្ដាច់ខ្លួន -វិបត្តិផ្ទៃក្នុង -ព្រះនាងជ័យទេវីគ្មានសមត្ថភាពគ្រប់គ្រង។,7,7,4,1.0,0.98779296875,4,7,0,0
99,តើសង្គមខ្មែរនៅសម័យអង្គរមានប៉ុន្មានវណ្ណៈ? វណ្ណៈអ្វីខ្លះ? ចូលរៀបរាប់។,សង្គមខ្មែរនៅសម័យអង្គរមានប្រាំវណ្ណៈគឺ -វណ្ណៈក្សត្រឬរាជវង្សនុវង្ស (ជាស្ដេចគ្រប់គ្រងប្រទេស -វណ្ណៈមន្ត្រី (អ្នករស់នៅក្នុងរាជវាំងបម្រើស្ដេច) -វណ្ណៈព្រាហ្ម៍ឬបុព្វជិត​(គឺជាអ្នកបួស) -វណ្ណៈអ្នកជាឬកសិករ (អ្នករស់នៅនឹងធ្វើស្រែចម្ការ) -វណ្ណៈអ្នកងារឬទាសករ(ទាសករបម្រើគេតកូនតចៅ)។,សង្គមខ្មែរនៅសម័យអង្គរមានប្រាំវណ្ណៈគឺ -វណ្ណៈក្សត្រ -វណ្ណៈមន្ត្រី -វណ្ណៈបុព្វជិត -វណ្ណៈអ្នកជា -វណ្ណៈទាសករ។,10,5,2,0.5,0.51416015625,2,5,0,0
100,ហេតុអ្វីបានជាផ្នែកឯកជនជាកម្លាំងដ៏សំខាន់សម្រាប់វិនិយោគ និងធ្វើឲ្យមានកំណើនសេដ្ឋកិច្ចក្នុងប្រទេស?,បានជាផ្នែកឯកជនជាកម្លាំងដ៏សំខាន់សម្រាប់កំណើនសេដ្ឋកិច្ចកម្ពុជាព្រោះ -កម្ពុជាបានអនុវត្តសេដ្ឋកិច្ចទីផ្សារសេរីដោយបានធ្វើកំណែទម្រង់ពីសហគ្រាសរដ្ឋឲ្យក្លាយទៅជាកម្មសិទ្ធិឯកជន -សេដ្ឋកិច្ចទីផ្សារសេរីនាំឲ្យអ្នករកស៊ីចូលចិត្តមករកស៊ីនិងដាក់វិនិយោគទុន -កាលណាភ្នែកឯកជនរឹងមាំអាចជួយបំពេញបន្ថែមលើវិនិយោគសាធារណៈក្នុងវិស័យសេដ្ឋកិច្ចគឺផ្នែកឯកជនអាចស្រូបយកកម្លាំងពលកម្មកើនឡើង។,បានជាផ្នែកឯកជនជាកម្លាំងដ៏សំខាន់សម្រាប់វិនិយោគនិងធ្វើឲ្យមានកំណើនសេដ្ឋកិច្ចព្រោះ៖ -កម្ពុជាជាប្រទេសអភិវឌ្ឍន៍សេដ្ឋកិច្ចទីផ្សារសេរីចាប់ពីឆ្នាំ១៩៩៣​ ដោយបានធ្វើកំណែទម្រង់សហគ្រាសឲ្យក្លាយកម្មសិទ្ធឯកជន -សេដ្ឋកិច្ចទីផ្សារសេរីនេះនាំអ្នករកស៊ីបរទេសចូលចិត្តមកវិនិយោគ -កាលណាផ្នែកឯកជនរឹងមាំអាចបំពេញបន្ថែមវិនិយោគសាធារណៈក្នុងវិស័យសង្គមកិច្ចមានន័យថាវិស័យឯកជនអាចស្រូបយលកម្លាំង ការងារកាន់តែច្រើនឡើង។,15,15,4,1.0,0.60205078125,2,9,2,6
101,ហេតុអ្វីបានជាផ្នែកឯកជនជាកម្លាំងដ៏សំខាន់សម្រាប់វិនិយោគ និងធ្វើឲ្យមានកំណើនសេដ្ឋកិច្ចក្នុងប្រទេស?,បានជាផ្នែកឯកជនជាកម្លាំងដ៏សំខាន់សម្រាប់កំណើនសេដ្ឋកិច្ចកម្ពុជាព្រោះ -កម្ពុជាបានអនុវត្តសេដ្ឋកិច្ចទីផ្សារសេរីដោយបានធ្វើកំណែទម្រង់ពីសហគ្រាសរដ្ឋឲ្យក្លាយទៅជាកម្មសិទ្ធិឯកជន -សេដ្ឋកិច្ចទីផ្សារសេរីនាំឲ្យអ្នករកស៊ីចូលចិត្តមករកស៊ីនិងដាក់វិនិយោគទុន -កាលណាភ្នែកឯកជនរឹងមាំអាចជួយបំពេញបន្ថែមលើវិនិយោគសាធារណៈក្នុងវិស័យសេដ្ឋកិច្ចគឺផ្នែកឯកជនអាចស្រូបយកកម្លាំងពលកម្មកើនឡើង។,បានជាផ្នែកឯកជនជាកម្លាំងដ៏សំខាន់សម្រាប់វិនិយោគនិងធ្វើឲ្យមានកំណើនសេដ្ឋកិច្ចក្នុងប្រទេសព្រោះបានជាផ្នែក ឯកជនជាកម្លាំងដ៏សំខាន់សម្រាប់វិនិយោគនិងធ្វើឲ្យមានកំណើនសេដ្ឋកិច្ចក្នុងប្រទេសព្រោះដោយសារតែគេមិនដែលឲ្យ មានការវិនិច្ឆ័យខ្វែងនេះឡើយធ្វើងារមិនគ្មានដែលមិនបានចូលរៀបរាប់ពីការធ្វើតាមធ្វើតាមដើររបស់លើកលែងដែល ធ្វើឲ្យការធ្វើកិត្តិយសក្មេងឡើយដែលនៅក្នុងពិភពផែនដីតែមួយហើយបានជាគេឡើងក្រោយបានតែគ្មានខ្វៃនេះឡើយ ធ្វើឲ្យការកំណើតដោយសារតែមានការសរសេរព្រៃឈើដើម្បីមានចំណាត់លែងមានមិនអាចចាប់យកកាប់បានទេរាប់នៅ តាមបន្ទាត់តាមនាំប្រទេសមានការទិញនិងលក់ដែលបានត្រូវធ្វើមានការត្រូវបានប្រមូលគ្មានតែមួយទេ។,15,3,1,0.2,0.27783203125,1,4,0,1
102,តើព្រះបាទពញាយ៉ាតមានបុត្រប៉ុន្មានអង្គព្រះនាមអ្វីខ្លះ?ជាមួយអ្នកម្នាងណាខ្លះ?,ព្រះបាទពញាយ៉ាតមានបុត្របីអង្គគឺ នារាយណ៍រាជា ជាបុត្រជាមួយម្នាងទេវី ស្រីរាជាជាបុត្រជាមួយបុទុមកេសរ និងធម្មរាជាជាបុត្រជាមួយសុីសង៉ាម(បុត្រីស្ដេចសៀម)។,ព្រះបាទពញាយ៉ាតមានបុត្របីអង្គគឺ នារាយណ៍រាជា ជាបុត្រជាមួយម្នាងទេវី ស្រីរាជាជាបុត្រជាមួយបុទុមកេសរ និងធម្មរាជាជាបុត្រជាមួយសុីសង៉ាម(បុត្រីស្ដេចសៀម)។,5,5,4,1.0,0.9755859375,4,5,0,0
103,តើព្រះអង្គឌួងមានស្នាព្រហស្ថអ្វីខ្លះចំពោះប្រទេសជាតិនិងប្រជារាស្ត្រខ្មែរ?,ព្រះបាទអង្គឌួងមានស្នាព្រហស្តដូចជាផ្នែករដ្ឋបាលរៀបចំប្រព័ន្ធរដ្ឋបាលនិងច្បាប់ទម្លាប់ស្ដារឡើងវិញមានរបៀបផ្នែកសេដ្ឋកិច្ចលើកស្ទួយវិស័យកសិកម្មជួសជុលប្រព័ន្ធ សេះនិងពាណិជ្ជកម្ម ភ្នែកបរទេសស្វែងរកជំនួយពីបារាំងដើម្បីទប់ទល់នឹងការត្រួតត្រាយួននិងសៀម ផ្នែកវប្បធម៌លើកស្ទួយវប្បធម៌អក្សរសាស្ត្រខ្មែរនិង សាសនា កត្តាផ្ទៃក្នុង ការបែកបាក់រាជវង្សានុវង្សបែកបាក់សាមគ្គី។,ព្រះបាទអង្គឌួងមានស្នាព្រហស្តចំពោះប្រទេសជាតិនិងប្រជារាស្ត្រខ្មែរ ព្រះអង្គការពារដីពីពួកចោរសៀមនិងយួន កសាងក្រុងឧដុង្គកំពង់ផែកំពតកំពង់ផែថៃកំពង់ផែហ្វួងនិងកសាងផ្លូវគមនាគមន៍ កសាងវប្បធម៌ខ្មែរវត្តអារាមសាលារៀនសាកលវិទ្យាល័យអក្សរសាស្ត្រខ្មែរកំណាព្យច្បាប់ស្ដី រៀបចំរដ្ឋបាលស្រុកទេស ច្បាប់ទម្លាប់ហាមនេសាទត្រី ល្មើសច្បាប់ដាក់ទណ្ឌកម្មដល់អ្នកនាងភៀនស្រាល្បែង។,15,15,4,1.0,0.880859375,4,13,0,2
104,តើគេចែកយុគសម័យបុរេប្រវត្តិសាស្ត្រកម្ពុជាជាប៉ុន្មានយុគសម័យ?អ្វីខ្លះ?,គេចែកយុគសម័យបុរេប្រវត្តិសាស្ត្រកម្ពុជាជាបីយុគសម័យគឺ -យុគថ្មបំបែក (600000 - 12000 ឆ្នាំមុនគ.ស) -យុគថ្មរលីងឬសំលៀង (8000 - 2000 ឆ្នាំមុនគ.ស) -យុគលោហៈ(2000-100 ឆ្នាំមុនគ.ស)។,គេចែកយុគសម័យបុរេប្រវត្តិសាស្ត្រកម្ពុជាជាបីយុគសម័យគឺ -យុគថ្មបំបែក (600000 - 12000 ឆ្នាំមុនគ.ស) -យុគថ្មរលីងឬសំលៀង (8000 - 2000 ឆ្នាំមុនគ.ស) -យុគលោហៈ(2000-100 ឆ្នាំមុនគ.ស)។,5,5,4,1.0,0.9912109375,4,5,0,0
105,តើអាណាចក្រភ្នំមានព្រំប្រទល់ជាប់ប្រទេសណាខ្លះ?,អាណាចក្រភ្នំមានព្រំប្រទល់ជាប់ប្រទេសដូចជា -ខាងជើងជាប់ចិន -ខាងត្បូងជាឈូងសមុទ្រខ្មែរ -ខាងកើតជាប់រដ្ឋចម្ប៉ា -ខាងលិចជាប់រដ្ធមនឬភូមា។,អាណាចក្រភ្នំមានព្រំប្រទល់ជាប់ប្រទេសដូចជា -ខាងជើងជាប់ចិន -ខាងត្បូងជាឈូងសមុទ្រខ្មែរ -ខាងកើតជាប់រដ្ឋចម្ប៉ា -ខាងលិចជាប់រដ្ឋមនឬភូមា។,6,6,4,1.0,0.9853515625,4,6,0,0
106,តើគេចែកយុគសម័យបុរេប្រវត្តិសាស្ត្រកម្ពុជាជាប៉ុន្មានយុគសម័យ?អ្វីខ្លះ?,គេចែកយុគសម័យបុរេប្រវត្តិសាស្ត្រកម្ពុជាជាបីយុគសម័យគឺ -យុគថ្មបំបែក (600000 - 12000 ឆ្នាំមុនគ.ស) -យុគថ្មរលីងឬសំលៀង (8000 - 2000 ឆ្នាំមុនគ.ស) -យុគលោហៈ(2000-100 ឆ្នាំមុនគ.ស)។,គេចែកយុគសម័យបុរេប្រវត្តិសាស្ត្រកម្ពុជាជាបីយុគសម័យគឺ -យុគថ្មបំបែក (600000 - 12000 ឆ្នាំមុនគ.ស) -យុគថ្មរលីងឬសំលៀង (8000 - 2000 ឆ្នាំមុនគ.ស) -យុគលោហៈ(2000-100 ឆ្នាំមុនគ.ស)។,5,5,4,1.0,0.9912109375,4,5,0,0
107,តើគេចែកយុគសម័យបុរេប្រវត្តិសាស្ត្រកម្ពុជាជាប៉ុន្មានយុគសម័យ?អ្វីខ្លះ?,គេចែកយុគសម័យបុរេប្រវត្តិសាស្ត្រកម្ពុជាជាបីយុគសម័យគឺ -យុគថ្មបំបែក (600000 - 12000 ឆ្នាំមុនគ.ស) -យុគថ្មរលីងឬសំលៀង (8000 - 2000 ឆ្នាំមុនគ.ស) -យុគលោហៈ(2000-100 ឆ្នាំមុនគ.ស)។,គេចែកយុគសម័យបុរេប្រវត្តិសាស្ត្រកម្ពុជាជាបីយុគសម័យគឺ -យុគថ្មបំបែក (600000 - 12000 ឆ្នាំមុនគ.ស) -យុគថ្មរលីងឬសំលៀង (8000 - 2000 ឆ្នាំមុនគ.ស) -យុគលោហៈ(2000-100 ឆ្នាំមុនគ.ស)។,5,5,4,1.0,0.9912109375,4,5,0,0
108,ដូចម្តេចដែលហៅថាមេយ៉ូស? ចូរនិយាយពីវគ្គផ្សេងៗនៃមេយ៉ូស។,មេយ៉ូសជាសំណុំនៃចំណែកកោសិកាពីរដងបន្តបន្ទាប់គ្នាដែលបង្កើតបានជាកោសិកាអាលូអុីតបួន ហៅថាមេយ៉ូស ។ _តេឡូផាស1 ស៊ីតូប្លាសចែកខ្លួនបានជាកោសិកាកូនពីរ ។កោសិកាកូននីមួយៗទទួលបានក្រូម៉ូសូម តែមួយពីរគូអូម៉ូឡូក ។ _ប្រផាស1 មានរយៈពេលវែង ។ _អាណាផាស1 ក្រូម៉ូសូមដំរៀបលើផ្លាស់ភ្ជាប់នឹងក្រយ៉ូងក្រូម៉ាទិចដោយសង់ក្រូងទ័ររបស់វា ។ _តេឡូផាស2 ក្រូម៉ូមនីមួយៗបានមកដល់ប៉ូលភ្នាស _មេតាផាស2 ក្រូម៉ូសូមប្រេះតាមបណ្ដោយភ្ជាប់ខ្លួនទៅនិងក្រយ៉ងក្រូម៉ាទិចដោយសង់ _ប្រូដាស2 ត្តយ៉ងអាក្រូម៉ាទិតកើតមានក្នុងកោសិកាគូនីមួយៗ _អាណាផាស2 សង់ក្រូម៉ែធ្វើចំណែកដែលនាំអោយក្រូម៉ាទិចបងប្អូនដាច់ចេញពីគ្នា ។បន្ទាប់មក ក្រូម៉ូសូមកូនទាំង2ធ្វើដំណើរឆ្ពោះទៅប៉ូលផ្ទុយគ្នារបស់ត្រយ៉ូងអាក្រូម៉ាទិច ។,មេយ៉ូសជាសំណុំនៃចំណែកកោសិកាពីរដងបន្តបន្ទាប់គ្នាដែលបង្កើតបានជាកោសិកាអាលូអុីតបួន ហៅថាមេយ៉ូស ។មានបួនវគ្គគឺ ប្រូផាស អាណាផាស មេតាផាស និង តេឡូផាស ។,10,5,2,0.5,0.463623046875,2,5,0,0
109,តើប្រព័ន្ធផលិតកម្មកសិកម្មនៅក្នុងប្រទេសកម្ពុជាមានអ្វីខ្លះ?ចូររៀបរាប់​ ។,ប្រព័ន្ធផលិតកម្មកសិកម្មនៅប្រទេសកម្ពុជាមាន៖    _ ដំណាំ : ដំណាំស្រូវ ដំណាំកៅស៊ូ ដំណាំផ្សេងៗទៀត    _ ការចិញ្ចឹមសត្វ : ការចិញ្ចឹមសត្វលើគោក ការចិញ្ចឹមសត្វក្នុងទឹក    _ ការនេសាទ : ការនេសាទទឹកសាប ការនេសាទទឹកប្រៃ  _ ព្រៃឈើ : ផលិតផលឈើ អនុផលព្រៃឈើ(រកឃ្មុំ ជ័រទឹក វល្លិ៍ ផ្តៅ) សត្វព្រៃ ។,ប្រព័ន្ធផលិតកម្មកសិកម្មនៅប្រទេសកម្ពុជាមានដូចជា៖  _ វិស័យឧស្សាហកម្ម  _ វិស័យកសិកម្ម  _ វិស័យពាណិជ្ជកម្ម  _ វិស័យទេសចរណ៍  _ វិស័យគមនាគម៏។,10,2,1,0.2,0.09600830078125,0,1,1,1
110,តើគេចែកយុគសម័យបុរេប្រវត្តិសាស្ត្រកម្ពុជាជាប៉ុន្មានយុគសម័យ?អ្វីខ្លះ?,គេចែកយុគសម័យបុរេប្រវត្តិសាស្ត្រកម្ពុជាជាបីយុគសម័យគឺ -យុគថ្មបំបែក (600000 - 12000 ឆ្នាំមុនគ.ស) -យុគថ្មរលីងឬសំលៀង (8000 - 2000 ឆ្នាំមុនគ.ស) -យុគលោហៈ(2000-100 ឆ្នាំមុនគ.ស)។,គេចែកយុគសម័យបុរេប្រវត្តិសាស្ត្រកម្ពុជាជាបីយុគសម័យគឺ -យុគថ្មបំបែក (600000 - 12000 ) -យុគថ្មរលីងឬសំលៀង (8000 - 2000 ) -យុគលោហៈ(2000-1000)។,5,5,4,1.0,0.978515625,4,5,0,0
111,សេដ្ឋកិច្ចកម្ពុជាពឹងផ្អែកលើវិស័យកសិកម្មជាសំខាន់៖ ​ក.​ ហេតុអ្វីបានជាគេនិយាយថាកម្ពុជាជាប្រទេសកសិកម្ម? ខ. តើគេចែកកសិករទាំងនោះជាប៉ុន្មានប្រភេទ?,សេដ្ឋកិច្ចកម្ពុជាបានផ្អែកលើវិស័យកសិកម្មជាសំខាន់៖ ក​. បានជាគេនិយាយថាប្រទេសកម្ពុជាជាប្រទេសកសិកម្មដោយសារ -ផ្ទៃដីនៅប្រទេសកម្ពុជាប្រហែល៩០ភាគរយសិតតែដំណាំស្រូវ -ប្រជាជនកកម្ពុជា ៧០.៣ភាគរយធ្វើកសិកម្ម -កសិកម្មជួយឲ្យប្រជាជនកម្ពុជាមានការងារធ្វើ -ប្រជាជននិយមធ្វើកសិកម្ម -ដីនៅកម្ពុជាប្រកបជាមួយកាធ្វើកសិកម្ម -កម្ពុជាមានអាកាសធាតុសមស្របសម្រាប់ធ្វើកសិកម្ម ខ. គេចែកកសិកម្មទាំងនោះជាពីរប្រភេទ៖ +កសិករខ្នាតតូច -ធ្វើកសិកម្មដើម្បីជីវិត -ធ្វើលក្ខណៈតិចតួច ទុកតែបរិភោគសម្រាប់គ្រួសារ -មិនលក់ឲ្យអ្នកណា +កសិករខ្នាតធំ -ធ្វើកសិកម្មច្រើនហើយទុកសម្រាប់លក់ឬនាំចេញទៅក្រៅប្រទេស -ធ្វើមួយឆ្នាំអាចទៅពីរលើក -ធ្វើលក្ខណៈច្រើន ដើម្បីលក់និងនាំចេញ។,សេដ្ឋកិច្ចកម្ពុជាបានផ្អែកលើវិស័យកសិកម្មជាសំខាន់៖ ក​. បានជាគេនិយាយថាប្រទេសកម្ពុជាជាប្រទេសកសិកម្មដោយសារ -ផ្ទៃដីនៅប្រទេសកម្ពុជាប្រហែល៩០ភាគរយសិតតែដំណាំស្រូវ -ប្រជាជនកកម្ពុជា ៧០.៣ភាគរយធ្វើកសិកម្ម -កសិកម្មជួយឲ្យប្រជាជនកម្ពុជាមានការងារធ្វើ -ប្រជាជននិយមធ្វើកសិកម្ម -ដីនៅកម្ពុជាប្រកបជាមួយកាធ្វើកសិកម្ម -កម្ពុជាមានអាកាសធាតុសមស្របសម្រាប់ធ្វើកសិកម្ម ខ. គេចែកកសិកម្មទាំងនោះជាពីរប្រភេទ៖ +កសិករខ្នាតតូច -ធ្វើកសិកម្មដើម្បីជីវិត -ធ្វើលក្ខណៈតិចតួច ទុកតែបរិភោគសម្រាប់គ្រួសារ -មិនលក់ឲ្យអ្នកណា +កសិករខ្នាតធំ -ធ្វើកសិកម្មច្រើនហើយទុកសម្រាប់លក់ឬនាំចេញទៅក្រៅប្រទេស -ធ្វើមួយឆ្នាំអាចទៅពីរលើក -ធ្វើលក្ខណៈច្រើន ដើម្បីលក់និងនាំចេញ។,15,15,4,1.0,0.92626953125,4,14,0,1
112,ហេតុអ្វីបានជាផ្នែកឯកជនជាកម្លាំងដ៏សំខាន់សម្រាប់វិនិយោគនិងធ្វើឲ្យមានកំណើនសេដ្ឋកិច្ចក្នុងប្រទេស?,បានជាផ្នែកឯកជនជាកម្លាំងដ៏សំខាន់សម្រាប់វិនិយោគនិងធ្វើឲ្យមានកំណើនសេដ្ឋកិច្ចក្នុងប្រទេស ព្រោះប្រទេសកម្ពុជាជាប្រទេសអភិវឌ្ឍន៍ សេដ្ឋកិច្ចទីផ្សារដោយបានធ្វើកំណែទម្រង់សហគ្រាសឧស្សាហកម្មឲ្យក្លាយទៅជាកម្មសិទ្ធិឯកជន ។ សេដ្ឋកិច្ចទីផ្សារសេរីនេះនាំឲ្យអ្នករកស៊ីបរទេសចូលចិត្តមកវិនិយោគ ហើយកាលណាផ្នែកឯកជនរឹងមាំមកវិនិយោគ ហើយកាលណាផ្នែកឯកជនមិនរឹងមាំអាចបំពេញបន្ថែមវិនិយោគនិងវិស័យសង្គមកិច្ចមានន័យថាវិស័យឯកជនស្រូបយកកម្លាំងការងារកាន់តែកើនឡើង។,បានជាផ្នែកសេវាកម្មមានសារៈសំខាន់សម្រាប់ជំរុញវិស័យសេដ្ឋកិច្ចនិងសង្គមព្រោះបើគ្មានសេវាកម្មទេគឺការប្រើប្រាស់ហិរញ្ញវត្ថុវិនិយោគទុនក្នុងវិស័យសេដ្ឋកិច្ចឱ្យស្របតាមតម្រូវការគឺការផលិតក៏ដូចជាការបង្កើតជំនួញផ្សេងៗទៀត។,15,14,4,0.9333333333333333,0.55859375,2,8,2,6
113,តើការស្ថិតនៅក្រៅសារពាង្គកាយនៃពងស្វាសមានសារៈសំខាន់ដូចម្តេច?,ការស្ថិតនៅក្រោមសារពាង្គកាយនៃពងស្វាសមានសារៈសំខាន់ដូចជាដើម្បីរក្សាសីតុណ្ហភាពឲ្យ ទាបជាងសីតុណ្ហភាពក្នុងខ្លួន ប្រហែលពី(2-3)សីតុណ្ហភាពក្នុងខ្លួន37 ។,ការស្ថិតនៅក្រោមសារពាង្គកាយនៃពងស្វាសមានសារៈសំខាន់ក្នុងការផលិតអរម៉ូនភេទឈ្មោលនិង បង្កើតស្ពែម៉ាតូសូអ៊ីតរក្សាសីតុណ្ហភាពឲ្យទាបជាងសីតុណ្ហភាពក្នុងខ្លួន ប្រហែលពី(2-3) ។,10,5,2,0.5,0.7880859375,3,8,1,3
114,តើប្រព័ន្ធផលិតកម្មកសិកម្មនៅក្នុងប្រទេសកម្ពុជាមានអ្វីខ្លះ?ចូររៀបរាប់​ ។,ប្រព័ន្ធផលិតកម្មកសិកម្មនៅប្រទេសកម្ពុជាមាន៖    _ ដំណាំ : ដំណាំស្រូវ ដំណាំកៅស៊ូ ដំណាំផ្សេងៗទៀត    _ ការចិញ្ចឹមសត្វ : ការចិញ្ចឹមសត្វលើគោក ការចិញ្ចឹមសត្វក្នុងទឹក    _ ការនេសាទ : ការនេសាទទឹកសាប ការនេសាទទឹកប្រៃ  _ ព្រៃឈើ : ផលិតផលឈើ អនុផលព្រៃឈើ(រកឃ្មុំ ជ័រទឹក វល្លិ៍ ផ្តៅ) សត្វព្រៃ ។,ប្រព័ន្ធផលិតផលកសិកម្មនៅប្រទេសកម្ពុជាមានដូចជា៖  -ការនាំចេញចូលផលិតផល ការធ្វើស្រែចំការដំណាំស្រូវ -ការនាំប្រផលទៅក្រៅស្រុក -ការធ្វើសេដ្ឋកិច្ចទីផ្សារដើម្បីឲ្យមានការអភិវឌ្ឍន៍ខ្ពស់ -ការធ្វើពាណិជ្ជកម្ម -ការធ្វើអាជីវកម្មក្នុងស្រុកនិងក្រៅស្រុក។,10,7,3,0.7,0.31787109375,1,3,2,4
115,ហេតុអ្វីបានជាមនុស្សស្រូបយកខ្យល់ដែលមានកាបូនម៉ណូអុកស៊ីតអាចបង្កគ្រោះថ្នាក់ដល់ស្លាប់បាន?,បានជាមនុស្សស្រូបយកខ្យល់ដែលមានកាបូនម៉ូណូអុកស៊ីដអាចបង្កឲ្យមានគ្រោះថ្នាក់ដល់ស្លាប់ បានព្រោះកាបូនម៉ូណូអុកស៊ីដមានសមត្ថភាពចាប់យក ក្នុងឈាមបានខ្លាំងជាងអុកស៊ីសែន វារារាំងឈាមមិនឲ្យដឹកនាំអុកស៊ីសែនទៅចិញ្ចឹមសរីរាង្គជាពិសេសខួរក្បាលដែលបណ្តាលឲ្យ ស្លាប់និង សន្លប់ ។,បានជាមនុស្សស្រូបយកខ្យល់ដែលមានកាបូនម៉ូណូអុកស៊ីដអាចបង្កគ្រោះថ្នាក់ដល់ស្លាប់បានព្រោះ អុកស៊ីតដែលមនុស្សត្រូវការ ឧស្ម័នកាបូនិចនិងទឹក ទើបអាចរស់បាន ។,5,2,2,0.4,0.53857421875,2,3,0,1
116,តើឧស្សាហកម្មមានតួនាទីដូចម្ដេចខ្លះចំពោះសេដ្ឋកិច្ចជាតិ?,ឧស្សាហកម្មមាន​តួនាទីចំពោះសេដ្ឋកិច្ចជាតិដូចជា ៖ ​ _ ជួយបង្កើតថវិការជាតិ ​ _ ជួយបង្កើតទិន្នផលជាតិ ​​ _ ជួយឲ្យសេដ្ឋកិច្ចជាតិរីកចម្រើន  _ ប្រជាជនសំបូរធូរធារ  _អភិវឌ្ឍគ្រប់វិស័យ  _ មានទំនាក់ទំនងល្អជាមួយអ្នកជិតខាង  _ មានភាពរុងរឿងនៅក្នុងប្រទេសជាតិ។,ឧស្សាហកម្មមានតួនាទីចំពោះសេដ្ឋកិច្ចដូចជា៖ -បង្កើនប្រាក់ចំណូលចូលជាតិ 23.8%ឆ្នាំ200  -បង្កើតការងារជូនប្រជាជន -ផ្តល់ប្រាក់ចំណូលក្នុងគ្រួសារ -បន្ថយភាពក្រីក្រប្រជាជនមាន ជីវភាព ធូរធារ  -ផ្ដល់ផលិតផលសម្រាប់នាំចេញទៅក្រៅប្រទេស  -ផ្ដល់ផលិតផលសម្រាប់ប្រើប្រាស់ -ជួយរក្សាលំនឹងជញ្ជីងពាណិជ្ជកម្ម  -កាត់បន្ថយការចំណាយ ចំណាកស្រុក ទាបជាងអ្នកវិនិយោគ ជនជាតិនិងអន្តរជាតិ។,15,15,4,1.0,0.97216796875,4,15,0,0
117,តើសម័យឧដុង្គចាប់ពីឆ្នាំណាដល់ឆ្នាំណា?ហេតុអ្វីបានជាប្រទេសកម្ពុជាធ្លាក់ចុះខ្សោយកាន់តែខ្លាំងនៅសម័យឧដុង្គ។ចូរពន្យល់,សម័យឧដុង្គចាប់ពីឆ្នាំ បានជាប្រទេសកម្ពុជាធ្លាក់ចុះខ្សោយកាន់តែខ្លាំងនៅសម័យឧដុង្គព្រោះ សង្គ្រាមផ្ទៃក្នុងញឹកញាប់និងការជាវជ្រៀតជ្រែកពីសៀមនិងយួន ការប្រកួតប្រជែងដណ្ដើមរាជ្យបានឡើងក្នុងចំណោមព្រះរាជវង្សានុវង្ស បែកបាក់សាមគ្គីផ្ទៃក្នុងគ្មានការសាមគ្គីរួបរួមនៅក្នុងប្រទេសជិតខាង កម្ពុជាត្រូវបែកជាពីរផ្នែកដោយសារសៀមត្រួតត្រាផ្នែកខាងលិចបាត់ដំបងសៀមរាបត្រួតត្រាខាងត្បូង បាត់បង់ទឹកដីដោយសារខេត្តជាច្រើននៅភាគខាងលិចបាត់ដំបងសៀមរាបមង្គលបុរី ត្រូវបានធ្លាក់ក្នុងកណ្ដាប់ដៃសៀមនៅឆ្នាំនិងមុនបាត់បង់ដីភាគខាងកើតនៅវៀតណាម សេដ្ឋកិច្ចពឹងផ្អែកលើវិស័យកសិកម្មបុរាណដែល សួយសារអាករឲ្យគេ ចំណែកវប្បធម៌វិញវត្តអារាមត្រូវបានបំផ្លិចបំផ្លាញ ប្រទេសជាតិខ្សោយគ្មានកម្លាំងទប់ទល់នឹងការវាយលុកពីខាងក្រៅមន្ត្រីក្បត់ជាតិច្រើន ដោយសារ រាជវង្សផ្ទៃក្នុងការដណ្ដើមអំណាចគ្នា។,សម័យឧដុង្គចាប់ពីឆ្នាំ ១៦២០-១៨៦៣។ បានជាប្រទេសកម្ពុជាធ្លាក់ចុះខ្សោយកាន់តែខ្លាំងនៅសម័យឧដុង្គព្រោះមានសង្គ្រាមជាបន្តបន្ទាប់ជាមួយនឹងសៀមដែលធ្វើឲ្យប្រទេសបាត់បង់ធនធានមនុស្សនិងទ្រព្យសម្បត្តិយ៉ាង ធ្ងន់ធ្ងរជាមួយនឹងសៀម។,15,8,2,0.5333333333333333,0.51904296875,2,8,0,0
118,តើប្រព័ន្ធផលិតកម្មកសិកម្មនៅប្រទេសកម្ពុជាមានអ្វីខ្លះ?,ប្រព័ន្ធផលិតកម្មកសិកម្មនៅកម្ពុជាមានដូចជាដំណាំដំណាំស្រូវនិងកៅស៊ូដឹកនាំផ្សេងៗទៀតការចិញ្ចឹមសត្វបានចិញ្ចឹមសត្វលើគោកការចិញ្ចឹមសត្វក្នុងទឹកការនេសាទការនេសាទទឹកសាបការនេសាទទឹកប្រៃ  ព្រៃឈើអនុផលព្រៃឈើរកឃ្មុំជ័រទឹកក្តៅសត្វព្រៃ,ប្រព័ន្ធផលិតកម្មកសិកម្មនៅប្រទេសកម្ពុជាមានដូចជាហើយបានក្លាយជាកសិកម្មសិទ្ធិឯកជនជាបន្តបន្ទាប់ -ដើម្បីឲ្យវិស័យឯកជនមានភាពការជឿជាក់និងភាពកក់ក្តៅរដ្ឋាភិបាលបានតម្រូវ -ធានាឲ្យមានសន្តិភាពស្ថេរភាពនយោបាយ -ច្បាប់និងសម្រាប់ធ្នាប់ -កំណើនម៉ាក្រូសេដ្ឋកិច្ច -គោលនយោបាយរូបិយវត្ថុ -ការកាត់បន្ថយអំពើពុករលួយ,15,2,1,0.13333333333333333,0.1456298828125,1,2,0,0
119,តើប្រព័ន្ធផលិតកម្មកសិកម្មនៅក្នុងប្រទេសកម្ពុជាមានអ្វីខ្លះ?ចូររៀបរាប់​ ។,ប្រព័ន្ធផលិតកម្មកសិកម្មនៅប្រទេសកម្ពុជាមាន៖    _ ដំណាំ : ដំណាំស្រូវ ដំណាំកៅស៊ូ ដំណាំផ្សេងៗទៀត    _ ការចិញ្ចឹមសត្វ : ការចិញ្ចឹមសត្វលើគោក ការចិញ្ចឹមសត្វក្នុងទឹក    _ ការនេសាទ : ការនេសាទទឹកសាប ការនេសាទទឹកប្រៃ  _ ព្រៃឈើ : ផលិតផលឈើ អនុផលព្រៃឈើ(រកឃ្មុំ ជ័រទឹក វល្លិ៍ ផ្តៅ) សត្វព្រៃ ។,ប្រព័ន្ធផលិតកម្មកសិកម្មនៅប្រទេសកម្ពុជាមាន៖  _ កសិកម្ម = គឺជាការដាំដុះ ការចិញ្ចឹមសត្វ ការនេសាទ ការដាំដុះ និងផលអនុផលព្រៃឈើ ។ _ ឧស្សាហកម្ម = គឺជាការផលិតរបស់ប្រើប្រាស់ ដើម្បីបម្រើតម្រូវការប្រជាជនក្នុងការប្រើប្រាស់ប្រចាំថ្ងៃ ។ _ ពាណិជ្ជកម្ម = គឺជាការធ្វើជំនួញ ការដោះដូរផលិតផល ការលក់ដូរ ការនាំចេញ និងនាំចូល ។ _ ទេសចរណ៍ = គឺជាការរកចំណូលបានពីភ្ញៀវទេសចរដែលមកកម្សាន្តនៅក្នុងប្រទេស ។ _ គមនាគមន៍ =,10,3,1,0.3,0.256103515625,1,3,0,0
120,ចូរពណ៌នាពីពីការអភិវឌ្ឍសេដ្ឋកិច្ច សង្គម នៅកម្ពុជាពីឆ្នាំ១៩៩៣ មកទល់សព្វថ្ងៃ?,ពណ៌នាពីពីការអភិវឌ្ឍសេដ្ឋកិច្ច សង្គម នៅកម្ពុជាពីឆ្នាំ១៩៩៣ មកទល់សព្វថ្ងៃ .វិស័យសេដ្ឋកិច្ច:  +សេដ្ឋកិច្ចកម្ពុជាមានការរីកចម្រើនឡើងជាបន្តបន្ទាប់ដែលធ្វើឲ្យប្រទេសកម្ពុជាមានជីវភាពល្អប្រសើរ។ +កសិកម្មរីកចម្រើនខាងដាំដំណាំស្រូវទទួលបានទិន្នផលខ្ពស់ជាបន្តបន្ទាប់ +ឧស្សាហកម្មមានតំណាងរោងចក្រច្រើនកន្លែងនិងលើកឡើងនៅសហគ្រឿងធំៗដែលបានផ្ដល់ចំណូលដល់ប្រជាពលរដ្ឋ +ពាណិជ្ជកម្មកាលនាំចូលមកក្នុងប្រទេសនិងមានវិនិយោគក្នុងប្រទេស +គមនាគមន៍កសាងស្ពានផ្លូវថ្នល់អាកាសយានដ្ឋានផ្គត់ផ្គង់ប្រព័ន្ធទឹកពីទីក្រុងដល់ជនបទ កំពុងផែ +ហិរញ្ញវត្ថុមានស្ថេរភាពក្នុងអត្រាប្ដូរប្រាក់ +ធនាគារលើកឡើងនៅធនាគារជាតិហ្នឹងឯកជនជាច្រើន .វិស័យសង្គម +ការអប់រំសិក្សា បង្កើតសាលារៀនគ្រប់កម្រិតពីមត្តីរហូតដល់ឧត្តមសិក្សាបណ្ដុះបណ្ដាលធនធានមនុស្សនិងបញ្ជូននិស្សិតឲ្យទៅរៀននៅក្រៅប្រទេស។ +វប្បធម៌អរិយធម៌ ស្ដារវប្បធម៌ឡើងវិញនិងដាក់បញ្ចូលជាសម្បត្តិបេតិកភណ្ឌពិភពលោកចាប់ផ្ដើមប្រជាជនមានសិទ្ធិជឿលើសាសនា។ +សុខាភិបាលបង្កើតឲ្យមានមន្ទីរពេទ្យលោកសុខភាពនិងឱសថសាស្ត្រ +សិល្បៈបង្កើតឲ្យមានសាលាសាកលវិទ្យាល័យសិល្បៈ.,ពណ៌នាពីពីការអភិវឌ្ឍសេដ្ឋកិច្ច សង្គម នៅកម្ពុជាពីឆ្នាំ១៩៩៣ មកទល់សព្វថ្ងៃ,10,1,0,0.1,0.11553955078125,0,1,0,0
121,បុព្វហេតុអ្វីខ្លះដែលនាំឲ្យអាណាចក្រចេនឡាបែកបាក់ជាពីរគឺអាណាចក្រចេនឡាដីគោកនិងចេនឡាទឹកលិច?,បុព្វហេតុដែលនាំហើយអាណាចក្រចេនឡាបែកជាពីរគឺ -វិសាលភាពទឹកដីធំទូលាយ -ចម្បាំងអត់ឈប់ឈរ -សមន្ដរដ្ឋបះបោរចង់ផ្ដាច់ខ្លួន -វិបត្តិផ្ទៃក្នុង -ព្រះនាងជ័យទេវីគ្មានសមត្ថភាពគ្រប់គ្រង។,បុព្វហេតុដែលនាំហើយអាណាចក្រចេនឡាបែកជាពីរគឺ -វិសាលភាពទឹកដីធំទូលាយ -ចម្បាំងអត់ឈប់ឈរ -សមន្ដរដ្ឋបះបោរចង់ផ្ដាច់ខ្លួន -វិបត្តិផ្ទៃក្នុង -ព្រះនាងជ័យទេវីគ្មានសមត្ថភាពគ្រប់គ្រង។,7,7,4,1.0,0.98779296875,4,7,0,0
122,តើការស្ថិតនៅក្រៅសារពាង្គកាយនៃពងស្វាសមានសារៈសំខាន់ដូចម្តេច?,ការស្ថិតនៅក្រោមសារពាង្គកាយនៃពងស្វាសមានសារៈសំខាន់ដូចជាដើម្បីរក្សាសីតុណ្ហភាពឲ្យ ទាបជាងសីតុណ្ហភាពក្នុងខ្លួន ប្រហែលពី(2-3)សីតុណ្ហភាពក្នុងខ្លួន37 ។,ការស្ថិតនៅក្រោមសារពាង្គកាយនៃពងស្វាសមានសារៈសំខាន់ក្នុងការផលិតអរម៉ូនភេទឈ្មោលនិង បង្កើតស្ពែម៉ាតូសូអ៊ីត ។,10,3,1,0.3,0.2088623046875,1,2,0,1
123,តើអ្វីជាសង្គ្រាមត្រជាក់? តើសង្គ្រាមត្រជាក់ផ្ដល់ផលវិបាកអ្វីខ្លះដល់កម្ពុជា?,សង្គ្រាមត្រជាក់គឺជាការប្រកួតប្រជែងផ្នែកមនោគមវិទ្យារវាងសេដ្ឋកិច្ចនយោធានិងបច្ចេកវិទ្យា។សង្គ្រាមមជ្ឈមណ្ឌលផលវិបាកដល់កម្ពុជាដូចជា -ការអនុវត្តនយោបាយវិទ្យាក្រឹត្យរបស់សម្ដេចនរោត្តមសីហនុមិនចោទទិសដៅ -ប្រទេសកម្ពុជាធ្លាក់ក្នុងសង្គ្រាមស៊ីវល -ខ្មែរក្រហមឡើងកាន់អំណាច -ប្រទេសកម្ពុជាមានភាពអាណាធិបតេយ្យ -សេដ្ឋកិច្ចកម្ពុជាធ្លាក់ចុះ -ប្រទេសកម្ពុជារស់នៅដែលភាពភ័យខ្លាច -រោងចក្រឧស្សាហកម្មបិទទ្វារ -បែកបាក់សាមគ្គីផ្ទៃក្នុង,សង្គ្រាមត្រជាក់គឺជាការប្រកួតប្រជែងផ្នែកមនោគមន៍វិទ្យារវាងប្លុកកុម្មុយនីសនិងប្លុកសេរីដែលប្រកួតប្រជែងផ្នែកនយោបាយសេដ្ឋកិច្ច,10,2,1,0.2,0.277587890625,1,3,0,1
124,ហេតុអ្វីបានជាមនុស្សស្រូបយកខ្យល់ដែលមានកាបូនម៉ណូអុកស៊ីតអាចបង្កគ្រោះថ្នាក់ដល់ស្លាប់បាន?,បានជាមនុស្សស្រូបយកខ្យល់ដែលមានកាបូនម៉ូណូអុកស៊ីដអាចបង្កឲ្យមានគ្រោះថ្នាក់ដល់ស្លាប់ បានព្រោះកាបូនម៉ូណូអុកស៊ីដមានសមត្ថភាពចាប់យក ក្នុងឈាមបានខ្លាំងជាងអុកស៊ីសែន វារារាំងឈាមមិនឲ្យដឹកនាំអុកស៊ីសែនទៅចិញ្ចឹមសរីរាង្គជាពិសេសខួរក្បាលដែលបណ្តាលឲ្យ ស្លាប់និង សន្លប់ ។,បានជាមនុស្សស្រូបយកខ្យល់ដែលមានកាបូនម៉ូណូអុកស៊ីដអាចបង្កឲ្យមានគ្រោះថ្នាក់ដល់ស្លាប់ បានព្រោះកាបូនម៉ូណូអុកស៊ីដមានសមត្ថភាពចាប់យក ក្នុងឈាមបានខ្លាំងជាងអុកស៊ីសែន វារារាំងឈាមមិនឲ្យដឹកនាំអុកស៊ីសែនទៅចិញ្ចឹមសរីរាង្គជាពិសេសខួរក្បាលដែលបណ្តាលឲ្យ ស្លាប់និង សន្លប់ ។,5,2,2,0.4,0.76025390625,3,4,1,2
125,តើការស្ថិតនៅក្រៅសារពាង្គកាយនៃពងស្វាសមានសារៈសំខាន់ដូចម្តេច?,ការស្ថិតនៅក្រោមសារពាង្គកាយនៃពងស្វាសមានសារៈសំខាន់ដូចជាដើម្បីរក្សាសីតុណ្ហភាពឲ្យ ទាបជាងសីតុណ្ហភាពក្នុងខ្លួន ប្រហែលពី(2-3)សីតុណ្ហភាពក្នុងខ្លួន37 ។,ការស្ថិតនៅក្រោមសារពាង្គកាយនៃពងស្វាសមានសារៈសំខាន់ក្នុងការផលិតអរម៉ូនភេទឈ្មោលនិង បង្កើតស្ពែម៉ាតូសូអ៊ីត ។,10,3,1,0.3,0.2088623046875,1,2,0,1
126,ចូររៀបរាប់អំពីទំនាក់ទំនងរវាងការដាំដុះអាជីវកម្មព្រៃឈើនិងនេសាទ។,ទំនាក់ទំនងរវាង ការដាំដុះអាជីវកម្មព្រៃឈើ និងការនេសាទ៖  _ ការដាំដុះអាជីវកម្មព្រៃឈើ និងការនេសាទ ជាភោគទ្រព្យយ៉ាងសំខាន់សម្រាប់ប្រជាជនក្នុងការទ្រទ្រង់ក្នុងជីវភាពរស់នៅនិងការអភិវឌ្ឍន៍ប្រទេសជាតិ   _ ដើម្បីបំពេញតម្រូវការក្នុងកសិកម្មផលិតកម្មនិងត្រូវការផ្សេងៗ មនុស្សនាំគ្នាកាប់ព្រៃឈើដើម្បីធ្វើអាជីវកម្មព្រៃឈើជាមូលហេតុធ្វើឲ្យអាកាសធាតុប្រែប្រួលប៉ះពាល់ដល់ជីវិតមនុស្ស សត្វ និងរុក្ខជាតិ  ​ _ អតិផលនៃប្រព័ន្ធកសិកម្ម នាំឲ្យមានកំណើននៃការប្រើប្រាស់គីមីនិងថ្នាំសម្លាប់សត្វល្អិត។ ជីគីមី និងថ្នាំសម្លាប់សត្វល្អិត ទាំងនោះហូរទៅផ្ដុំគ្នានៅតាមផ្លូវទឹកនានា បំផ្លាញជីវិតសត្វនិងពូជធម្មជាតិ។,រៀបរាប់ពីទំនាក់ទំនងរវាងការដាំដុះ ការចិញ្ចឹមសត្វ និងការនេសាទ៖ -អាជីវកម្មព្រៃឈើ -ការកាត់បន្ថយ កាប់ព្រៃឈើ  -ដាំដើមឈើឲ្យបានច្រើន -ព្រៃឈើការពារទឹកជំនន់ - ដើមឈើជាជម្រកដល់សត្វ -ការនេសាទ មុនទៅនេសាទត្រីនៅរដូវខែពងទេ  -នេសាទត្រីផង និងលក់ - នេសាទត្រីទឹកប្រៃនិងនេសាទទឹកសាប  -អ្នកមាននេសាទច្រើនធ្វើឲ្យមានការបោះបង់ច្រើន។,15,5,1,0.3333333333333333,0.16162109375,1,2,0,3
127,រៀបរាប់ពីទំនាក់ទំនងរវាងការដាំដុះអាជីវកម្មព្រៃឈើនិងនេសាទ។,ទំនាក់ទំនងរវាងការដាំដុះ អាជីវកម្មព្រៃឈើ និងការនេសាទមានដូចជា៖ -ការដាំដុះដោយប្រើជីធម្មជាតិ -ការប្រើប្រាស់ជីគីមី -ដាំដុះនិងធ្វើតាមរដូវ -អាជីវកម្មព្រៃឈើ -ការកាប់បំផ្លាញព្រៃឈើ -ការដុតព្រៃឈើ -ការកាប់ឈើយកទៅធ្វើអាជីវកម្ម +ការនេសាទ -ការនេសាទត្រីពេលត្រីពក -ការនេសាទដោយប្រើអគ្គិសនី -ការនេសាទហួសកម្រិត -ការនេសាទគឺជាមុខរបរប្រចាំថ្ងៃាបស់ប្រជាជន -នឹងជាអាហារប្រចាំថ្ងៃរបស់ប្រជាជន -ការនេសាទធ្វើប្រជាជនមានមុខរបររកស៊ីត្រឹមត្រូវ -ការនេសាទប្រើប្រាស់ឧបករណ៍នេសាទខុសច្បាប់ -ការបំផ្លាញជំរកត្រី -ការបកហូរទឹកចេញពី,រៀបរាប់ពីទំនាក់ទំនងរវាងការដាំដុះអាជីវកម្មព្រៃឈើនិងការនេសាទគឺធាតុគន្លឹះទាំងបីនេះមានអន្តរអំពើលើគ្នាទៅវិញទៅមក។​ ដើម្បីបំពេញតម្រូវការក្នុងផលិតកម្មនិងតម្រូវការផ្សេងៗទៀតមនុស្សនាំគ្នាកាប់ព្រៃឈើដែលជាហេតុនាំឲ្យមានការប្រែប្រួលអាកាសធាតុប៉ះពាល់ដល់ជីវិតមនុស្សសត្វនិងរុក្ខជាតិ។,15,10,3,0.6666666666666666,0.67724609375,3,10,0,0
128,តើកត្តាអ្វីខ្លះដែលធ្វើអោយសម័យអង្គររីកចម្រើនដល់កំពូល?​ ចូលរៀបរាប់។,កត្តាដែលធ្វើអោយសម័យអង្គររីកចម្រើនគឺ: កត្តាព្រះរាជា:ព្រះរាជាចាប់ពីព្រះបាទជ័យវរ្ម័នទី 2 រហូតដល់ព្រះបាទជ័យវរ្ម័នទី 7 សុទ្ធតែជាស្ដេចខ្លាំងពូកែ កត្តានយោបាយ: នយោបាយក្នុងប្រទេសបង្រួបបង្រួមជាតិកសាងនិងការពារទឹកដី នយោបាយក្រៅប្រទេស:ចងសម្ព័ន្ធមិត្តជាមួយប្រទេសធំៗវាយយករដ្ឋតូចដាក់ជាចំណុះ កត្តាសេដ្ឋកិច្ច:រីកចម្រើនលើវិស័យកសិកម្មសិប្បកម្មគណនាគម កត្តាសាសនា:ការឯកភាពគ្នារវាងសាសនាព្រាហ្មនិងព្រះពុទ្ធ កត្តាធនធានមនុស្សបន្សល់ទុកតាំងពីសម័យនគរភ្នំនិងចេនឡាមក។,កត្តាដែលធ្វើអោយសម័យអង្គររីកចម្រើនគឺ: .កត្តាព្រះរាជា:ព្រះរាជាចាប់ពីព្រះបាទជ័យវរ្ម័នទី 2 រហូតដល់ព្រះបាទជ័យវរ្ម័នទី 7 សុទ្ធសឹងតែជាស្ដេចខ្លាំងពូកែ .កត្តានយោបាយ: +នយោបាយក្នុងប្រទេស:បង្រួបបង្រួម​ កសាង និងការពារ។ +នយោបាយក្រៅប្រទេស:ចងសម្ព័ន្ធមិត្តជាមួយប្រទេសធំៗដូចជាចិននិងឥណ្ឌា និងវាយយករដ្ឋតូចដាក់ជាចំណុះ .កត្តាសេដ្ឋកិច្ច:ការរីកចម្រើនលើវិស័យកសិកម្ម សិប្បកម្ម គណនាគមន៍ .កត្តាសាសនា:មានការឯកភាពគ្នារវាងសាសនាព្រាហ្មនិងព្រះពុទ្ធ .កត្តាធនធានមនុស្សបន្សល់ទុកតាំងពីសម័យនគរភ្នំនិងចេនឡាមក។,10,10,4,1.0,0.98486328125,4,10,0,0
129,ចូរនិយាយពីកំណកាម៉ែតញី។,ការស្ថិតនៅក្រោមសារពាង្គកាយនៃពងស្វាសមានសារៈសំខាន់ដូចជាដើម្បីរក្សាសីតុណ្ហភាពឲ្យ ទាបជាងសីតុណ្ហភាពក្នុងខ្លួន ប្រហែលពី(2-3)សីតុណ្ហភាពក្នុងខ្លួន37 ។,កំណកាម៉ែតញីដំបូងកោសិកាពូជមួយរួមចំណែកពីរដងបន្តបន្ទាប់គ្នា បានកោសិកាអូវ៉ូកូរី4 ។ អូវ៉ូកូរីនីមួយៗរីកមាឌអាចជាអូវ៉ូស៊ីត1 ។អូវ៉ូស៊ីតមួយរងចំណែកមួយនៃមេយោធាហើយត្រូវបាន ឈប់គាំងនៅវគ្គប្រផ្ដាស1 ។,10,4,2,0.4,0.39453125,2,4,0,0
130,តើការស្ថិតនៅក្រៅសារពាង្គកាយនៃពងស្វាសមានសារៈសំខាន់ដូចម្តេច?,ការស្ថិតនៅក្រោមសារពាង្គកាយនៃពងស្វាសមានសារៈសំខាន់ដូចជាដើម្បីរក្សាសីតុណ្ហភាពឲ្យ ទាបជាងសីតុណ្ហភាពក្នុងខ្លួន ប្រហែលពី(2-3)សីតុណ្ហភាពក្នុងខ្លួន37 ។,ការស្ថិតនៅក្រោមសារពាង្គកាយនៃពងស្វាសមានសារៈសំខាន់ដូចជា  _សំខាន់ក្នុងការផលិតអរម៉ូនភេទឈ្មោលនិងបង្កើតស្ពែម៉ាតូសូអ៊ីត ។,10,3,1,0.3,0.218017578125,1,2,0,1
131,ចូរនិយាយពីកំណកាម៉ែតញី។,ការស្ថិតនៅក្រោមសារពាង្គកាយនៃពងស្វាសមានសារៈសំខាន់ដូចជាដើម្បីរក្សាសីតុណ្ហភាពឲ្យ ទាបជាងសីតុណ្ហភាពក្នុងខ្លួន ប្រហែលពី(2-3)សីតុណ្ហភាពក្នុងខ្លួន37 ។,កំណកាម៉ែតញីដំបូងកោសិកាពូជមួយរួមចំណែកពីរដងបន្តបន្ទាប់គ្នា បានកោសិកាអូវ៉ូកូរី4 ។ អូវ៉ូកូរីនីមួយៗរីកមាឌអាចជាអូវ៉ូស៊ីត1 ។អូវ៉ូស៊ីតមួយរងចំណែកមួយនៃមេយោធាហើយត្រូវបាន ឈប់គាំងនៅវគ្គប្រផ្ដាស1 ។,10,4,2,0.4,0.39453125,2,4,0,0
132,ហេតុអ្វីបានជាផ្នែកឯកជនជាកម្លាំងដ៏សំខាន់សម្រាប់វិនិយោគនិងធ្វើឲ្យមានកំណើនសេដ្ឋកិច្ចក្នុងប្រទេស?,បានជាផ្នែកឯកជនជាកម្លាំងដ៏សំខាន់សម្រាប់វិនិយោគនិងធ្វើឲ្យមានកំណើនសេដ្ឋកិច្ចក្នុងប្រទេស ព្រោះប្រទេសកម្ពុជាជាប្រទេសអភិវឌ្ឍន៍ សេដ្ឋកិច្ចទីផ្សារដោយបានធ្វើកំណែទម្រង់សហគ្រាសឧស្សាហកម្មឲ្យក្លាយទៅជាកម្មសិទ្ធិឯកជន ។ សេដ្ឋកិច្ចទីផ្សារសេរីនេះនាំឲ្យអ្នករកស៊ីបរទេសចូលចិត្តមកវិនិយោគ ហើយកាលណាផ្នែកឯកជនរឹងមាំមកវិនិយោគ ហើយកាលណាផ្នែកឯកជនមិនរឹងមាំអាចបំពេញបន្ថែមវិនិយោគនិងវិស័យសង្គមកិច្ចមានន័យថាវិស័យឯកជនស្រូបយកកម្លាំងការងារកាន់តែកើនឡើង។,ព្រោះវិស័យឯកជនជាក្បាលម៉ាស៊ីនសំខាន់សម្រាប់វិនិយោគនិងធ្វើឱ្យមានកំណើនសេដ្ឋកិច្ចក្នុងប្រទេសព្រោះ៖ -ផ្នែកឯកជនជាកម្លាំងដ៏សំខាន់ណាស់សម្រាប់ប្រទេសជាតិព្រោះបើមកក៏ធនធានមនុស្សផ្នែកបច្ចេកវិទ្យានិងបច្ចេកទេស -ផ្នែកឯកជនបានផ្តល់ដូរដូចជាឱកាសការងារ -នាំចេញឈើមានការអភិវឌ្ឍគ្រប់វិស័យ -ប្រជាជនមានជីវភាពធូរធារជាងមុន -រក្សាចែកចេញជាកម្មសេវាកម្មមានតម្លៃថោក -មានទំនិញនាំចេញនាំចូលទៅក្រៅស្រុក  -សេដ្ឋកិច្ចទីផ្សារសេរីដែលនាំឲ្យអ្នករកស៊ីមកពីបរទេស។,15,12,3,0.8,0.72705078125,3,11,0,1
133,តើថ្ងៃរំដោះ៧មករា១៩៧៩ មានអត្ថន័យយ៉ាងណាខ្លះចំពោះប្រវត្តិសាស្ត្រកម្ពុជា?,ជាថ្ងៃដែលប្រជាជនខ្មែររួចផុតពីសង្គ្រាមនិងការសម្លាប់ -ជាថ្ងៃដែលប្រជាជនខ្មែរស្គាល់ច្បាប់ពីតម្លៃនៃសន្តិភាព -ជាថ្ងៃដែលប្រជាជនខ្មែរស្គាល់ច្បាប់ពីតម្លៃនៃសន្តិភាព -ប្រទេសកម្ពុជាទទួលបានអធិបតេយ្យភាពនិងបូរណាភាពទឹកដី -ប្រទេសកម្ពុជាទទួលបានឯករាជ្យ -ប្រទេសកម្ពុជាអាចអភិវឌ្ឍន៍ប្រទេសជាតិរបស់ខ្លួន -ប្រទេសកម្ពុជាអាចឈរស្មើមុខមាត់លើឆាកអន្តរជាតិ -ប្រទេសកម្ពុជាកសាងនិងស្ដាយប្រទេសជាតិខ្លួនឯងឡើងវិញ -ប្រទេសកម្ពុជាអាចធ្វើទំនាក់ទំនងជាមួយបណ្ដាប្រទេសនានា.,ជាថ្ងៃដែលប្រជាជនខ្មែររួចផុតពីសង្គ្រាមនិងការសម្លាប់ -ជាថ្ងៃដែលប្រជាជនខ្មែរស្គាល់ច្បាប់ពីតម្លៃនៃសន្តិភាព -ជាថ្ងៃដែលប្រជាជនខ្មែរស្គាល់ច្បាប់ពីតម្លៃនៃសន្តិភាព -ប្រទេសកម្ពុជាទទួលបានអធិបតេយ្យភាពនិងបូរណាភាពទឹកដី -ប្រទេសកម្ពុជាទទួលបានឯករាជ្យ -ប្រទេសកម្ពុជាអាចអភិវឌ្ឍន៍ប្រទេសជាតិរបស់ខ្លួន -ប្រទេសកម្ពុជាអាចឈរស្មើមុខមាត់លើឆាកអន្តរជាតិ -ប្រទេសកម្ពុជាកសាងនិងស្ដាយប្រទេសជាតិខ្លួនឯងឡើងវិញ -ប្រទេសកម្ពុជាអាចធ្វើទំនាក់ទំនងជាមួយបណ្ដាប្រទេសនានា.,8,8,4,1.0,0.9609375,4,8,0,0
134,ចូររៀបរាប់ពីទំនាក់ទំនងរវាងការដាំដុះ​ អាជីវកម្មព្រៃឈើ និងការនេសាទ។,ទំនាក់ទំនងរវាងការដាំដុះ អាជីវកម្មព្រៃឈើ និងការនេសាទមានដូចជា៖ -ការដាំដុះដោយប្រើជីធម្មជាតិ -ការប្រើប្រាស់ជីគីមី -ដាំដុះនិងធ្វើតាមរដូវ -អាជីវកម្មព្រៃឈើ -ការកាប់បំផ្លាញព្រៃឈើ -ការដុតព្រៃឈើ -ការកាប់ឈើយកទៅធ្វើអាជីវកម្ម +ការនេសាទ -ការនេសាទត្រីពេលត្រីពក -ការនេសាទដោយប្រើអគ្គិសនី -ការនេសាទហួសកម្រិត -ការនេសាទគឺជាមុខរបរប្រចាំថ្ងៃាបស់ប្រជាជន -នឹងជាអាហារប្រចាំថ្ងៃរបស់ប្រជាជន -ការនេសាទធ្វើប្រជាជនមានមុខរបររកស៊ីត្រឹមត្រូវ -ការនេសាទប្រើប្រាស់ឧបករណ៍នេសាទខុសច្បាប់ -ការបំផ្លាញជំរកត្រី -ការបកហូរទឹកចេញពី,រៀបរាប់ពីទំនាក់ទំនងនៃការដាំដុះ អាជីវកម្មព្រៃឈើ និងការនេសាទ៖ +ការដាំដុះ -ការដាំដុះដំណាំរុក្ខជាតិ -ដាំដំណាំ ចម្ការកៅស៊ូ ស្រូវ -បង្កើតទិន្នផល -រីកចម្រើនផ្នែកកសិកម្មដាំដុះ -ប្រាក់ចំណូល -ប្រជាជនរួមគ្នាដាំដុះ បន្លែ ផ្លែឈើ -សេដ្ឋកិច្ចរីកចម្រើន -អាចលក់ឲ្យអាជីវករ លក់តាមទីផ្សារ +អាជីវកម្មព្រៃឈើ -កាប់ដើមឈើ ឬមែកមកធ្វើជាអុស -លក់ឈើប្រណិតៗ ដើម្បីធ្វើដូចជា តុ កោអី -នាំចេញនូវផលិតផលសម្រាប់ប្រើប្រាស់ -ច្នៃប្រឌិតឲ្យក្លាយជារបស់លក់បាននិងមានតម្លៃ -លក់តាមទីផ្សារដើម្បីបានប្រាក់ចំណូល -ចំណូលចូលស្រុក +ការនេសាទ -នេសាទត្រី មឹក បង្គារ និងមច្ឆជាតិផ្សេងទៀត -ដលម្បីលក់ក្នុងទីផ្សារ -ប្រាក់កម្រៃ ចំណូល -ធ្វើអាជីវកម្មនេសាទដោយការគោរពនូវច្បាប់នេសាទ។,15,3,1,0.2,0.1842041015625,1,3,0,0
135,តើអាណាចក្រភ្នំមានព្រំប្រទល់ជាប់ប្រទេសណាខ្លះ?,អាណាចក្រភ្នំមានព្រំប្រទល់ជាប់ប្រទេសដូចជា -ខាងជើងជាប់ចិន -ខាងត្បូងជាឈូងសមុទ្រខ្មែរ -ខាងកើតជាប់រដ្ឋចម្ប៉ា -ខាងលិចជាប់រដ្ធមនឬភូមា។,អាណាចក្រភ្នំមានព្រំប្រទល់ជាប់ប្រទេសដូចជា -ខាងជើងជាប់ចិន(រដ្ឋណានឆាវតុងកឹង) -ខាងត្បូងជាឈូងសមុទ្រខ្មែរ -ខាងកើតជាប់រដ្ឋចម្ប៉ា -ខាងលិចជាប់រដ្ឋមនឬភូមា។,6,6,4,1.0,0.9873046875,4,6,0,0
136,ចូរនិយាយពីកំណកាម៉ែតញី។,ការស្ថិតនៅក្រោមសារពាង្គកាយនៃពងស្វាសមានសារៈសំខាន់ដូចជាដើម្បីរក្សាសីតុណ្ហភាពឲ្យ ទាបជាងសីតុណ្ហភាពក្នុងខ្លួន ប្រហែលពី(2-3)សីតុណ្ហភាពក្នុងខ្លួន37 ។,កំណកាម៉ែតញីដំបូងកោសិកាពូជមួយរួមចំណែកពីរដងបន្តបន្ទាប់គ្នា បានកោសិកាអូវ៉ូកូរី4 ។ អូវ៉ូកូរីនីមួយៗរីកមាឌអាចជាអូវ៉ូស៊ីត1 ។អូវ៉ូស៊ីតមួយរងចំណែកមួយនៃមេយោធាហើយត្រូវបាន ឈប់គាំងនៅវគ្គប្រផ្ដាស1 ។ក្រោយមកពេលគ្រប់អូវ៉ូស៊ីតមួយបន្តធ្វើចំណែកហើយត្រូវបានបញ្ចប់ នៅរយៈពេល6ម៉ោងមុនដំណើរអូវ៉ុលនិងធ្លាក់មកក្រៅជាអូវ៉ូស៊ីត2 ។ប្រសិនបើជួបស្ពែម៉ាតូសូអុីត បង្កើតបានជាអូវុល ។,10,8,3,0.8,0.76416015625,3,8,0,0
137,ចូរនិយាយពីកំណកាម៉ែតញី។,ការស្ថិតនៅក្រោមសារពាង្គកាយនៃពងស្វាសមានសារៈសំខាន់ដូចជាដើម្បីរក្សាសីតុណ្ហភាពឲ្យ ទាបជាងសីតុណ្ហភាពក្នុងខ្លួន ប្រហែលពី(2-3)សីតុណ្ហភាពក្នុងខ្លួន37 ។,កំណកាម៉ែតញីដំបូងកោសិកាពូជមួយរួមចំណែកពីរដងបន្តបន្ទាប់គ្នា បានកោសិកាអូវ៉ូកូរី4 ។ អូវ៉ូកូរីនីមួយៗរីកមាឌអាចជាអូវ៉ូស៊ីត1 ។អូវ៉ូស៊ីតមួយរងចំណែកមួយនៃមេយោធាហើយត្រូវបាន ឈប់គាំងនៅវគ្គប្រផ្ដាស1 ។,10,5,2,0.5,0.39453125,2,4,0,1
138,សេដ្ឋកិច្ចកម្ពុជាពឹងផ្អែកលើវិស័យកសិកម្មជាសំខាន់៖ ​ក.​ ហេតុអ្វីបានជាគេនិយាយថាកម្ពុជាជាប្រទេសកសិកម្ម? ខ. តើគេចែកកសិករទាំងនោះជាប៉ុន្មានប្រភេទ?,សេដ្ឋកិច្ចកម្ពុជាបានផ្អែកលើវិស័យកសិកម្មជាសំខាន់៖ ក​. បានជាគេនិយាយថាប្រទេសកម្ពុជាជាប្រទេសកសិកម្មដោយសារ -ផ្ទៃដីនៅប្រទេសកម្ពុជាប្រហែល៩០ភាគរយសិតតែដំណាំស្រូវ -ប្រជាជនកកម្ពុជា ៧០.៣ភាគរយធ្វើកសិកម្ម -កសិកម្មជួយឲ្យប្រជាជនកម្ពុជាមានការងារធ្វើ -ប្រជាជននិយមធ្វើកសិកម្ម -ដីនៅកម្ពុជាប្រកបជាមួយកាធ្វើកសិកម្ម -កម្ពុជាមានអាកាសធាតុសមស្របសម្រាប់ធ្វើកសិកម្ម ខ. គេចែកកសិកម្មទាំងនោះជាពីរប្រភេទ៖ +កសិករខ្នាតតូច -ធ្វើកសិកម្មដើម្បីជីវិត -ធ្វើលក្ខណៈតិចតួច ទុកតែបរិភោគសម្រាប់គ្រួសារ -មិនលក់ឲ្យអ្នកណា +កសិករខ្នាតធំ -ធ្វើកសិកម្មច្រើនហើយទុកសម្រាប់លក់ឬនាំចេញទៅក្រៅប្រទេស -ធ្វើមួយឆ្នាំអាចទៅពីរលើក -ធ្វើលក្ខណៈច្រើន ដើម្បីលក់និងនាំចេញ។,សេដ្ឋកិច្ចកម្ពុជាបានផ្អែកលើវិស័យកសិកម្មជាសំខាន់៖ +បានជាគេនិយាយថាកម្ពុជាជាប្រទេសកសិកម្មព្រោះ៖ -កសិករ (២៣.៣០%) ជាអ្នកធ្វើស្រែចម្ការ -ស្រូវជាអាហារចាំបាច់របស់មនុស្ស -អ្នកធ្វើស្រូវភាគច្រើន -ស្រូវតំណាងឲ្យប្រទេសជាតិ និងនាំចេញទៅបរទេស -មានមូលដ្ឋាននៅជនបទ -ស្រូវជារបស់ចាំបាច់សម្រាប់លក់ +គេចែកកសិករទាំងនោះជា២ប្រភេទគឺ៖ -ធន់ធ្ងន់ៈ ការធ្វើស្រែចម្ការ ការលីសែង -ធន់ស្រាលៈ ការចិញ្ចឹមសត្វ ការលក់ដូរ ការទិញទំនិញ...។,15,5,1,0.3333333333333333,0.36083984375,1,5,0,0
139,តើប្រព័ន្ធផលិតកម្មកសិកម្មនៅក្នុងប្រទេសកម្ពុជាមានអ្វីខ្លះ?ចូររៀបរាប់​ ។,ប្រព័ន្ធផលិតកម្មកសិកម្មនៅប្រទេសកម្ពុជាមាន៖    _ ដំណាំ : ដំណាំស្រូវ ដំណាំកៅស៊ូ ដំណាំផ្សេងៗទៀត    _ ការចិញ្ចឹមសត្វ : ការចិញ្ចឹមសត្វលើគោក ការចិញ្ចឹមសត្វក្នុងទឹក    _ ការនេសាទ : ការនេសាទទឹកសាប ការនេសាទទឹកប្រៃ  _ ព្រៃឈើ : ផលិតផលឈើ អនុផលព្រៃឈើ(រកឃ្មុំ ជ័រទឹក វល្លិ៍ ផ្តៅ) សត្វព្រៃ ។,ប្រព័ន្ធផលិតកម្មនៅប្រទេសកម្ពុជារួមមាន៖ +ការដាំដុះ  -ប្រជាកសិករដាំដុះ នូវដំណាំហូបផ្លែ(ពោតដំឡូងស្វាយ) - -ធ្វើស្រែចម្ការការដាំដុះស្រូវ នូវ ស្ពៃ +ការចិញ្ចឹមសត្វ -ការចិញ្ចឹមសត្វបែបប្រពលវប្បកម្ម ការចិញ្ចឹម(សត្វគោ ក្របី មាន់) +-ព្រៃឈើ -ការដាំដុះ ដើមឈើជ័រកៅស៊ូការដាំដុះនាំព្រៃឈើទុកជា ជម្រករបស់សត្វព្រៃ,10,8,3,0.8,0.58056640625,2,6,1,2
140,តើសេដ្ឋកិច្ចកម្ពុជាពឹងផ្អែកលើវិស័យអ្វីជាសំខាន់?     ក/ ហេតុអ្វីបានជាគេនិយាយថាកម្ពុជាជាប្រទេសកសិកម្ម?     ខ/ តើគេចែកកសិករជាប៉ុន្មានប្រភេទ?អ្វីខ្លះ?,សេដ្ឋកិច្ចកម្ពុជាពឹងផ្អែកលើវិស័យកសិកម្មជាសំខាន់។   ក/ បានជាគេនិយាយថាកម្ពុជាជាប្រទេសឧស្សាហកម្មព្រោះ៖  _  សណ្ឋានដី : ដីមានជីវជាតិល្អនិងសម្បូរទំនាបល្បាប់   _ ផ្លូវទឹក : ផ្លូវទឹកខ្វាត់ខ្វែងងាយស្រួលដល់ការដាំដុះ  _ ប្រជាជន : ប្រជាជនខ្មែរភាគច្រើនចូលចិត្តធ្វើកសិកម្ម  _ អាកាសធាតុ : ទទួលអាកាសធាតុក្តៅសើម  _ កសិកម្មផ្តល់ផល50%នៃផលិតផលជាតិសរុប។  ខ/ គេចែកកសិករទាំងនោះជា4ប្រភេទគឺ៖  _ កសិករធ្វើស្រែឬអ្នកស្រែ : និយមធ្វើស្រែ ស្រូវប្រាំង ស្រូវវស្សា ស្រូវឡើងទឹក  _ កសិករតំបន់ដីខ្ពស់ : គេដាំដំណាំជាអចិន្ត្រៃយ៍(ពោត ដំឡូង ចេក កៅស៊ូសណ្តែក)  _ កសិករធ្វើចម្ការដំណាំស្រូវ : គេដាំដំណាំតាមមាត់ទន្លេ ចិញ្ចឹមសត្វនិងនេសាទ  _ កសិករភូមិភាគឦសាន: គេធ្វើដំណាំព្រៃដុតមានដូចជាពោត ដំឡូង ស្រូវរុក្ខជាតិយកមើមដទៃទៀត និងបរបាញ់សត្វផងដែរ។,សេដ្ឋកិច្ចកម្ពុជាពឹងផ្អែកលើវិស័យកសិកម្មជាសំខាន់។  ក/ បានជាគេនិយាយថាកម្ពុជាជាប្រទេសកសិកម្មព្រោះអនុគ្រោះដល់វិស័យកសិកម្មជាច្រើនដូចជា៖   _ សណ្ឋានដី : មានលក្ខណៈអនុគ្រោះដល់វិស័យនេះពោលគឺសម្បូរវាលទំនាបនិងតំបន់ខ្ពង់រាបទាបៗប្រកបដោយដីមានជីវជាតិល្អសម្រាប់ដាំដុះ ចិញ្ចឹមសត្វ និងព្រៃឈើ។   _ កម្ពុជាស្ថិតនៅតំបន់ត្រូពិចដែលមានអាកាសធាតុក្តៅហើយសើមដោយទទួលរបបខ្យល់មូសុងមានភ្លៀងធ្លាក់ច្រើននិងមានកម្ដៅគ្រប់គ្រាន់ សម្រាប់ដាំដុះ ចិញ្ចឹមសត្វនិងព្រៃឈើ។   _ ប្រទេសកម្ពុជាសម្បូរផ្លូវទឹកអនុគ្រោះដល់ការដាំដុះ ការចិញ្ចឹមសត្វ និងការនេសាទ។   _ ផ្ដល់ការងារសម្រាប់ប្រជាជន 30.72%    _ កាត់បន្ថយភាពក្រីក្រប្រជាជន   _ កាត់បន្ថយអត្រាអត់ការងារដល់ប្រជាជន   _ ជាស្បៀងអាហារសម្រាប់ប្រជាជន   _ជាវត្ថុធាតុដើមសម្រាប់ឧស្សាហកម្មក្នុងប្រទេស និងនាំចេញជាច្រើន។  ខ/ គេចែកកសិករទាំងនោះជា3ប្រភេទ៖   _ កសិករកសិកម្ម   _ កសិករចិញ្ចឹមសត្វ និងដាំដុះ   _ កសិករភូមិភាគឥឦន។,20,12,2,0.6,0.5478515625,2,11,0,1
141,ហេតុអ្វីបានជាផ្នែកឯកជនជាកម្លាំងដ៏សំខាន់សម្រាប់វិនិយោគនិងធ្វើឲ្យមានកំណើនសេដ្ឋកិច្ចក្នុងប្រទេស?,បានជាផ្នែកឯកជនជាកម្លាំងដ៏សំខាន់សម្រាប់វិនិយោគនិងធ្វើឲ្យមានកំណើនសេដ្ឋកិច្ចក្នុងប្រទេស ព្រោះប្រទេសកម្ពុជាជាប្រទេសអភិវឌ្ឍន៍ សេដ្ឋកិច្ចទីផ្សារដោយបានធ្វើកំណែទម្រង់សហគ្រាសឧស្សាហកម្មឲ្យក្លាយទៅជាកម្មសិទ្ធិឯកជន ។ សេដ្ឋកិច្ចទីផ្សារសេរីនេះនាំឲ្យអ្នករកស៊ីបរទេសចូលចិត្តមកវិនិយោគ ហើយកាលណាផ្នែកឯកជនរឹងមាំមកវិនិយោគ ហើយកាលណាផ្នែកឯកជនមិនរឹងមាំអាចបំពេញបន្ថែមវិនិយោគនិងវិស័យសង្គមកិច្ចមានន័យថាវិស័យឯកជនស្រូបយកកម្លាំងការងារកាន់តែកើនឡើង។,ព្រោះវិស័យឯកជនជាក្បាលម៉ាស៊ីនសំខាន់សម្រាប់វិនិយោគនិងធ្វើឱ្យមានកំណើនសេដ្ឋកិច្ចក្នុងប្រទេសព្រោះ៖ កម្ពុជាបានអនុវត្ត លើឆ្នាំ១៩៩៣ដោយការ កំណែទម្រង់នៅ សហគ្រាសឲ្យទៅជាកម្មសិទ្ធិឯកជន សេដ្ឋកិច្ចទីផ្សារសេរីបាននាំបរទេសចង់មកវិនិយោគនៅទីនេះ កាលណាផ្នែកឯកជនរឹងមាំ យ៉ាងណាឯង អាចបំពេញបន្ថែមពីលោកសាធារណៈក្នុងវិស័យសង្គមកិច្ចមានន័យថាពេលកិច្ច វិស័យឯកជនអាចស្រូបយក កម្លាំងការងារកាន់តែច្រើនឡើង ។,15,15,4,1.0,0.72802734375,3,11,1,4
142,តើអាណាចក្រភ្នំមានព្រំប្រទល់ជាប់ប្រទេសណាខ្លះ?,អាណាចក្រភ្នំមានព្រំប្រទល់ជាប់ប្រទេសដូចជា -ខាងជើងជាប់ចិន -ខាងត្បូងជាឈូងសមុទ្រខ្មែរ -ខាងកើតជាប់រដ្ឋចម្ប៉ា -ខាងលិចជាប់រដ្ធមនឬភូមា។,អាណាចក្រភ្នំមានព្រំប្រទល់ជាប់ប្រទេសដូចជា -ខាងជើងជាប់ចិន -ខាងត្បូងជាឈូងសមុទ្រខ្មែរ -ខាងកើតជាប់រដ្ឋចម្ប៉ា -ខាងលិចជាប់រដ្ឋមនឬភូមា។,6,6,4,1.0,0.9853515625,4,6,0,0
143,ចូររៀបរាប់ពីទំនាក់ទំនងរវាងការដាំដុះ​ អាជីវកម្មព្រៃឈើ និងការនេសាទ។,ទំនាក់ទំនងរវាងការដាំដុះ អាជីវកម្មព្រៃឈើ និងការនេសាទមានដូចជា៖ -ការដាំដុះដោយប្រើជីធម្មជាតិ -ការប្រើប្រាស់ជីគីមី -ដាំដុះនិងធ្វើតាមរដូវ -អាជីវកម្មព្រៃឈើ -ការកាប់បំផ្លាញព្រៃឈើ -ការដុតព្រៃឈើ -ការកាប់ឈើយកទៅធ្វើអាជីវកម្ម +ការនេសាទ -ការនេសាទត្រីពេលត្រីពក -ការនេសាទដោយប្រើអគ្គិសនី -ការនេសាទហួសកម្រិត -ការនេសាទគឺជាមុខរបរប្រចាំថ្ងៃាបស់ប្រជាជន -នឹងជាអាហារប្រចាំថ្ងៃរបស់ប្រជាជន -ការនេសាទធ្វើប្រជាជនមានមុខរបររកស៊ីត្រឹមត្រូវ -ការនេសាទប្រើប្រាស់ឧបករណ៍នេសាទខុសច្បាប់ -ការបំផ្លាញជំរកត្រី -ការបកហូរទឹកចេញពី,ទំនាក់ទំនងរវាងការដាំដុះ អាជីវកម្មព្រៃឈើ និងការនេសាទ៖ +អាជីវកម្មព្រៃឈើ -ការកាប់យកពូជឈើល្អសម្រាប់លក់ដូរ -ការកាប់អាចាស់ហើយដាំថ្មី -កាប់ឈើហើយទៅបំពេញតម្រូវការរបស់មនុស្ស +ការនេសាទ -ចាប់ត្រីដើម្បីលក់ឬចិញ្ចឺមជីវិត -នេសាទដោយឧបករណ័ទំនើប -នេសាទតាមរដូវ -មិនឆក់ត្រីព្រោះអាចធ្វើត្រីផុសពូជ។,15,2,1,0.13333333333333333,0.16650390625,1,2,0,0
144,តើសង្គមខ្មែរនៅសម័យអង្គរមានប៉ុន្មានវណ្ណៈ? វណ្ណៈអ្វីខ្លះ? ចូលរៀបរាប់។,សង្គមខ្មែរនៅសម័យអង្គរមានប្រាំវណ្ណៈគឺ -វណ្ណៈក្សត្រឬរាជវង្សនុវង្ស (ជាស្ដេចគ្រប់គ្រងប្រទេស -វណ្ណៈមន្ត្រី (អ្នករស់នៅក្នុងរាជវាំងបម្រើស្ដេច) -វណ្ណៈព្រាហ្ម៍ឬបុព្វជិត​(គឺជាអ្នកបួស) -វណ្ណៈអ្នកជាឬកសិករ (អ្នករស់នៅនឹងធ្វើស្រែចម្ការ) -វណ្ណៈអ្នកងារឬទាសករ(ទាសករបម្រើគេតកូនតចៅ)។,សង្គមខ្មែរនៅសម័យអង្គរមានប្រាំវណ្ណៈគឺ -វណ្ណៈក្សត្រឬរាជវង្សនុវង្ស: មានបុព្វសិទ្ធណាស់គ្មានការបង់ពន្ធ មានអំណាចគ្រប់គ្រាន់រស់នៅដោយស្រួលមិនចាំបាច់ធ្វើការងារ និងមិននឿយហត់ទេ -វណ្ណៈមន្ត្រី: ឋានានុក្រមរបស់ពួកគេអាចសម្គាល់តាមរយៈឥស្សតិយយសនិងចំនួនផ្ទះប្រកក្បឿងរបស់ពួកគេ។ -វណ្ណៈអ្នកបួសឬបុព្វជិត​: មានពួកប៉ាន់ឃាប ព្រាហ្ម៍បុរោហិត ជូគូនិងប៉ាវីស៊ី។ -វណ្ណៈអ្នកជា:ពួកមានឋន្តះដូចពួកឈ្មួញសិប្បករ កសិករនិងប្រជារាស្រ្ដសាមញ្ញ -វណ្ណៈអ្នកងារឬទាសករ:ពួកនេះជាបម្រើគេអស់មួយជីវិតតកូនតចៅនេះមានឋានៈទាបបំផុតហើយត្រូវទៅធ្វើការតាមបញ្ជាគេដាក់ឲ្យនឹងគ្មានប្រាក់កម្រៃទេ។ពួកទាសកនេះមានទាសករឈ្លើយសឹក ទាសករតពូជ ទាសករជាជនជាតិភាគតិចនិងទាសករដែលគេចាប់យកមកលក់។,10,10,4,1.0,0.978515625,4,10,0,0
145,តើកម្ពុជាមានបេតិកភណ្ឌអ្វីខ្លះ ដែលបានចុះបញ្ជីបេតិកភណ្ឌរូបី និង អរូបីពិភពលោករបស់អង្គការយូណេស្កូ? ចូររៀបរាប់ឱ្យបានប្រាំ។,កម្ពុជាមានបេតិកភណ្ឌដែលបានចុះបញ្ជីបេតិកភណ្ឌរូបី និង អរូបីពិភពលោករបស់អង្គការយូណេស្កូដូចជា     +ល្ខោនខោល     +រមណីយដ្ឋានអង្គរ     +ចាប៉ីដងវែង     +ប្រាសាទព្រះវិហហារ     +ល្ខោនស្រមោលស្បែកធំ     +របាំព្រះរាជទ្រព្យ     +ក្រមាខ្មែរ     +គុនល្បុកតោ     +រមណីយដ្ឋានសម្បូរព្រៃគុក,កម្ពុជាមានប្រទេសកភណ្ឌដែលបានចុះបញ្ជីបេតិកភណ្ឌរូបីនិងអរូបីពិភពលោករបស់អង្គការយូណេស្កូដូចជា៖ -ល្ខោនខោល -រមណីយដ្ឋានអង្គរ -ល្បែងទាញព្រ័ត្រ -ចាប៉ីដងវែង -ប្រាសាទព្រះវិហារ -ល្ខោនស្រមោលស្បែកធំ -របាំព្រះរាជទ្រព្យ -ក្រមាខ្មែរ -គុនល្បុក្កតោរ -មណីយដ្ឋានសំបូរព្រៃគុក។,5,5,4,1.0,0.96337890625,4,5,0,0
146,តើកត្តាអ្វីខ្លះដែលបណ្ដាលឲ្យសៀមវាយបែកបន្ទាយលង្វែក?,កត្តាដែលបណ្ដាលឲ្យសៀមវាយបន្ទាយលង្វែកព្រះរាជាព្រះសត្ថាទីមួយឆោតល្ងង់ទៅជួយរំដោះក្រុងឰយុធ្យារបស់សៀមមកពីការត្រួតត្រាភូមាសៀមរមិលគុណប្រើល្បិចបញ្ជូនសល់ពីរអង្គ យកការវិបត្តិផ្ទៃក្នុងជាជួរជលសារលោករវល់ នាដើមម៉ឺនមន្ត្រីប្រជារាស្ត្រមិនពេញចិត្តដែលតែងទៅកូនអាយុដប់មួយវស្សា ឲ្យកូនរៀននៅ ក្នុងនាម មហាឧបរាជ ធ្វើឲ្យប្រជារាស្ត្របាត់បង់ស្មារតីប្រយុទ្ធប្រជារាស្ត្រខ្មែរក្រីក្រឆោតល្ងង់ចង់បានប្រាក់ដួលក៏នាំគ្នាកាប់ឆ្ការគុម្ពឫស្សីដែលជារបងការពារបន្ទាយលង្វែកដ៏រឹងមាំ រីប្រទេសខ្មែរហាក់បីដូចជាបាត់បង់សាមគ្គីដូចជាស្ថានីយមួយនាំកូនទាំងពីររត់ភៀសខ្លួនទៅប្រទេសឡាវមិនគិតពីប្រជារាស្ត្រនាំឲ្យប្រជាជន អស់ជំនឿ,កត្តាដែលបណ្ដាលឲ្យសៀមវាយមកបន្ទាយលង្វែកគឺការបែកបាក់ផ្ទៃក្នុងខ្មែរ ការខ្វះការត្រៀមលក្ខណៈការពារ និងកម្លាំងទ័ពសៀមមានចំនួនលើសលប់។,10,6,2,0.6,0.334228515625,1,3,1,3
147,ចូរពណ៌នាពីពីការអភិវឌ្ឍសេដ្ឋកិច្ច សង្គម នៅកម្ពុជាពីឆ្នាំ១៩៩៣ មកទល់សព្វថ្ងៃ?,ពណ៌នាពីពីការអភិវឌ្ឍសេដ្ឋកិច្ច សង្គម នៅកម្ពុជាពីឆ្នាំ១៩៩៣ មកទល់សព្វថ្ងៃ .វិស័យសេដ្ឋកិច្ច:  +សេដ្ឋកិច្ចកម្ពុជាមានការរីកចម្រើនឡើងជាបន្តបន្ទាប់ដែលធ្វើឲ្យប្រទេសកម្ពុជាមានជីវភាពល្អប្រសើរ។ +កសិកម្មរីកចម្រើនខាងដាំដំណាំស្រូវទទួលបានទិន្នផលខ្ពស់ជាបន្តបន្ទាប់ +ឧស្សាហកម្មមានតំណាងរោងចក្រច្រើនកន្លែងនិងលើកឡើងនៅសហគ្រឿងធំៗដែលបានផ្ដល់ចំណូលដល់ប្រជាពលរដ្ឋ +ពាណិជ្ជកម្មកាលនាំចូលមកក្នុងប្រទេសនិងមានវិនិយោគក្នុងប្រទេស +គមនាគមន៍កសាងស្ពានផ្លូវថ្នល់អាកាសយានដ្ឋានផ្គត់ផ្គង់ប្រព័ន្ធទឹកពីទីក្រុងដល់ជនបទ កំពុងផែ +ហិរញ្ញវត្ថុមានស្ថេរភាពក្នុងអត្រាប្ដូរប្រាក់ +ធនាគារលើកឡើងនៅធនាគារជាតិហ្នឹងឯកជនជាច្រើន .វិស័យសង្គម +ការអប់រំសិក្សា បង្កើតសាលារៀនគ្រប់កម្រិតពីមត្តីរហូតដល់ឧត្តមសិក្សាបណ្ដុះបណ្ដាលធនធានមនុស្សនិងបញ្ជូននិស្សិតឲ្យទៅរៀននៅក្រៅប្រទេស។ +វប្បធម៌អរិយធម៌ ស្ដារវប្បធម៌ឡើងវិញនិងដាក់បញ្ចូលជាសម្បត្តិបេតិកភណ្ឌពិភពលោកចាប់ផ្ដើមប្រជាជនមានសិទ្ធិជឿលើសាសនា។ +សុខាភិបាលបង្កើតឲ្យមានមន្ទីរពេទ្យលោកសុខភាពនិងឱសថសាស្ត្រ +សិល្បៈបង្កើតឲ្យមានសាលាសាកលវិទ្យាល័យសិល្បៈ.,ពណ៌នាពីពីការអភិវឌ្ឍសេដ្ឋកិច្ច សង្គម នៅកម្ពុជាពីឆ្នាំ១៩៩៣ មកទល់សព្វថ្ងៃ +វិស័យពាណិជ្ជកម្ម -កម្ពុជាមានការរីកចំឡើងកើនឡើងនៅផលិតផលនិងការនាំចេញក្រៅប្រទេសជាមួយប្រទេសធំៗលើពិភពលោកប្រទេសមហាអំណាចធំៗ -មានការរីកចម្រើនផ្នែកឧស្សាហកម្មសំបូរដោយរោងចក្រកាត់ដេរធ្វើអោយប្រជាជនមានការងារធ្វើ +វិស័យ -វិស័យហិរញ្ញវត្ថុមានអថេរភាព -វិស័យទេសចរណ៍ការកើនឡើងនៅភ្ញៀវទេសចរណ៍បង្កើតការងារប្រាក់ចំណូលដល់ប្រជាពលរដ្ឋដោយបំពាក់ប្រព័ន្ធទឹកភ្លើងពីទីក្រុងនៅជនបទ +វិស័យសង្គមវប្បធម៌ -អប់រំសិក្សាបង្កើតសាលារៀនគប់កម្រិតគ្រប់កន្លែងនិងបង្កើតធនធានមនុស្ស -សុខាភិបាលសាងសង់មន្ទីរពេទ្យ,10,6,2,0.6,0.80615234375,3,8,1,2
148,ដូចម្តេចដែលហៅថាមេយ៉ូស? ចូរនិយាយពីវគ្គផ្សេងៗនៃមេយ៉ូស។,មេយ៉ូសជាសំណុំនៃចំណែកកោសិកាពីរដងបន្តបន្ទាប់គ្នាដែលបង្កើតបានជាកោសិកាអាលូអុីតបួន ហៅថាមេយ៉ូស ។ _តេឡូផាស1 ស៊ីតូប្លាសចែកខ្លួនបានជាកោសិកាកូនពីរ ។កោសិកាកូននីមួយៗទទួលបានក្រូម៉ូសូម តែមួយពីរគូអូម៉ូឡូក ។ _ប្រផាស1 មានរយៈពេលវែង ។ _អាណាផាស1 ក្រូម៉ូសូមដំរៀបលើផ្លាស់ភ្ជាប់នឹងក្រយ៉ូងក្រូម៉ាទិចដោយសង់ក្រូងទ័ររបស់វា ។ _តេឡូផាស2 ក្រូម៉ូមនីមួយៗបានមកដល់ប៉ូលភ្នាស _មេតាផាស2 ក្រូម៉ូសូមប្រេះតាមបណ្ដោយភ្ជាប់ខ្លួនទៅនិងក្រយ៉ងក្រូម៉ាទិចដោយសង់ _ប្រូដាស2 ត្តយ៉ងអាក្រូម៉ាទិតកើតមានក្នុងកោសិកាគូនីមួយៗ _អាណាផាស2 សង់ក្រូម៉ែធ្វើចំណែកដែលនាំអោយក្រូម៉ាទិចបងប្អូនដាច់ចេញពីគ្នា ។បន្ទាប់មក ក្រូម៉ូសូមកូនទាំង2ធ្វើដំណើរឆ្ពោះទៅប៉ូលផ្ទុយគ្នារបស់ត្រយ៉ូងអាក្រូម៉ាទិច ។,មេយ៉ូសជាសំណុំនៃចំណែកកោសិកាពីរដងបន្តបន្ទាប់គ្នាដែលបង្កើតបានជាកោសិកាអាលូអុីតបួន ហៅថាមេយ៉ូស ។ _តេឡូផាស1 _ប្រផាស1  _អាណាផាស1 _មេតាផាស2  _ប្រូដាស2,10,5,2,0.5,0.479248046875,2,5,0,0
149,តើអាណាចក្រភ្នំមានព្រំប្រទល់ជាប់ប្រទេសណាខ្លះ?,អាណាចក្រភ្នំមានព្រំប្រទល់ជាប់ប្រទេសដូចជា -ខាងជើងជាប់ចិន -ខាងត្បូងជាឈូងសមុទ្រខ្មែរ -ខាងកើតជាប់រដ្ឋចម្ប៉ា -ខាងលិចជាប់រដ្ធមនឬភូមា។,អាណាចក្រភ្នំមានព្រំប្រទល់ជាប់ប្រទេសដូចជា -ខាងជើងជាប់ចិន -ខាងត្បូងជាឈូងសមុទ្រខ្មែរ -ខាងកើតជាប់រដ្ឋចម្ប៉ា -ខាងលិចជាប់រដ្ឋមនឬភូមា។,6,6,4,1.0,0.9853515625,4,6,0,0
150,តើប្រព័ន្ធផលិតកម្មកសិកម្មនៅក្នុងប្រទេសកម្ពុជាមានអ្វីខ្លះ?ចូររៀបរាប់​ ។,ប្រព័ន្ធផលិតកម្មកសិកម្មនៅប្រទេសកម្ពុជាមាន៖    _ ដំណាំ : ដំណាំស្រូវ ដំណាំកៅស៊ូ ដំណាំផ្សេងៗទៀត    _ ការចិញ្ចឹមសត្វ : ការចិញ្ចឹមសត្វលើគោក ការចិញ្ចឹមសត្វក្នុងទឹក    _ ការនេសាទ : ការនេសាទទឹកសាប ការនេសាទទឹកប្រៃ  _ ព្រៃឈើ : ផលិតផលឈើ អនុផលព្រៃឈើ(រកឃ្មុំ ជ័រទឹក វល្លិ៍ ផ្តៅ) សត្វព្រៃ ។,ប្រព័ន្ធផលិតកម្មកសិកម្មនៅប្រទេសកម្ពុជាមាន៖    _ ដំណាំ : ដំណាំស្រូវ ដំណាំកៅស៊ូ ដំណាំផ្សេងៗទៀត    _ ការចិញ្ចឹមសត្វ : ការចិញ្ចឹមសត្វលើគោក ការចិញ្ចឹមសត្វក្នុងទឹក    _ ការនេសាទ : ការនេសាទទឹកសាប ការនេសាទទឹកប្រៃ  _ ព្រៃឈើ : ផលិតផលឈើ អនុផលព្រៃឈើ(រកឃ្មុំ ជ័រទឹក វល្លិ៍ ផ្តៅ) សត្វព្រៃ ។,10,10,4,1.0,0.94140625,4,9,0,1
151,តើកត្តាអ្វីខ្លះដែលធ្វើអោយសម័យអង្គររីកចម្រើនដល់កំពូល?​ ចូលរៀបរាប់។,កត្តាដែលធ្វើអោយសម័យអង្គររីកចម្រើនគឺ: កត្តាព្រះរាជា:ព្រះរាជាចាប់ពីព្រះបាទជ័យវរ្ម័នទី 2 រហូតដល់ព្រះបាទជ័យវរ្ម័នទី 7 សុទ្ធតែជាស្ដេចខ្លាំងពូកែ កត្តានយោបាយ: នយោបាយក្នុងប្រទេសបង្រួបបង្រួមជាតិកសាងនិងការពារទឹកដី នយោបាយក្រៅប្រទេស:ចងសម្ព័ន្ធមិត្តជាមួយប្រទេសធំៗវាយយករដ្ឋតូចដាក់ជាចំណុះ កត្តាសេដ្ឋកិច្ច:រីកចម្រើនលើវិស័យកសិកម្មសិប្បកម្មគណនាគម កត្តាសាសនា:ការឯកភាពគ្នារវាងសាសនាព្រាហ្មនិងព្រះពុទ្ធ កត្តាធនធានមនុស្សបន្សល់ទុកតាំងពីសម័យនគរភ្នំនិងចេនឡាមក។,កត្តាដែលធ្វើអោយសម័យអង្គររីកចម្រើនគឺ: កត្តាព្រះរាជា:ព្រះរាជាចាប់ពីព្រះបាទជ័យវរ្ម័នទី 2 រហូតដល់ព្រះបាទជ័យវរ្ម័នទី 7 សុទ្ធសឹងតែជាស្ដេចខ្លាំងពូកែ កត្តានយោបាយ: នយោបាយក្នុងប្រទេសបង្រួបបង្រួមជាតិកសាងនិងការពារទឹកដី នយោបាយក្រៅប្រទេស:ចងសម្ព័ន្ធមិត្តជាមួយប្រទេសធំៗវាយយករដ្ឋតូចដាក់ជាចំណុះ កត្តាសេដ្ឋកិច្ច:រីកចម្រើនលើវិស័យកសិកម្មសិប្បកម្មគណនាគមន៍ កត្តាសាសនា:ការឯកភាពគ្នារវាងសាសនាព្រាហ្មនិងព្រះពុទ្ធ កត្តាធនធាន:មនុស្សបន្សល់ទុកតាំងពីសម័យនគរភ្នំនិងចេនឡាមក។,10,10,4,1.0,0.98486328125,4,10,0,0
152,បុព្វហេតុអ្វីខ្លះដែលនាំឲ្យអាណាចក្រចេនឡាបែកបាក់ជាពីរគឺអាណាចក្រចេនឡាដីគោកនិងចេនឡាទឹកលិច?,បុព្វហេតុដែលនាំហើយអាណាចក្រចេនឡាបែកជាពីរគឺ -វិសាលភាពទឹកដីធំទូលាយ -ចម្បាំងអត់ឈប់ឈរ -សមន្ដរដ្ឋបះបោរចង់ផ្ដាច់ខ្លួន -វិបត្តិផ្ទៃក្នុង -ព្រះនាងជ័យទេវីគ្មានសមត្ថភាពគ្រប់គ្រង។,បុព្វហេតុដែលនាំហើយអាណាចក្រចេនឡាបែកជាពីរគឺ -វិសាលភាពទឹកដីធំទូលាយ -ចម្បាំងអត់ឈប់ឈរ -សមន្ដរដ្ឋបះបោរចង់ផ្ដាច់ខ្លួន -វិបត្តិផ្ទៃក្នុង -ព្រះនាងជ័យទេវីគ្មានសមត្ថភាពគ្រប់គ្រង។,7,7,4,1.0,0.98779296875,4,7,0,0
153,តើថ្ងៃរំដោះ៧មករា១៩៧៩ មានអត្ថន័យយ៉ាងណាខ្លះចំពោះប្រវត្តិសាស្ត្រកម្ពុជា?,ថ្ងៃរំដោះ 7 មករា 1979 មានអត្ថន័យជាប្រវត្តិសាស្រ្តដូចជា÷ -ជាថ្ងៃដែលប្រជាជនរួចផុតពីរបបប្រល័យពូជសាសន៍ -ជាថ្ងៃដែលរបបកម្ពុជាប្រជាធិបតេយ្យដួលរលំ -ជាថ្ងៃកំណើតទី 2 របស់ប្រជាជនខ្មែរ -ជាថ្ងៃដែលកងទ័ពរណសិរ្យសាមគ្គីនិងកងទ័ពរំដោះប្រជាជន បានរំដោះប្រជាជនចេញពីរបបប្រល័យពូជសាស្ត្រកម្ពុជា។,ថ្ងៃរំដោះ 7 មករា 1979 មានអត្ថន័យ÷ -ជាថ្ងៃដែលប្រជាជនរួចផុតពីការសម្លាប់រង្គាលនៃរបបលទ្ធិប្រជាធិបតេយ្យ -ជាថ្ងៃកំណើតទី 2 របស់ពលរដ្ឋកម្ពុជាដែលបានរួចផុតពីរបបប្រល័យពូជសាសន៍ -បាននាំមកនូវប្រជាជនវិញនូវសិទ្ធិសេរីភាពទាំងអស់ -ការរស់រានឡើងវិញនូវវប្បធម៌ជាតិមានដូចជាជំនឿ សាសនា ប្រពៃណី សិល្បៈ  -ស្ដារនិងកសាងប្រទេសឡើងវិញតាមឆន្ទះនិងគោលបំណងប្រជាជន -ជាថ្ងៃនៃការស្ដាមុខមាត់ប្រទេសកម្ពុជាឡើងវិញ,8,8,4,1.0,0.94091796875,4,8,0,0
154,តើកម្ពុជាមានបេតិកភណ្ឌអ្វីខ្លះ ដែលបានចុះបញ្ជីបេតិកភណ្ឌរូបី និង អរូបីពិភពលោករបស់អង្គការយូ ណេស្កូ? ចូររៀបរាប់ឲ្យបានប្រាំ។,បេតិកភណ្ឌរូបិយនិងអរូបិយមានដូចជា -ប្រាសាទព្រះវិហារ -ប្រាសាទអង្គវត្ត -ប្រាសាតសម្បូរព្រៃគុក -ប្រាសាទកោះកេរ្ត៍ -របាំព្រះរាជទ្រព្យ -ល្ខោនខោល -ល្បែងប្រជាប្រិយ។,+បេតិកភណ្ឌរូបី -ប្រាសាទព្រះវិហារ -ប្រាសាទសប្បូរព្រៃគុក -ប្រាសាទបាយ័ន -ប្រាសាទកោះកេរ្ត៍ -ចាបុីដងវែង។ +បេតិកភណ្ឌអរូបី -ល្ខោនស្បែកតូចស្បែកធំ -ល្ខោនខោល -ព្រះរាជទ្រព្យ,5,5,4,1.0,0.9736328125,4,5,0,0
155,តើគេចែកយុគសម័យបុរេប្រវត្តិសាស្ត្រកម្ពុជាជាប៉ុន្មានយុគសម័យ?អ្វីខ្លះ?,គេចែកយុគសម័យបុរេប្រវត្តិសាស្ត្រកម្ពុជាជាបីយុគសម័យគឺ -យុគថ្មបំបែក (600000 - 12000 ឆ្នាំមុនគ.ស) -យុគថ្មរលីងឬសំលៀង (8000 - 2000 ឆ្នាំមុនគ.ស) -យុគលោហៈ(2000-100 ឆ្នាំមុនគ.ស)។,គេចែកយុគសម័យបុរេប្រវត្តិសាស្ត្រកម្ពុជាជាបីយុគសម័យគឺ -យុគថ្មបំបែក -យុគថ្មរលីងឬសំលៀង -យុគលោហៈ។,5,3,2,0.6,0.59228515625,2,3,0,0
156,តើសង្គមខ្មែរនៅសម័យអង្គរមានប៉ុន្មានវណ្ណៈ? វណ្ណៈអ្វីខ្លះ? ចូលរៀបរាប់។,សង្គមខ្មែរនៅសម័យអង្គរមានប្រាំវណ្ណៈគឺ -វណ្ណៈក្សត្រឬរាជវង្សនុវង្ស (ជាស្ដេចគ្រប់គ្រងប្រទេស -វណ្ណៈមន្ត្រី (អ្នករស់នៅក្នុងរាជវាំងបម្រើស្ដេច) -វណ្ណៈព្រាហ្ម៍ឬបុព្វជិត​(គឺជាអ្នកបួស) -វណ្ណៈអ្នកជាឬកសិករ (អ្នករស់នៅនឹងធ្វើស្រែចម្ការ) -វណ្ណៈអ្នកងារឬទាសករ(ទាសករបម្រើគេតកូនតចៅ)។,សង្គមខ្មែរនៅសម័យអង្គរមានប្រាំវណ្ណៈគឺ -វណ្ណៈក្សត្រឬរាជវង្សនុវង្ស: មានបុព្វសិទ្ធណាស់គ្មានការបង់ពន្ធ មានអំណាចគ្រប់គ្រាន់រស់នៅដោយស្រួលមិនចាំបាច់ធ្វើការងារ និងមិននឿយហត់ទេ -វណ្ណៈមន្ត្រី: ជាអ្នកដែលធ្វើការក្នុងវាំងនិងបម្រើព្រះរាជានិងមានសិទ្ធិអំណាចគ្រប់គ្រងលើការងារផ្សេងៗជំនួសព្រះរាជា។ -វណ្ណៈអ្នកបួសឬបុព្វជិត​: មានពួកប៉ាន់ឃាប ព្រាហ្ម៍បុរោហិត ជូគូនិងប៉ាវីស៊ី។ -វណ្ណៈអ្នកជា:ពួកមានឋន្តរនាមជាពួកឈ្មួញសិប្បករ កសិករនិងប្រជារាស្រ្ដសាមញ្ញ -វណ្ណៈអ្នកងារឬទាសករ:ពួកនេះជាអ្នកបម្រើគេអស់មួយជីវិតតកូនតចៅ។ភាគច្រើនពួកគេធ្វើការងារដូចជាសង់ប្រាសាទនិងបម្រើការងារក្នុងផ្ទះពួកអ្នកមាន។គេអាចលោះពួកនេះបានដោយប្រើសត្វពាហនទាំងពួង។,10,10,4,1.0,0.9794921875,4,10,0,0
157,បុព្វហេតុអ្វីខ្លះដែលនាំឲ្យអាណាចក្រចេនឡាបែកបាក់ជាពីរគឺអាណាចក្រចេនឡាដីគោកនិងចេនឡាទឹកលិច?,បុព្វហេតុដែលនាំហើយអាណាចក្រចេនឡាបែកជាពីរគឺ -វិសាលភាពទឹកដីធំទូលាយ -ចម្បាំងអត់ឈប់ឈរ -សមន្ដរដ្ឋបះបោរចង់ផ្ដាច់ខ្លួន -វិបត្តិផ្ទៃក្នុង -ព្រះនាងជ័យទេវីគ្មានសមត្ថភាពគ្រប់គ្រង។,បុព្វហេតុដែលនាំហើយអាណាចក្រចេនឡាបែកជាពីរគឺ -វិសាលភាពទឹកដីធំទូលាយ -ចម្បាំងអត់ឈប់ឈរ -សមន្ដរដ្ឋបះបោរចង់ផ្ដាច់ខ្លួន -វិបត្តិផ្ទៃក្នុង -ព្រះនាងជ័យទេវីគ្មានសមត្ថភាពគ្រប់គ្រង។,7,7,4,1.0,0.98779296875,4,7,0,0
158,តើប្រព័ន្ធផលិតកម្មកសិកម្មនៅក្នុងប្រទេសកម្ពុជាមានអ្វីខ្លះ?ចូររៀបរាប់​ ។,ប្រព័ន្ធផលិតកម្មកសិកម្មនៅប្រទេសកម្ពុជាមាន៖    _ ដំណាំ : ដំណាំស្រូវ ដំណាំកៅស៊ូ ដំណាំផ្សេងៗទៀត    _ ការចិញ្ចឹមសត្វ : ការចិញ្ចឹមសត្វលើគោក ការចិញ្ចឹមសត្វក្នុងទឹក    _ ការនេសាទ : ការនេសាទទឹកសាប ការនេសាទទឹកប្រៃ  _ ព្រៃឈើ : ផលិតផលឈើ អនុផលព្រៃឈើ(រកឃ្មុំ ជ័រទឹក វល្លិ៍ ផ្តៅ) សត្វព្រៃ ។,ប្រព័ន្ធផលិតកម្មកសិកម្មនៅកម្ពុជាមានដូចជា ៖ _ ប្រព័ន្ធឧស្សាហកម្ម _ ប្រព័ន្ធពាណិជ្ជកម្ម _ ប្រព័ន្ធនាំចេញ និងនាំចូល _ ប្រព័ន្ធដឹកជញ្ជូន _ ប្រព័ន្ធផលិតកម្មក្រៅប្រទេស _ ប្រព័ន្ធផលិតកម្មក្នុងស្រុក _ ប្រព័ន្ធផលិតលក់ និងទំនិញ ។,10,2,1,0.2,0.093017578125,0,1,1,1
159,ចូររៀបរាប់អំពីទំនាក់ទំនងរវាងការដាំដុះអាជីវកម្មព្រៃឈើនិងនេសាទ។,ទំនាក់ទំនងរវាង ការដាំដុះអាជីវកម្មព្រៃឈើ និងការនេសាទ៖  _ ការដាំដុះអាជីវកម្មព្រៃឈើ និងការនេសាទ ជាភោគទ្រព្យយ៉ាងសំខាន់សម្រាប់ប្រជាជនក្នុងការទ្រទ្រង់ក្នុងជីវភាពរស់នៅនិងការអភិវឌ្ឍន៍ប្រទេសជាតិ   _ ដើម្បីបំពេញតម្រូវការក្នុងកសិកម្មផលិតកម្មនិងត្រូវការផ្សេងៗ មនុស្សនាំគ្នាកាប់ព្រៃឈើដើម្បីធ្វើអាជីវកម្មព្រៃឈើជាមូលហេតុធ្វើឲ្យអាកាសធាតុប្រែប្រួលប៉ះពាល់ដល់ជីវិតមនុស្ស សត្វ និងរុក្ខជាតិ  ​ _ អតិផលនៃប្រព័ន្ធកសិកម្ម នាំឲ្យមានកំណើននៃការប្រើប្រាស់គីមីនិងថ្នាំសម្លាប់សត្វល្អិត។ ជីគីមី និងថ្នាំសម្លាប់សត្វល្អិត ទាំងនោះហូរទៅផ្ដុំគ្នានៅតាមផ្លូវទឹកនានា បំផ្លាញជីវិតសត្វនិងពូជធម្មជាតិ។,រៀបរាប់ពីទំនាក់ទំនងរវាងការដាំដុះអាជីវកម្មព្រៃឈើនិងការនេសាទការដាំដុះអាជីវកម្មព្រៃឈើនិងការនេសាទ -ជាផលពិតទ្រព្យដែលមានសារៈសំខាន់សម្រាប់ទ្រទ្រង់ជីវិតមនុស្សនៅក្នុងជីវភាពរស់នៅនិងអភិវឌ្ឍប្រទេសជាតិ -កម្រផ្នែកកសិកម្មនិងផ្នែកផ្សេងផ្សេងទៀតជាតម្រូវ ការរបស់មនុស្សរាប់រយនៅក្នុងការផលិតការធ្វើ អាជីវកម្មដល់បណ្តាលឲ្យមានការប្រើប្រាស់ថ្នាំសម្លាប់សត្វល្អិតជីគីមីថ្នាំសម្លាប់សត្វល្អិតនិងជីគីមីបានហូបនាំមក កុំគ្នាទៅតាមទឹកនានាដែលអាច ដែលអាចសម្លាប់ជីវិតនាំពស់ឋិតនៅប្រាសាទ មច្ឆាជាតិ។,15,3,1,0.2,0.157470703125,1,2,0,1
160,ចូររៀបរាប់អំពីទំនាក់ទំនងរវាងការដាំដុះអាជីវកម្មព្រៃឈើនិងនេសាទ។,ទំនាក់ទំនងរវាង ការដាំដុះអាជីវកម្មព្រៃឈើ និងការនេសាទ៖  _ ការដាំដុះអាជីវកម្មព្រៃឈើ និងការនេសាទ ជាភោគទ្រព្យយ៉ាងសំខាន់សម្រាប់ប្រជាជនក្នុងការទ្រទ្រង់ក្នុងជីវភាពរស់នៅនិងការអភិវឌ្ឍន៍ប្រទេសជាតិ   _ ដើម្បីបំពេញតម្រូវការក្នុងកសិកម្មផលិតកម្មនិងត្រូវការផ្សេងៗ មនុស្សនាំគ្នាកាប់ព្រៃឈើដើម្បីធ្វើអាជីវកម្មព្រៃឈើជាមូលហេតុធ្វើឲ្យអាកាសធាតុប្រែប្រួលប៉ះពាល់ដល់ជីវិតមនុស្ស សត្វ និងរុក្ខជាតិ  ​ _ អតិផលនៃប្រព័ន្ធកសិកម្ម នាំឲ្យមានកំណើននៃការប្រើប្រាស់គីមីនិងថ្នាំសម្លាប់សត្វល្អិត។ ជីគីមី និងថ្នាំសម្លាប់សត្វល្អិត ទាំងនោះហូរទៅផ្ដុំគ្នានៅតាមផ្លូវទឹកនានា បំផ្លាញជីវិតសត្វនិងពូជធម្មជាតិ។,រៀបរាប់ពីទំនាក់ទំនងរវាងការដាំដុះ ការចិញ្ចឹមសត្វ និងការនេសាទ៖ -ការដាំដុះគឺជាការដាំដុះនូវដំណាំផ្សេងផ្សេងដូចជាស្រូវបន្លែជាច្រើនការដាំដុះនេះ ភាគច្រើនគេដាំវានៅតាមជនបទដើម្បីយកទៅលក់នៅទីផ្សារដើម្បីយកប្រាក់មកដោះដូរជីវភាព ប្រជាជនខ្លះដាំដុះនេះដើម្បីទុកបរិភោគខ្លួនឯងដោយកាត់បន្ថយទៅលើការចំណាយហើយការដាំដុះនេះ សារៈសំខាន់ចំពោះជាតិផងដែរការដាំដុះនេះអាចនាំចេញទៅក្រៅស្រុកបាន ផងដែរ អ្នកខ្លះទៀតយកការដាំដុះនេះជាមុខរបរនាំយកទៅទីក្រុងដើម្បីលក់ដូរ។ -អាជីវកម្មព្រៃឈើប្រជាជនមួយបានយកការកាប់ព្រៃឈើធ្វើជាអាជីវកម្មដើម្បីចិញ្ចឹមជីវិតហើយអាជីវកម្ម នេះមួយចំនួនអាចយកធ្វើជាអុសធ្យូងផ្ទះគ្រែកៅអីជាដើមគឺទាំងអស់នេះ ក៏ជាការសំខាន់ដែរដើម្បីយកទៅលក់ដូរដើម្បីដោះដូរជីវភាពបានប៉ុន្តែការធ្វើអាជីវកម្មព្រៃឈើនេះក៏អាចបង្កដល់អំពើខុសច្បាប់ដែរហើយអាចមានសំឡេងរំខានដល់អ្នកដទៃផងដែរ។ -ការនេសាទក៏អាចដោះដូរជីវភាពបានតែប្រជាជនមួយចំនួនបានយកការនេសាទនេះ ចិញ្ចឹមជីវិតនិងគ្រួសារការនេសាទឬមានច្រើនបែបណាដូចជាការនេសាទត្រីការនេសាទសត្វ ការនេសាទនៅសមុទ្រជាដើម។,15,5,1,0.3333333333333333,0.345458984375,1,5,0,0
161,តើសង្គមខ្មែរនៅសម័យអង្គរមានប៉ុន្មានវណ្ណៈ? វណ្ណៈអ្វីខ្លះ? ចូលរៀបរាប់។,សង្គមខ្មែរនៅសម័យអង្គរមានប្រាំវណ្ណៈគឺ -វណ្ណៈក្សត្រឬរាជវង្សនុវង្ស (ជាស្ដេចគ្រប់គ្រងប្រទេស -វណ្ណៈមន្ត្រី (អ្នករស់នៅក្នុងរាជវាំងបម្រើស្ដេច) -វណ្ណៈព្រាហ្ម៍ឬបុព្វជិត​(គឺជាអ្នកបួស) -វណ្ណៈអ្នកជាឬកសិករ (អ្នករស់នៅនឹងធ្វើស្រែចម្ការ) -វណ្ណៈអ្នកងារឬទាសករ(ទាសករបម្រើគេតកូនតចៅ)។,សង្គមខ្មែរនៅសម័យអង្គរមានប្រាំវណ្ណៈគឺ -វណ្ណៈក្សត្រឬរាជវង្សនុវង្សជាអ្នកធំជាងគេដែលមាននាទីគ្រប់គ្រងរដ្ឋឬបញ្ជាកងទ័ព  -វណ្ណៈមន្ត្រីមានសិទ្ធិក្នុងការកាត់ទោសឬកាត់ច្បាប់នីមួយៗ -វណ្ណៈព្រាហ្ម៍ឬបុព្វជិត​អ្នកកាន់ធម៍ឬអ្នកយល់ដឹង -វណ្ណៈអ្នកជាឬកសិករ ជាមនុស្សដែលគ្មានឋានអ្វីឡើយឬហៅជាប្រជាជន -វណ្ណៈអ្នកងារឬទាសករទាសករបម្រើព្រះរាជាឬមន្រ្ដីរាជការ។,10,10,4,1.0,0.97509765625,4,10,0,0
162,តើអាណាចក្រភ្នំមានព្រំប្រទល់ជាប់ប្រទេសណាខ្លះ?,អាណាចក្រភ្នំមានព្រំប្រទល់ជាប់ប្រទេសដូចជា -ខាងជើងជាប់ចិន -ខាងត្បូងជាឈូងសមុទ្រខ្មែរ -ខាងកើតជាប់រដ្ឋចម្ប៉ា -ខាងលិចជាប់រដ្ធមនឬភូមា។,អាណាចក្រភ្នំមានព្រំប្រទល់ខាងជើងជាប់នឹងប្រទេសចិន(រដ្ឋណានឆាវនិងតុងតឹង)ខាងកើតជាប់រដ្ឋចម្ប៉ា(ឈូងសមុទ្រចិន)និងខាងត្បូងជាប់និងឈូងសមុទ្រខ្មែរ(នគរភ្នំ)និងខាងលិចជាប់រដ្ឋមនឬភូមា។,6,6,4,1.0,0.984375,4,6,0,0
163,តើសេដ្ឋកិច្ចកម្ពុជាពឹងផ្អែកលើវិស័យអ្វីជាសំខាន់?     ក/ ហេតុអ្វីបានជាគេនិយាយថាកម្ពុជាជាប្រទេសកសិកម្ម?     ខ/ តើគេចែកកសិករជាប៉ុន្មានប្រភេទ?អ្វីខ្លះ?,សេដ្ឋកិច្ចកម្ពុជាពឹងផ្អែកលើវិស័យកសិកម្មជាសំខាន់។   ក/ បានជាគេនិយាយថាកម្ពុជាជាប្រទេសឧស្សាហកម្មព្រោះ៖  _  សណ្ឋានដី : ដីមានជីវជាតិល្អនិងសម្បូរទំនាបល្បាប់   _ ផ្លូវទឹក : ផ្លូវទឹកខ្វាត់ខ្វែងងាយស្រួលដល់ការដាំដុះ  _ ប្រជាជន : ប្រជាជនខ្មែរភាគច្រើនចូលចិត្តធ្វើកសិកម្ម  _ អាកាសធាតុ : ទទួលអាកាសធាតុក្តៅសើម  _ កសិកម្មផ្តល់ផល50%នៃផលិតផលជាតិសរុប។  ខ/ គេចែកកសិករទាំងនោះជា4ប្រភេទគឺ៖  _ កសិករធ្វើស្រែឬអ្នកស្រែ : និយមធ្វើស្រែ ស្រូវប្រាំង ស្រូវវស្សា ស្រូវឡើងទឹក  _ កសិករតំបន់ដីខ្ពស់ : គេដាំដំណាំជាអចិន្ត្រៃយ៍(ពោត ដំឡូង ចេក កៅស៊ូសណ្តែក)  _ កសិករធ្វើចម្ការដំណាំស្រូវ : គេដាំដំណាំតាមមាត់ទន្លេ ចិញ្ចឹមសត្វនិងនេសាទ  _ កសិករភូមិភាគឦសាន: គេធ្វើដំណាំព្រៃដុតមានដូចជាពោត ដំឡូង ស្រូវរុក្ខជាតិយកមើមដទៃទៀត និងបរបាញ់សត្វផងដែរ។,សេដ្ឋកិច្ចកម្ពុជាពឹងផ្អែកលើវិស័យកសិកម្មសំខាន់ៗចំនួន ៥ រួមមាន៖  • វិស័យឧស្សាហកម្ម  • វិស័យកសិកម្ម  • វិស័យពាណិជ្ជកម្ម  • វិស័យទេសចរណ៍  • វិស័យអប់រំរដ្ឋបាល ។ ក. បានជាគេនិយាយថា កម្ពុជាជាប្រទេសកសិកម្មព្រោះ៖  • ប្រទេសកម្ពុជាមានផ្ទៃដីដាំដុះធ្វើកសិកម្ម  • ប្រជាជនភាគច្រើនជាកសិករ  • ប្រទេសកម្ពុជាសំបូរដីមានជីជាតិសម្រាប់ធ្វើកសិកម្ម រួមមានដីល្បាប់ និងដីកសិកម្ម  • ការចិញ្ចឹមសត្វ និងការនេសាទ  • មានធនធានទឹកសាប  • និងមានដីទំនាប និងខ្ពង់រាបសម្រាប់ឱ្យប្រជាជនធ្វើកសិកម្ម ។ ខ. ភូមិភាគកសិកម្មទាំង ៤ រួមមាន៖  • កសិកម្មភូមិភាគជុំវិញបឹងទន្លេសាប៖ ធ្វើកសិកម្មរកប្រាក់ចំណូល និងចិញ្ចឹមសត្វ និងនេសាទព្រមទាំងមានផ្ទៃដីធំទូលាយ ទឹកសំបូរ ភាគច្រើនគេដាំស្រូវនៅតំបន់ទំនាប។  • កសិកម្មនៅតំបន់ខ្ពង់រាប៖ ជាប្រភេទដីដែលស្ថិតនៅតាមតំបន់ភ្នំ ខ្ពង់រាបសម្រាប់ដាំដំណាំកៅស៊ូ ហើយប្រជាជនមានវិសាលភាពប្រាក់ចំណូលក្នុងតំបន់ទំនាបដែរ។  • កសិកម្មភូមិភាគមាត់សមុទ្រ៖ ជាប្រភពដាំដុះរបស់ប្រជាជនកសិករ  • កសិកម្មភូមិភាគកណ្តាល៖ ជាកសិករ,20,15,3,0.75,0.67578125,3,14,0,1
164,ដូចម្តេចដែលហៅថាមេយ៉ូស? ចូរនិយាយពីវគ្គផ្សេងៗនៃមេយ៉ូស។,មេយ៉ូសជាសំណុំនៃចំណែកកោសិកាពីរដងបន្តបន្ទាប់គ្នាដែលបង្កើតបានជាកោសិកាអាលូអុីតបួន ហៅថាមេយ៉ូស ។ _តេឡូផាស1 ស៊ីតូប្លាសចែកខ្លួនបានជាកោសិកាកូនពីរ ។កោសិកាកូននីមួយៗទទួលបានក្រូម៉ូសូម តែមួយពីរគូអូម៉ូឡូក ។ _ប្រផាស1 មានរយៈពេលវែង ។ _អាណាផាស1 ក្រូម៉ូសូមដំរៀបលើផ្លាស់ភ្ជាប់នឹងក្រយ៉ូងក្រូម៉ាទិចដោយសង់ក្រូងទ័ររបស់វា ។ _តេឡូផាស2 ក្រូម៉ូមនីមួយៗបានមកដល់ប៉ូលភ្នាស _មេតាផាស2 ក្រូម៉ូសូមប្រេះតាមបណ្ដោយភ្ជាប់ខ្លួនទៅនិងក្រយ៉ងក្រូម៉ាទិចដោយសង់ _ប្រូដាស2 ត្តយ៉ងអាក្រូម៉ាទិតកើតមានក្នុងកោសិកាគូនីមួយៗ _អាណាផាស2 សង់ក្រូម៉ែធ្វើចំណែកដែលនាំអោយក្រូម៉ាទិចបងប្អូនដាច់ចេញពីគ្នា ។បន្ទាប់មក ក្រូម៉ូសូមកូនទាំង2ធ្វើដំណើរឆ្ពោះទៅប៉ូលផ្ទុយគ្នារបស់ត្រយ៉ូងអាក្រូម៉ាទិច ។,មេយ៉ូសជាសំណុំនៃចំណែកកោសិកាពីរដងបន្តបន្ទាប់គ្នាដែលបង្កើតបានជាកោសិកាអាលូអុីតបួន ហៅថាមេយ៉ូស ។ _តេឡូផាស1 _ប្រផាស1  _អាណាផាស1 _មេតាផាស2  _ប្រូដាស2,10,5,2,0.5,0.479248046875,2,5,0,0
165,តើកត្តាអ្វីខ្លះដែលធ្វើអោយសម័យអង្គររីកចម្រើនដល់កំពូល?​ ចូលរៀបរាប់។,កត្តាដែលធ្វើអោយសម័យអង្គររីកចម្រើនគឺ: កត្តាព្រះរាជា:ព្រះរាជាចាប់ពីព្រះបាទជ័យវរ្ម័នទី 2 រហូតដល់ព្រះបាទជ័យវរ្ម័នទី 7 សុទ្ធតែជាស្ដេចខ្លាំងពូកែ កត្តានយោបាយ: នយោបាយក្នុងប្រទេសបង្រួបបង្រួមជាតិកសាងនិងការពារទឹកដី នយោបាយក្រៅប្រទេស:ចងសម្ព័ន្ធមិត្តជាមួយប្រទេសធំៗវាយយករដ្ឋតូចដាក់ជាចំណុះ កត្តាសេដ្ឋកិច្ច:រីកចម្រើនលើវិស័យកសិកម្មសិប្បកម្មគណនាគម កត្តាសាសនា:ការឯកភាពគ្នារវាងសាសនាព្រាហ្មនិងព្រះពុទ្ធ កត្តាធនធានមនុស្សបន្សល់ទុកតាំងពីសម័យនគរភ្នំនិងចេនឡាមក។,កត្តាដែលធ្វើអោយសម័យអង្គររីកចម្រើនគឺ: កត្តាព្រះរាជា:ព្រះរាជាចាប់ពីព្រះបាទជ័យវរ្ម័នទី 2 រហូតដល់ព្រះបាទជ័យវរ្ម័នទី 7 សុទ្ធសឹងតែជាស្ដេចខ្លាំងពូកែ,10,3,1,0.3,0.31591796875,1,3,0,0
166,ដូចម្តេចដែលហៅថាមេយ៉ូស? ចូរនិយាយពីវគ្គផ្សេងៗនៃមេយ៉ូស។,មេយ៉ូសជាសំណុំនៃចំណែកកោសិកាពីរដងបន្តបន្ទាប់គ្នាដែលបង្កើតបានជាកោសិកាអាលូអុីតបួន ហៅថាមេយ៉ូស ។ _តេឡូផាស1 ស៊ីតូប្លាសចែកខ្លួនបានជាកោសិកាកូនពីរ ។កោសិកាកូននីមួយៗទទួលបានក្រូម៉ូសូម តែមួយពីរគូអូម៉ូឡូក ។ _ប្រផាស1 មានរយៈពេលវែង ។ _អាណាផាស1 ក្រូម៉ូសូមដំរៀបលើផ្លាស់ភ្ជាប់នឹងក្រយ៉ូងក្រូម៉ាទិចដោយសង់ក្រូងទ័ររបស់វា ។ _តេឡូផាស2 ក្រូម៉ូមនីមួយៗបានមកដល់ប៉ូលភ្នាស _មេតាផាស2 ក្រូម៉ូសូមប្រេះតាមបណ្ដោយភ្ជាប់ខ្លួនទៅនិងក្រយ៉ងក្រូម៉ាទិចដោយសង់ _ប្រូដាស2 ត្តយ៉ងអាក្រូម៉ាទិតកើតមានក្នុងកោសិកាគូនីមួយៗ _អាណាផាស2 សង់ក្រូម៉ែធ្វើចំណែកដែលនាំអោយក្រូម៉ាទិចបងប្អូនដាច់ចេញពីគ្នា ។បន្ទាប់មក ក្រូម៉ូសូមកូនទាំង2ធ្វើដំណើរឆ្ពោះទៅប៉ូលផ្ទុយគ្នារបស់ត្រយ៉ូងអាក្រូម៉ាទិច ។,មេយ៉ូសជាសំណុំនៃចំណែកកោសិកាពីរដងបន្តបន្ទាប់គ្នាដែលបង្កើតបានជាកោសិកាអាលូអុីតបួន ហៅថាមេយ៉ូស ។មានបួនវគ្គគឺ ប្រូផាស អាណាផាស មេតាផាស និង តេឡូផាស ។,10,5,2,0.5,0.463623046875,2,5,0,0
167,តើសង្គមខ្មែរនៅសម័យអង្គរមានប៉ុន្មានវណ្ណៈ? វណ្ណៈអ្វីខ្លះ? ចូលរៀបរាប់។,សង្គមខ្មែរនៅសម័យអង្គរមានប្រាំវណ្ណៈគឺ -វណ្ណៈក្សត្រឬរាជវង្សនុវង្ស (ជាស្ដេចគ្រប់គ្រងប្រទេស -វណ្ណៈមន្ត្រី (អ្នករស់នៅក្នុងរាជវាំងបម្រើស្ដេច) -វណ្ណៈព្រាហ្ម៍ឬបុព្វជិត​(គឺជាអ្នកបួស) -វណ្ណៈអ្នកជាឬកសិករ (អ្នករស់នៅនឹងធ្វើស្រែចម្ការ) -វណ្ណៈអ្នកងារឬទាសករ(ទាសករបម្រើគេតកូនតចៅ)។,សង្គមខ្មែរនៅសម័យអង្គរមានប្រាំវណ្ណៈគឺ -វណ្ណៈក្សត្រឬរាជវង្សនុវង្ស (ជាស្ដេចគ្រប់គ្រងប្រទេស -វណ្ណៈមន្ត្រី (អ្នករស់នៅក្នុងរាជវាំងបម្រើស្ដេច) -វណ្ណៈព្រាហ្ម៍ឬបុព្វជិត​(គឺជាអ្នកបួស) -វណ្ណៈអ្នកជាឬកសិករ (អ្នករស់នៅនឹងធ្វើស្រែចម្ការ) -វណ្ណៈអ្នកងារឬទាសករ(ទាសករបម្រើគេតកូនតចៅ)។,10,9,4,0.9,0.9775390625,4,10,0,1
168,ហេតុអ្វីបានជាប្រទេសកម្ពុជាពឹងផ្អែកទៅលើវិស័យកសិកម្ម?,បានជាផ្នែកឯកជនជាកម្លាំងដ៏សំខាន់សម្រាប់កំណើនសេដ្ឋកិច្ចកម្ពុជាព្រោះ -កម្ពុជាបានអនុវត្តសេដ្ឋកិច្ចទីផ្សារសេរីដោយបានធ្វើកំណែទម្រង់ពីសហគ្រាសរដ្ឋឲ្យក្លាយទៅជាកម្មសិទ្ធិឯកជន -សេដ្ឋកិច្ចទីផ្សារសេរីនាំឲ្យអ្នករកស៊ីចូលចិត្តមករកស៊ីនិងដាក់វិនិយោគទុន -កាលណាភ្នែកឯកជនរឹងមាំអាចជួយបំពេញបន្ថែមលើវិនិយោគសាធារណៈក្នុងវិស័យសេដ្ឋកិច្ចគឺផ្នែកឯកជនអាចស្រូបយកកម្លាំងពលកម្មកើនឡើង។,បានជាផ្នែកឯកជនជាកម្លាំងដ៏សំខាន់សម្រាប់ការវិនិយោគមានកំណើនសេដ្ឋកិច្ចក្នុងមានហេតុផលមួយចំនួនដូចខាងក្រោម។ផ្នែកឯកជនមានការគាំទ្រដោយរដ្ឋាភិបាលធ្វើឲ្យប្រជាជនធ្វើការទាំងអស់ឲ្យអស់ពីកម្លាំងកាយចិត្តនិងអ្វីដែលបានចេះមានការតាំងចិត្តរឹងមាំធ្វើការងារដោយចិត្តប្រយ័ត្នប្រយែងគោរពពេលវេលាបានច្បាស់លាស់។,15,5,1,0.3333333333333333,0.314453125,1,5,0,0
169,តើសង្គមខ្មែរនៅសម័យអង្គរមានប៉ុន្មានវណ្ណៈ? វណ្ណៈអ្វីខ្លះ? ចូលរៀបរាប់។,សង្គមខ្មែរនៅសម័យអង្គរមានប្រាំវណ្ណៈគឺ -វណ្ណៈក្សត្រឬរាជវង្សនុវង្ស (ជាស្ដេចគ្រប់គ្រងប្រទេស -វណ្ណៈមន្ត្រី (អ្នករស់នៅក្នុងរាជវាំងបម្រើស្ដេច) -វណ្ណៈព្រាហ្ម៍ឬបុព្វជិត​(គឺជាអ្នកបួស) -វណ្ណៈអ្នកជាឬកសិករ (អ្នករស់នៅនឹងធ្វើស្រែចម្ការ) -វណ្ណៈអ្នកងារឬទាសករ(ទាសករបម្រើគេតកូនតចៅ)។,សង្គមខ្មែរនៅសម័យអង្គរមានប្រាំវណ្ណៈគឺ -វណ្ណៈក្សត្រឬរាជវង្សនុវង្ស ជាអ្នកគ្រប់គ្រងប្រទេសទាំងមូល  -វណ្ណៈមន្ត្រី ជាអ្នកធ្វើការអោយព្រះមហាក្សត្រ -វណ្ណៈព្រាហ្ម៍ឬបុព្វជិត​គឺជាអ្នកត្រាស់ដឹងអ្នកគោរពសាសនា -វណ្ណៈប្រជាពលរដ្ធទូទៅជាប្រជាជនទូទៅ -វណ្ណៈអ្នកងារឬទាសករជាអ្នកបម្រើព្រះរាជាឬមន្រ្តីរាជការ។,10,10,4,1.0,0.9814453125,4,10,0,0
170,តើឧស្សាហកម្មមានតួនាទីដូចម្ដេចខ្លះចំពោះសេដ្ឋកិច្ចជាតិ?,ឧស្សាហកម្មមាន​តួនាទីចំពោះសេដ្ឋកិច្ចជាតិដូចជា ៖ ​ _ ជួយបង្កើតថវិការជាតិ ​ _ ជួយបង្កើតទិន្នផលជាតិ ​​ _ ជួយឲ្យសេដ្ឋកិច្ចជាតិរីកចម្រើន  _ ប្រជាជនសំបូរធូរធារ  _អភិវឌ្ឍគ្រប់វិស័យ  _ មានទំនាក់ទំនងល្អជាមួយអ្នកជិតខាង  _ មានភាពរុងរឿងនៅក្នុងប្រទេសជាតិ។,ឧស្សាហកម្មមានតួនាទីចំពោះសេដ្ឋកិច្ចជាតិដូចជា -បានផ្តល់ចំណូលក្នុងសេដ្ឋកិច្ចជាតិ -ជួយផ្តល់ការងារសម្រាប់ប្រជាជន -ផ្គត់ផ្គង់ការនាំចេញទៅក្រៅប្រទេស -ផ្គត់ផ្គង់ក្នុងស្រុកបានគ្រប់គ្រាន់ -ជួយកាត់បន្ថយការនាំចូលពីបរទេស -ទាក់ទាញអ្នកវិនិយោគក្នុង និងក្រៅប្រទេស -ជួយដល់ជីវភាពគ្រួសារ -ជួយដោយផ្ទាល់ (ឧស្សាហកម្មកាត់ដេរ វាយនភណ្ឌ សហគ្រាសផលិតស្ករស ជលផល... ជាដើម) -ជួយដោយប្រយោល (ជួយកសិករដែលធ្វើកសិកម្មដូចជា ដាំកៅស៊ូ ដំឡូងមី ស្រូវ ផ្លែឈើ... ជាដើម)។,15,15,4,1.0,0.93603515625,4,14,0,1
171,បុព្វហេតុអ្វីខ្លះដែលនាំឲ្យអាណាចក្រចេនឡាបែកបាក់ជាពីរគឺអាណាចក្រចេនឡាដីគោកនិងចេនឡាទឹកលិច?,បុព្វហេតុដែលនាំហើយអាណាចក្រចេនឡាបែកជាពីរគឺ -វិសាលភាពទឹកដីធំទូលាយ -ចម្បាំងអត់ឈប់ឈរ -សមន្ដរដ្ឋបះបោរចង់ផ្ដាច់ខ្លួន -វិបត្តិផ្ទៃក្នុង -ព្រះនាងជ័យទេវីគ្មានសមត្ថភាពគ្រប់គ្រង។,បុព្វហេតុដែលនាំហើយអាណាចក្រចេនឡាបែកជាពីរគឺ -វិសាលភាពទឹកដីធំទូលាយ -ចម្បាំងអត់ឈប់ឈរ -សមន្ដរដ្ឋបះបោរចង់ផ្ដាច់ខ្លួន -វិបត្តិផ្ទៃក្នុង -ព្រះនាងជ័យទេវីគ្មានសមត្ថភាពគ្រប់គ្រង។,7,7,4,1.0,0.98779296875,4,7,0,0
172,តើឧស្សាហកម្មមានតួនាទីដូចម្ដេចខ្លះចំពោះសេដ្ឋកិច្ចជាតិ?,ឧស្សាហកម្មមាន​តួនាទីចំពោះសេដ្ឋកិច្ចជាតិដូចជា ៖ ​ _ ជួយបង្កើតថវិការជាតិ ​ _ ជួយបង្កើតទិន្នផលជាតិ ​​ _ ជួយឲ្យសេដ្ឋកិច្ចជាតិរីកចម្រើន  _ ប្រជាជនសំបូរធូរធារ  _អភិវឌ្ឍគ្រប់វិស័យ  _ មានទំនាក់ទំនងល្អជាមួយអ្នកជិតខាង  _ មានភាពរុងរឿងនៅក្នុងប្រទេសជាតិ។,ឧស្សាហកម្មមានតួនាទីចំពោះសេដ្ឋកិច្ចជាតិដូចជា ៖ _ ជួយបង្កើនប្រាក់ចំណូលជូនជាតិ23.8% ឆ្នាំ2008 _ បង្កើតការងារជូនប្រជាជន  _ បង្កើតប្រាក់ចំណូលក្នុងគ្រួសារ  _ ប្រជាជនមានជីវភាពធូរធារ _ ជួយរក្សាលំនឹងជញ្ជីងពាណិជ្ជកម្ម  _ ផ្ដល់ផលិតផលសម្រាប់នាំចេញ  _ ផ្ដល់ផលិតផលសម្រាប់ប្រើប្រាស់។,15,15,4,1.0,0.92919921875,4,14,0,1
173,តើប្រព័ន្ធផលិតកម្មកសិកម្មនៅប្រទេសកម្ពុជាមានអ្វីខ្លះ?,ប្រព័ន្ធផលិតកម្មកសិកម្មនៅកម្ពុជាមានដូចជាដំណាំដំណាំស្រូវនិងកៅស៊ូដឹកនាំផ្សេងៗទៀតការចិញ្ចឹមសត្វបានចិញ្ចឹមសត្វលើគោកការចិញ្ចឹមសត្វក្នុងទឹកការនេសាទការនេសាទទឹកសាបការនេសាទទឹកប្រៃ  ព្រៃឈើអនុផលព្រៃឈើរកឃ្មុំជ័រទឹកក្តៅសត្វព្រៃ,ប្រព័ន្ធផលិតកម្មកសិកម្មនៅប្រទេសកម្ពុជាមាន ផលិតកម្មមិនទាន់ស្រេច និងផលិតកម្មប្រយោល៖ +ផលិតកម្មមិនទាន់ស្រេច -ផលិតផលដែលមិនទាន់ច្នៃប្រឌិត -នៅជាវត្ថុដើមនៅឡើយ -មិនទាន់កែច្នៃ -មិនទាន់ប្រើប្រាស់ -ប្រើប្រាស់មិនទាន់បាន -មិនគ្រប់គ្រាន់ +ផលិតផលប្រយោល -ជាប្រភេទអាហារឬផ្លែឈើដែលធ្វើឡើងដោយត្រៀមៗហូបស្រាប់ -ជាការវេចខ្ចប់ -របស់ដែលច្នៃឡើងមក -ជាប្រភេទសម្ភារៈបរិភោគ -បរិភោគដោយការវេចខ្ចប់ -ធ្វើនៅក្រុមហ៊ុនឬរោងចក្រ -មានភាពងាយស្រួល សម្រួលដល់ការដែលធ្វើប្រាស់។,15,2,1,0.13333333333333333,0.163330078125,1,2,0,0
174,តើគេចែកយុគសម័យបុរេប្រវត្តិសាស្ត្រកម្ពុជាជាប៉ុន្មានយុគសម័យ?អ្វីខ្លះ?,គេចែកយុគសម័យបុរេប្រវត្តិសាស្ត្រកម្ពុជាជាបីយុគសម័យគឺ -យុគថ្មបំបែក (600000 - 12000 ឆ្នាំមុនគ.ស) -យុគថ្មរលីងឬសំលៀង (8000 - 2000 ឆ្នាំមុនគ.ស) -យុគលោហៈ(2000-100 ឆ្នាំមុនគ.ស)។,គេចែកយុគសម័យបុរេប្រវត្តិសាស្ត្រកម្ពុជាជាបីយុគសម័យគឺ -យុគថ្មបំបែក (600000 - 12000 ឆ្នាំមុនគ.ស) -យុគថ្មរលីងឬសំលៀង (8000 - 2000 ឆ្នាំមុនគ.ស) -យុគលោហៈ(2000-100 ឆ្នាំមុនគ.ស)។,5,5,4,1.0,0.9912109375,4,5,0,0
175,តើសង្គមខ្មែរនៅសម័យអង្គរមានប៉ុន្មានវណ្ណៈ? វណ្ណៈអ្វីខ្លះ? ចូលរៀបរាប់។,សង្គមខ្មែរនៅសម័យអង្គរមានប្រាំវណ្ណៈគឺ -វណ្ណៈក្សត្រឬរាជវង្សនុវង្ស (ជាស្ដេចគ្រប់គ្រងប្រទេស -វណ្ណៈមន្ត្រី (អ្នករស់នៅក្នុងរាជវាំងបម្រើស្ដេច) -វណ្ណៈព្រាហ្ម៍ឬបុព្វជិត​(គឺជាអ្នកបួស) -វណ្ណៈអ្នកជាឬកសិករ (អ្នករស់នៅនឹងធ្វើស្រែចម្ការ) -វណ្ណៈអ្នកងារឬទាសករ(ទាសករបម្រើគេតកូនតចៅ)។,សង្គមខ្មែរនៅសម័យអង្គរមានប្រាំវណ្ណៈគឺ -វណ្ណៈក្សត្រ -វណ្ណៈមន្ត្រី -វណ្ណៈបុព្វជិត -វណ្ណៈអ្នកជា -វណ្ណៈទាសករ។,10,6,2,0.6,0.51416015625,2,5,0,1
176,តើប្រទេសកម្ពុជាចូលជាសមាជិក សហគមន៍អាសុីអាគ្នេយ៍ទទួលបានផលវិជ្ជមាននិងផលអវិជ្ជមានដូចម្ដេចខ្លះ?,ប្រទេសកម្ពុជាចូលជាសមាជិកសាមាសហគមន៍អាស៊ីអាគ្នេយ៍ទទួលផលវិជ្ជមាននឹងអវិជ្ជមានដូចជា៖ +ផលវិជ្ជមាន៖ -កម្ពុជាលែងឯកោទៅទៀត -បានចូលរួមនៅរាល់ការសម្រេចចិត្តនានាក្នុងតំបន់ -កម្ពុជាបានឈរស្មើមុខមាត់ជាមួយបណ្ដាប្រទេសជាសមាជិកអាស៊ាន -កម្ពុជាមានដៃគូច្រើនទាំងក្នុងតំបន់និងពិភព -កម្ពុជាអាចពង្រីកអនុភាពនិងបង្កើតតួនាទីរបស់ខ្លួនកាន់តែសកម្មភាពដែលក្នុងតំបន់នៃអន្តរជាតិ -កម្ពុជាមានសិទ្ធពេញលេញក្រោមការរៀបចំកិច្ចប្រជុំធំៗក្នុងប្រទេសខ្លួនលក្ខណៈតំបន់និងពិភពលោក -ការលើកលែងទិដ្ឋការ -កម្ពុជាក្លាយជាកន្លែងវិនិយោគដ៏មានសក្តានុពលពាណិជ្ជកម្មរវាងពាណិជ្ជកម្មនិងស្រួលជាងមុនចំពោះទីផ្សារ -សេដ្ឋកិច្ចកម្ពុជាមានកំណើនរៀងរាល់ឆ្នាំ -ប្រជាជនអាចរកការងារធ្វើទាំងក្នុងប្រទេសក្នុងតំបន់និងក្រៅតំបន់ -កំណើនភ្ញៀវទេសចរជាច្រើន +ផលអវិជ្ជមាន៖ -ពាណិជ្ជកម្មសេដ្ឋកិច្ចដំណើរការមិនល្អ -កម្ពុជាបាត់បង់ជំនឿសាសនាប្រពៃណីទំនៀមទម្លាប់,ប្រទេសកម្ពុជាបានចូលជាសមាជិកអាស៊ានសហគមន៍អាស៊ីអាគ្នេយ៍ទទួលបានផលវិជ្ជមាននិងអវិជ្ជមានដូចជា៖ ផលវិជ្ជមាន៖ -កម្ពុជាលែងឯកោទៅទៀត -បានចូលរួមនូវរាល់ការសម្រេចចិត្តនានានៅក្នុងតំបន់កម្ពុជាមានដៃគូច្រើនទាំងក្នុងតំបន់និងពិភពលោក -កម្ពុជាបានឈរស្មើមុខស្មើមាត់ជាមួយបណ្ដាប្រទេសជាសមាជិកអាស៊ាន -កម្ពុជាបានពង្រីកអនុភាពនិងបង្កើតតួនាទីរបស់ខ្លួនកាន់តែសកម្មភាពនៅក្នុងតំបន់និងអន្តរជាតិ -កម្ពុជាមានឱកាសពេញលេញក្នុងការរៀបចំកិច្ចប្រជុំធំៗក្នុងប្រទេសខ្លួនលក្ខណៈតំបន់និងពិភពលោក -ការលើកលែងទិដ្ឋាការ -កម្ពុជាក្លាយជាកន្លែងវិនិយោគដ៏មានសក្តានុពល -ពានិជកម្មនាយស្រួលជាងមុនព្រោះសំបូរទីផ្សារ -សេដ្ឋកិច្ចកម្ពុជាមានកំណើនរករៀងរាល់ឆ្នាំ -ប្រជាជនអាចរកការងារធ្វើ -កំណើនភ្ញៀវទេសចរច្រើន ផលវិជ្ជមាន៖ -ពាណិជ្ជកម្មសេដ្ឋកិច្ចមិនដំណើរការ -កម្ពុជាបាត់បង់ជំនឿសាសនាប្រពៃណីទំនៀមទម្លាប់ -សេដ្ឋកិច្ចធ្លាក់ចុះ។,10,10,4,1.0,0.86962890625,3,9,1,1
177,តើប្រព័ន្ធផលិតកម្មកសិកម្មនៅក្នុងប្រទេសកម្ពុជាមានអ្វីខ្លះ?ចូររៀបរាប់​ ។,ប្រព័ន្ធផលិតកម្មកសិកម្មនៅប្រទេសកម្ពុជាមាន៖    _ ដំណាំ : ដំណាំស្រូវ ដំណាំកៅស៊ូ ដំណាំផ្សេងៗទៀត    _ ការចិញ្ចឹមសត្វ : ការចិញ្ចឹមសត្វលើគោក ការចិញ្ចឹមសត្វក្នុងទឹក    _ ការនេសាទ : ការនេសាទទឹកសាប ការនេសាទទឹកប្រៃ  _ ព្រៃឈើ : ផលិតផលឈើ អនុផលព្រៃឈើ(រកឃ្មុំ ជ័រទឹក វល្លិ៍ ផ្តៅ) សត្វព្រៃ ។,ប្រព័ន្ធផលិតកម្មកសិកម្មនៅប្រទេសកម្ពុជាមានដូចជា៖   _ ប្រព័ន្ធឧស្សាហកម្ម   _ ប្រព័ន្ធកសិកម្ម   _ វិនិយោគ   _ ប្រព័ន្ធពន្ធដារ   _ ប្រព័ន្ធគមនាគមន៍។,10,2,1,0.2,0.10504150390625,0,1,1,1
178,ចូរនិយាយពីកំណកាម៉ែតញី។,ការស្ថិតនៅក្រោមសារពាង្គកាយនៃពងស្វាសមានសារៈសំខាន់ដូចជាដើម្បីរក្សាសីតុណ្ហភាពឲ្យ ទាបជាងសីតុណ្ហភាពក្នុងខ្លួន ប្រហែលពី(2-3)សីតុណ្ហភាពក្នុងខ្លួន37 ។,កំណកាម៉ែតញីដំបូងកោសិកាពូជមួយរួមចំណែកពីរដងបន្តបន្ទាប់គ្នា បានកោសិកាអូវ៉ូកូរី4 ។ អូវ៉ូកូរីនីមួយៗរីកមាឌអាចជាអូវ៉ូស៊ីត1 ។អូវ៉ូស៊ីតមួយរងចំណែកមួយនៃមេយោធាហើយត្រូវបាន ឈប់គាំងនៅវគ្គប្រផ្ដាស1 ។,10,5,2,0.5,0.39453125,2,4,0,1
179,តើកត្តាអ្វីខ្លះដែលធ្វើអោយសម័យអង្គររីកចម្រើនដល់កំពូល?​ ចូលរៀបរាប់។,កត្តាដែលធ្វើអោយសម័យអង្គររីកចម្រើនគឺ: កត្តាព្រះរាជា:ព្រះរាជាចាប់ពីព្រះបាទជ័យវរ្ម័នទី 2 រហូតដល់ព្រះបាទជ័យវរ្ម័នទី 7 សុទ្ធតែជាស្ដេចខ្លាំងពូកែ កត្តានយោបាយ: នយោបាយក្នុងប្រទេសបង្រួបបង្រួមជាតិកសាងនិងការពារទឹកដី នយោបាយក្រៅប្រទេស:ចងសម្ព័ន្ធមិត្តជាមួយប្រទេសធំៗវាយយករដ្ឋតូចដាក់ជាចំណុះ កត្តាសេដ្ឋកិច្ច:រីកចម្រើនលើវិស័យកសិកម្មសិប្បកម្មគណនាគម កត្តាសាសនា:ការឯកភាពគ្នារវាងសាសនាព្រាហ្មនិងព្រះពុទ្ធ កត្តាធនធានមនុស្សបន្សល់ទុកតាំងពីសម័យនគរភ្នំនិងចេនឡាមក។,កត្តាដែលធ្វើអោយសម័យអង្គររីកចម្រើនគឺ: .កត្តាព្រះរាជា:ព្រះរាជាចាប់ពីព្រះបាទជ័យវរ្ម័នទី 2 រហូតដល់ព្រះបាទជ័យវរ្ម័នទី 7 សុទ្ធសឹងតែជាស្ដេចខ្លាំងពូកែ .កត្តានយោបាយ: +នយោបាយក្នុងប្រទេស:បង្រួបបង្រួម​ កសាង និងការពារ។ +នយោបាយក្រៅប្រទេស:ចងសម្ព័ន្ធមិត្តជាមួយប្រទេសធំៗដូចជាចិននិងឥណ្ឌា និងវាយយករដ្ឋតូចដាក់ជាចំណុះ .កត្តាសេដ្ឋកិច្ច:ការរីកចម្រើនលើវិស័យកសិកម្ម សិប្បកម្ម គណនាគមន៍ .កត្តាសាសនា:មានការឯកភាពគ្នារវាងសាសនាព្រាហ្មនិងព្រះពុទ្ធ .កត្តាធនធានមនុស្សបន្សល់ទុកតាំងពីសម័យនគរភ្នំនិងចេនឡាមក។,10,10,4,1.0,0.98486328125,4,10,0,0
180,តើអាណាចក្រភ្នំមានព្រំប្រទល់ជាប់ប្រទេសណាខ្លះ?,អាណាចក្រភ្នំមានព្រំប្រទល់ជាប់ប្រទេសដូចជា -ខាងជើងជាប់ចិន -ខាងត្បូងជាឈូងសមុទ្រខ្មែរ -ខាងកើតជាប់រដ្ឋចម្ប៉ា -ខាងលិចជាប់រដ្ធមនឬភូមា។,អាណាចក្រភ្នំមានព្រំប្រទល់ជាប់ប្រទេសដូចជា -ខាងជើងជាប់ចិន -ខាងត្បូងជាឈូងសមុទ្រខ្មែរ -ខាងកើតជាប់រដ្ឋចម្ប៉ា -ខាងលិចជាប់រដ្ឋមនឬភូមា។,6,6,4,1.0,0.9853515625,4,6,0,0
181,បុព្វហេតុអ្វីខ្លះដែលនាំឲ្យអាណាចក្រចេនឡាបែកបាក់ជាពីរគឺអាណាចក្រចេនឡាដីគោកនិងចេនឡាទឹកលិច?,បុព្វហេតុដែលនាំហើយអាណាចក្រចេនឡាបែកជាពីរគឺ -វិសាលភាពទឹកដីធំទូលាយ -ចម្បាំងអត់ឈប់ឈរ -សមន្ដរដ្ឋបះបោរចង់ផ្ដាច់ខ្លួន -វិបត្តិផ្ទៃក្នុង -ព្រះនាងជ័យទេវីគ្មានសមត្ថភាពគ្រប់គ្រង។,បុព្វហេតុដែលនាំហើយអាណាចក្រចេនឡាបែកជាពីរគឺ -វិសាលភាពទឹកដីធំទូលាយ -ចម្បាំងអត់ឈប់ឈរ -សមន្ដរដ្ឋបះបោរចង់ផ្ដាច់ខ្លួន -វិបត្តិផ្ទៃក្នុង -ព្រះនាងជ័យទេវីគ្មានសមត្ថភាពគ្រប់គ្រង។,7,7,4,1.0,0.98779296875,4,7,0,0
182,តើកត្តាអ្វីខ្លះដែលធ្វើអោយសម័យអង្គររីកចម្រើនដល់កំពូល?​ ចូលរៀបរាប់។,កត្តាដែលធ្វើអោយសម័យអង្គររីកចម្រើនគឺ: កត្តាព្រះរាជា:ព្រះរាជាចាប់ពីព្រះបាទជ័យវរ្ម័នទី 2 រហូតដល់ព្រះបាទជ័យវរ្ម័នទី 7 សុទ្ធតែជាស្ដេចខ្លាំងពូកែ កត្តានយោបាយ: នយោបាយក្នុងប្រទេសបង្រួបបង្រួមជាតិកសាងនិងការពារទឹកដី នយោបាយក្រៅប្រទេស:ចងសម្ព័ន្ធមិត្តជាមួយប្រទេសធំៗវាយយករដ្ឋតូចដាក់ជាចំណុះ កត្តាសេដ្ឋកិច្ច:រីកចម្រើនលើវិស័យកសិកម្មសិប្បកម្មគណនាគម កត្តាសាសនា:ការឯកភាពគ្នារវាងសាសនាព្រាហ្មនិងព្រះពុទ្ធ កត្តាធនធានមនុស្សបន្សល់ទុកតាំងពីសម័យនគរភ្នំនិងចេនឡាមក។,កត្តាដែលធ្វើអោយសម័យអង្គររីកចម្រើនគឺ: កត្តាព្រះរាជា:ព្រះរាជាចាប់ពីព្រះបាទជ័យវរ្ម័នទី 2 រហូតដល់ព្រះបាទជ័យវរ្ម័នទី 7 សុទ្ធសឹងតែជាស្ដេចខ្លាំងពូកែ កត្តានយោបាយ: នយោបាយក្នុងប្រទេសបង្រួបបង្រួមជាតិកសាងនិងការពារទឹកដី នយោបាយក្រៅប្រទេស:ចងសម្ព័ន្ធមិត្តជាមួយប្រទេសធំៗវាយយករដ្ឋតូចដាក់ជាចំណុះ កត្តាសេដ្ឋកិច្ច:រីកចម្រើនលើវិស័យកសិកម្មសិប្បកម្មគណនាគមន៍ កត្តាសាសនា:ការឯកភាពគ្នារវាងសាសនាព្រាហ្មនិងព្រះពុទ្ធ កត្តាធនធាន:មនុស្សបន្សល់ទុកតាំងពីសម័យនគរភ្នំនិងចេនឡាមក។,10,10,4,1.0,0.98486328125,4,10,0,0
183,តើការស្ថិតនៅក្រៅសារពាង្គកាយនៃពងស្វាសមានសារៈសំខាន់ដូចម្តេច?,ការស្ថិតនៅក្រោមសារពាង្គកាយនៃពងស្វាសមានសារៈសំខាន់ដូចជាដើម្បីរក្សាសីតុណ្ហភាពឲ្យ ទាបជាងសីតុណ្ហភាពក្នុងខ្លួន ប្រហែលពី(2-3)សីតុណ្ហភាពក្នុងខ្លួន37 ។,ការស្ថិតនៅក្រោមសារពាង្គកាយនៃពងស្វាសមានសារៈសំខាន់ក្នុងការផលិតអរម៉ូនភេទឈ្មោលនិង បង្កើតស្ពែម៉ាតូសូអ៊ីត ។,10,3,1,0.3,0.2088623046875,1,2,0,1
184,តើសង្គមខ្មែរនៅសម័យអង្គរមានប៉ុន្មានវណ្ណៈ? វណ្ណៈអ្វីខ្លះ? ចូលរៀបរាប់។,សង្គមខ្មែរនៅសម័យអង្គរមានប្រាំវណ្ណៈគឺ -វណ្ណៈក្សត្រឬរាជវង្សនុវង្ស (ជាស្ដេចគ្រប់គ្រងប្រទេស -វណ្ណៈមន្ត្រី (អ្នករស់នៅក្នុងរាជវាំងបម្រើស្ដេច) -វណ្ណៈព្រាហ្ម៍ឬបុព្វជិត​(គឺជាអ្នកបួស) -វណ្ណៈអ្នកជាឬកសិករ (អ្នករស់នៅនឹងធ្វើស្រែចម្ការ) -វណ្ណៈអ្នកងារឬទាសករ(ទាសករបម្រើគេតកូនតចៅ)។,សង្គមខ្មែរនៅសម័យអង្គរមានប្រាំវណ្ណៈគឺ -វណ្ណៈក្សត្រ -វណ្ណៈមន្ត្រី -វណ្ណៈបុព្វជិត -វណ្ណៈអ្នកជា -វណ្ណៈទាសករ។,10,5,2,0.5,0.51416015625,2,5,0,0
185,ហេតុអ្វីបានជាមនុស្សស្រូបយកខ្យល់ដែលមានកាបូនម៉ណូអុកស៊ីតអាចបង្កគ្រោះថ្នាក់ដល់ស្លាប់បាន?,បានជាមនុស្សស្រូបយកខ្យល់ដែលមានកាបូនម៉ូណូអុកស៊ីដអាចបង្កឲ្យមានគ្រោះថ្នាក់ដល់ស្លាប់ បានព្រោះកាបូនម៉ូណូអុកស៊ីដមានសមត្ថភាពចាប់យក ក្នុងឈាមបានខ្លាំងជាងអុកស៊ីសែន វារារាំងឈាមមិនឲ្យដឹកនាំអុកស៊ីសែនទៅចិញ្ចឹមសរីរាង្គជាពិសេសខួរក្បាលដែលបណ្តាលឲ្យ ស្លាប់និង សន្លប់ ។,បានជាមនុស្សស្រូបយកខ្យល់ដែលមានកាបូនម៉ូណូអុកស៊ីដអាចបង្កឲ្យមានគ្រោះថ្នាក់ដល់ស្លាប់ បានព្រោះកាបូនម៉ូណូអុកស៊ីដមានសមត្ថភាពចាប់យក ក្នុងឈាមបានខ្លាំងជាងអុកស៊ីសែន វារារាំងឈាមមិនឲ្យដឹកនាំអុកស៊ីសែនទៅចិញ្ចឹមសរីរាង្គជាពិសេសខួរក្បាលដែលបណ្តាលឲ្យ ស្លាប់និង សន្លប់ ។,5,4,3,0.8,0.76025390625,3,4,0,0
186,តើការស្ថិតនៅក្រៅសារពាង្គកាយនៃពងស្វាសមានសារៈសំខាន់ដូចម្តេច?,ការស្ថិតនៅក្រោមសារពាង្គកាយនៃពងស្វាសមានសារៈសំខាន់ដូចជាដើម្បីរក្សាសីតុណ្ហភាពឲ្យ ទាបជាងសីតុណ្ហភាពក្នុងខ្លួន ប្រហែលពី(2-3)សីតុណ្ហភាពក្នុងខ្លួន37 ។,ការស្ថិតនៅក្រោមសារពាង្គកាយនៃពងស្វាសមានសារៈសំខាន់ក្នុងការផលិតអរម៉ូនភេទឈ្មោលនិង បង្កើតស្ពែម៉ាតូសូអ៊ីតរក្សាសីតុណ្ហភាពឲ្យទាបជាងសីតុណ្ហភាពក្នុងខ្លួន ប្រហែលពី(2-3) ។,10,8,3,0.8,0.7880859375,3,8,0,0
187,ចូររៀបរាប់អំពីទំនាក់ទំនងរវាងការដាំដុះអាជីវកម្មព្រៃឈើនិងនេសាទ។,ទំនាក់ទំនងរវាង ការដាំដុះអាជីវកម្មព្រៃឈើ និងការនេសាទ៖  _ ការដាំដុះអាជីវកម្មព្រៃឈើ និងការនេសាទ ជាភោគទ្រព្យយ៉ាងសំខាន់សម្រាប់ប្រជាជនក្នុងការទ្រទ្រង់ក្នុងជីវភាពរស់នៅនិងការអភិវឌ្ឍន៍ប្រទេសជាតិ   _ ដើម្បីបំពេញតម្រូវការក្នុងកសិកម្មផលិតកម្មនិងត្រូវការផ្សេងៗ មនុស្សនាំគ្នាកាប់ព្រៃឈើដើម្បីធ្វើអាជីវកម្មព្រៃឈើជាមូលហេតុធ្វើឲ្យអាកាសធាតុប្រែប្រួលប៉ះពាល់ដល់ជីវិតមនុស្ស សត្វ និងរុក្ខជាតិ  ​ _ អតិផលនៃប្រព័ន្ធកសិកម្ម នាំឲ្យមានកំណើននៃការប្រើប្រាស់គីមីនិងថ្នាំសម្លាប់សត្វល្អិត។ ជីគីមី និងថ្នាំសម្លាប់សត្វល្អិត ទាំងនោះហូរទៅផ្ដុំគ្នានៅតាមផ្លូវទឹកនានា បំផ្លាញជីវិតសត្វនិងពូជធម្មជាតិ។,ទំនាក់ទំនងរវាងការដាំដុះ អាជីវកម្មព្រៃឈើ និងការនេសាទ៖ + ការដាំដុះ៖    _ ដាំដុះដំណាំ រកចំណូលតិចតួច    _ លក់បម្រើទៅទូប្រទេសទាំងក្នុង និងក្រៅប្រទេស    _ ដាំដុះសម្រាប់ប្រើប្រាស់ផ្ទាល់ខ្លួន + អាជីវកម្មព្រៃឈើ៖    _ ការបំផ្លាញព្រៃឈើ    _ ការដុតព្រៃឈើ    _ ការកាប់ព្រៃឧស្សាហកម្ម  + ការនេសាទ៖    _ ចាប់ត្រីដោយប្រើគ្រឿងផ្ទុះ    _ ការឆក់ត្រី    _ ការនេសាទនៅរដូវត្រីពង។,15,5,1,0.3333333333333333,0.09722900390625,0,1,1,4
188,ហេតុអ្វីបានជាមនុស្សស្រូបយកខ្យល់ដែលមានកាបូនម៉ណូអុកស៊ីតអាចបង្កគ្រោះថ្នាក់ដល់ស្លាប់បាន?,បានជាមនុស្សស្រូបយកខ្យល់ដែលមានកាបូនម៉ូណូអុកស៊ីដអាចបង្កឲ្យមានគ្រោះថ្នាក់ដល់ស្លាប់ បានព្រោះកាបូនម៉ូណូអុកស៊ីដមានសមត្ថភាពចាប់យក ក្នុងឈាមបានខ្លាំងជាងអុកស៊ីសែន វារារាំងឈាមមិនឲ្យដឹកនាំអុកស៊ីសែនទៅចិញ្ចឹមសរីរាង្គជាពិសេសខួរក្បាលដែលបណ្តាលឲ្យ ស្លាប់និង សន្លប់ ។,បានជាមនុស្សស្រូបយកខ្យល់ដែលមានកាបូនម៉ូណូអុកស៊ីដអាចបង្កឲ្យមានគ្រោះថ្នាក់ដល់ស្លាប់ បានព្រោះកាបូនម៉ូណូអុកស៊ីដមានសមត្ថភាពចាប់យក ក្នុងឈាមបានខ្លាំងជាងអុកស៊ីសែន វារារាំងឈាមមិនឲ្យដឹកនាំអុកស៊ីសែនទៅចិញ្ចឹមសរីរាង្គជាពិសេសខួរក្បាលដែលបណ្តាលឲ្យ ស្លាប់និង សន្លប់ ។,5,5,4,1.0,0.76025390625,3,4,1,1
189,តើថ្ងៃរំដោះ៧មករា១៩៧៩ មានអត្ថន័យយ៉ាងណាខ្លះចំពោះប្រវត្តិសាស្ត្រកម្ពុជា?,ថ្ងៃរំដោះ 7 មករា 1979 មានអត្ថន័យជាប្រវត្តិសាស្រ្តដូចជា÷ -ជាថ្ងៃដែលប្រជាជនរួចផុតពីរបបប្រល័យពូជសាសន៍ -ជាថ្ងៃដែលរបបកម្ពុជាប្រជាធិបតេយ្យដួលរលំ -ជាថ្ងៃកំណើតទី 2 របស់ប្រជាជនខ្មែរ -ជាថ្ងៃដែលកងទ័ពរណសិរ្យសាមគ្គីនិងកងទ័ពរំដោះប្រជាជន បានរំដោះប្រជាជនចេញពីរបបប្រល័យពូជសាស្ត្រកម្ពុជា។,ថ្ងៃរំដោះ 7 មករា 1979 មានអត្ថន័យជាប្រវត្តិសាស្រ្តដូចជា÷ -ជាថ្ងៃដែលប្រជាជនរួចផុតពីរបបប្រល័យពូជសាសន៍ -ជាថ្ងៃដែលរបបកម្ពុជាប្រជាធិបតេយ្យដួលរលំ -ជាថ្ងៃកំណើតទី 2 របស់ប្រជាជនខ្មែរ -ជាថ្ងៃដែលកងទ័ពរណសិរ្យសាមគ្គីនិងកងទ័ពរំដោះប្រជាជន បានរំដោះប្រជាជនចេញពីរបបប្រល័យពូជសាស្ត្រកម្ពុជា។,8,6,3,0.75,0.90625,4,7,1,1
190,តើសម័យឧដុង្គចាប់ពីឆ្នាំណាដល់ឆ្នាំណា?ហេតុអ្វីបានជាប្រទេសកម្ពុជាធ្លាក់ចុះខ្សោយកាន់តែខ្លាំងនៅសម័យឧដុង្គ។ចូរពន្យល់,សម័យឧដុង្គចាប់ពីឆ្នាំ បានជាប្រទេសកម្ពុជាធ្លាក់ចុះខ្សោយកាន់តែខ្លាំងនៅសម័យឧដុង្គព្រោះ សង្គ្រាមផ្ទៃក្នុងញឹកញាប់និងការជាវជ្រៀតជ្រែកពីសៀមនិងយួន ការប្រកួតប្រជែងដណ្ដើមរាជ្យបានឡើងក្នុងចំណោមព្រះរាជវង្សានុវង្ស បែកបាក់សាមគ្គីផ្ទៃក្នុងគ្មានការសាមគ្គីរួបរួមនៅក្នុងប្រទេសជិតខាង កម្ពុជាត្រូវបែកជាពីរផ្នែកដោយសារសៀមត្រួតត្រាផ្នែកខាងលិចបាត់ដំបងសៀមរាបត្រួតត្រាខាងត្បូង បាត់បង់ទឹកដីដោយសារខេត្តជាច្រើននៅភាគខាងលិចបាត់ដំបងសៀមរាបមង្គលបុរី ត្រូវបានធ្លាក់ក្នុងកណ្ដាប់ដៃសៀមនៅឆ្នាំនិងមុនបាត់បង់ដីភាគខាងកើតនៅវៀតណាម សេដ្ឋកិច្ចពឹងផ្អែកលើវិស័យកសិកម្មបុរាណដែល សួយសារអាករឲ្យគេ ចំណែកវប្បធម៌វិញវត្តអារាមត្រូវបានបំផ្លិចបំផ្លាញ ប្រទេសជាតិខ្សោយគ្មានកម្លាំងទប់ទល់នឹងការវាយលុកពីខាងក្រៅមន្ត្រីក្បត់ជាតិច្រើន ដោយសារ រាជវង្សផ្ទៃក្នុងការដណ្ដើមអំណាចគ្នា។,សម័យឧដុង្គចាប់ពីឆ្នាំដល់ បានជាប្រទេសកម្ពុជាធ្លាក់ចុះខ្សោយកាន់តែខ្លាំងឡើងទៅនៅសម័យឧដុង្គព្រោះមានសង្គ្រាមជាបន្តបន្ទាប់ជាមួយសៀមដែលធ្វើឲ្យប្រទេសបាត់បង់ធនធានមនុស្សនិងទ្រព្យសម្បត្តិយ៉ាងធ្ងន់ធ្ងរជាមួយ សៀមបានជ្រៀតជ្រែកកិច្ចការផ្ទៃក្នុងកាន់តែខ្លាំងរហូតដល់មន្ត្រីរបស់ខ្លួនមកត្រួតត្រាប្រទេសខ្មែរ ខ្មែរបានបាត់បង់ទឹកដីមួយចំនួនទៅឲ្យពួកសៀមព្រះរាជាកាន់អំណាចខ្សោយហើយប្រទេសជាតិបែងចែកជាពីរចំណែកដែលគ្រប់គ្រងដោយយួននិងសៀម។,15,14,4,0.9333333333333333,0.84716796875,3,13,1,1
191,តើមូលហេតុអ្វីបានជាព្រះបាទពញាយ៉ាត ជ្រើសរើសយកចតុមុខធ្វើជារាជធានី?,បានជាព្រះបាទពញាយ៉ាតជ្រើសរើសក្រុងចតុមុខជារាជធានីព្រោះ មានទីតាំងភូមិសាស្ត្រល្អ គេចពីសត្រូវឈ្លានពានសៀម ដីមានជីវជាតិងាយស្រួលក្នុងការធ្វើកសិកម្ម ជាទីប្រសព្វនៃជំនួសទាំងផ្លូវគោកនិងផ្លូវទឹក សម្បូរផ្លូវក្នុងការធ្វើកសិកម្មនិងជំនួញ ភាពខាងត្បូងដីមានប្រជាជនច្រើននិងធនធានដើម្បីកសាងសេដ្ឋកិច្ចជាតិ។,ហេតុបានជាព្រះបាទពញាយ៉ាតជ្រើសរើស យកចតុមុខធ្វើជារាជធានី ព្រោះតំបន់ចតុមុខភ្នំពេញមានលក្ខណៈអំណោយផលដូចជា ស្ថិតនៅឆ្ងាយពីការយាយីរបស់ទ័ពសៀមជាងរាជធានីអង្គរ ភូមិសាស្ត្រ ជាចំណុចប្រសព្វទន្លេបួនដែលងាយស្រួលក្នុងការធ្វើចរាចរណ៍និងពាណិជ្ជកម្មតាមផ្លូវទឹក សេដ្ឋកិច្ច ចុះជាតំបន់ បីសុនដំ សំបូរត្រីសាច់និងដីមានជីជាតិសម្រាប់កសិកម្ម។,10,8,3,0.8,0.76611328125,3,8,0,0
192,តើប្រព័ន្ធផលិតកម្មកសិកម្មនៅក្នុងប្រទេសកម្ពុជាមានអ្វីខ្លះ?ចូររៀបរាប់​ ។,ប្រព័ន្ធផលិតកម្មកសិកម្មនៅប្រទេសកម្ពុជាមាន៖    _ ដំណាំ : ដំណាំស្រូវ ដំណាំកៅស៊ូ ដំណាំផ្សេងៗទៀត    _ ការចិញ្ចឹមសត្វ : ការចិញ្ចឹមសត្វលើគោក ការចិញ្ចឹមសត្វក្នុងទឹក    _ ការនេសាទ : ការនេសាទទឹកសាប ការនេសាទទឹកប្រៃ  _ ព្រៃឈើ : ផលិតផលឈើ អនុផលព្រៃឈើ(រកឃ្មុំ ជ័រទឹក វល្លិ៍ ផ្តៅ) សត្វព្រៃ ។,ប្រព័ន្ធផលិតកម្មកសិកម្មនៅប្រទេសកម្ពុជាមានដូចជា +ដំណាំ -ដំណាំស្រូវ -ដំណាំកៅស៊ូ -ដំណាំផ្សែងទៀត +ការចិញ្ចឹមសត្វ -ការចិញ្ចឹមសត្វលើគោក(គោមាន់ទាជ្រូក) -ការចិញ្ចឹមសាច់ក្នុងទឹកត្រី +ការនេសាទ -ការនេសាទទឹកសាប -ការនេសាទសប្រៃ +ព្រៃឈើ -អនុផលព្រៃឈើរកវល្លី បេះផ្លែឈើជាដើម។,10,10,4,1.0,0.73779296875,3,7,1,3
193,រៀបរាប់ពីទំនាក់ទំនងរវាងការដាំដុះអាជីវកម្មព្រៃឈើនិងនេសាទ។,ទំនាក់ទំនងរវាងការដាំដុះ អាជីវកម្មព្រៃឈើ និងការនេសាទមានដូចជា៖ -ការដាំដុះដោយប្រើជីធម្មជាតិ -ការប្រើប្រាស់ជីគីមី -ដាំដុះនិងធ្វើតាមរដូវ -អាជីវកម្មព្រៃឈើ -ការកាប់បំផ្លាញព្រៃឈើ -ការដុតព្រៃឈើ -ការកាប់ឈើយកទៅធ្វើអាជីវកម្ម +ការនេសាទ -ការនេសាទត្រីពេលត្រីពក -ការនេសាទដោយប្រើអគ្គិសនី -ការនេសាទហួសកម្រិត -ការនេសាទគឺជាមុខរបរប្រចាំថ្ងៃាបស់ប្រជាជន -នឹងជាអាហារប្រចាំថ្ងៃរបស់ប្រជាជន -ការនេសាទធ្វើប្រជាជនមានមុខរបររកស៊ីត្រឹមត្រូវ -ការនេសាទប្រើប្រាស់ឧបករណ៍នេសាទខុសច្បាប់ -ការបំផ្លាញជំរកត្រី -ការបកហូរទឹកចេញពី,ទំនាក់ទំនងរបៀបការដាំធំអាជីវកម្មព្រៃឈើនិងការនេសាទការឡើងដល់អាជីវកម្មព្រៃឈើនិងការនិស្សិតមានទំនាក់ទំនងការដាំដុលនិងការនេសាទជាភាគទ្រព្យយ៉ាងសំខាន់សម្រាប់ប្រជាជនកម្ពុជាក្នុងទ្រទ្រង់ជីវភាពរស់នៅនិងការអភិវឌ្ឍប្រទេសជាតិដើម្បីបំពេញតម្រូវការក្នុងផលិតកម្មតម្រូវការផ្សេងៗទៀតមនុស្សនាំគ្នាកាត់ព្រៃឈើដើម្បីធ្វើអាជីវកម្មនិងឲ្យអាកាសទ្រង់ប៉ះពាល់ដល់ជីវិតមនុស្សសត្វនិងរុក្ខជាតិ អតិផលនៃប្រព័ន្ធផលិតកម្មនាំឲ្យមានកំណើនដល់ការប្រើប្រាស់ថ្នាំសម្រាប់សត្វគីមី។,15,13,3,0.8666666666666667,0.67578125,3,10,0,3
194,ចូរនិយាយពីកំណកាម៉ែតញី។,ការស្ថិតនៅក្រោមសារពាង្គកាយនៃពងស្វាសមានសារៈសំខាន់ដូចជាដើម្បីរក្សាសីតុណ្ហភាពឲ្យ ទាបជាងសីតុណ្ហភាពក្នុងខ្លួន ប្រហែលពី(2-3)សីតុណ្ហភាពក្នុងខ្លួន37 ។,កំណកាម៉ែតញីដំបូងកោសិកាពូជមួយរួមចំណែកពីរដងបន្តបន្ទាប់គ្នា បានកោសិកាអូវ៉ូកូរី4 ។ អូវ៉ូកូរីនីមួយៗរីកមាឌអាចជាអូវ៉ូស៊ីត1 ។អូវ៉ូស៊ីតមួយរងចំណែកមួយនៃមេយោធាហើយត្រូវបាន ឈប់គាំងនៅវគ្គប្រផ្ដាស1 ។ក្រោយមកពេលគ្រប់អូវ៉ូស៊ីតមួយបន្តធ្វើចំណែក ។,10,3,1,0.3,0.412353515625,2,4,1,1
195,ចូរពន្យល់ពាក្យ : ប៉ង់សៀ; បរិយាកាស; ដៃទន្លេ; ភ្នំភ្លើង។,ប៉ង់សៀ -បរិយាកាសគឺជាឧស្ម័នដែលនៅជុំវិញផែនដី -ដៃទន្លេជាទឹកសាបដែលហូរចូលទៅក្នុងស្ទឹងបឹងនឹងមានទីតាំងជាវង្សប្រាំង -ភ្នំភ្លើងគឺជារន្ធមួយនៅសំបកផែនដីដែលតាមរយៈនោះកម្អែលផេះហូរចេញ,ប៉ង់សៀ -បរិយាកាសគឺជាអ្វីៗដែលធ្វើឲ្យមានជុំវិញយើងទាំងមើលឃើញនិងមើលមិនឃើញ,8,2,1,0.25,0.267578125,1,2,0,0
196,តើគេចែកយុគសម័យបុរេប្រវត្តិសាស្ត្រកម្ពុជាជាប៉ុន្មានយុគសម័យ?អ្វីខ្លះ?,គេចែកយុគសម័យបុរេប្រវត្តិសាស្ត្រកម្ពុជាជាបីយុគសម័យគឺ -យុគថ្មបំបែក (600000 - 12000 ឆ្នាំមុនគ.ស) -យុគថ្មរលីងឬសំលៀង (8000 - 2000 ឆ្នាំមុនគ.ស) -យុគលោហៈ(2000-100 ឆ្នាំមុនគ.ស)។,គេចែកយុគសម័យបុរេប្រវត្តិសាស្ត្រកម្ពុជាជាបីយុគសម័យគឺ -យុគថ្មបំបែក (600000 - 12000 ឆ្នាំមុនគ.ស) -យុគថ្មរលីងឬសំលៀង (8000 - 2000 ឆ្នាំមុនគ.ស) -យុគលោហៈ(2000-100 ឆ្នាំមុនគ.ស)។,5,5,4,1.0,0.9912109375,4,5,0,0
197,តើកត្តាអ្វីខ្លះដែលធ្វើអោយសម័យអង្គររីកចម្រើនដល់កំពូល?​ ចូលរៀបរាប់។,កត្តាដែលធ្វើអោយសម័យអង្គររីកចម្រើនគឺ: កត្តាព្រះរាជា:ព្រះរាជាចាប់ពីព្រះបាទជ័យវរ្ម័នទី 2 រហូតដល់ព្រះបាទជ័យវរ្ម័នទី 7 សុទ្ធតែជាស្ដេចខ្លាំងពូកែ កត្តានយោបាយ: នយោបាយក្នុងប្រទេសបង្រួបបង្រួមជាតិកសាងនិងការពារទឹកដី នយោបាយក្រៅប្រទេស:ចងសម្ព័ន្ធមិត្តជាមួយប្រទេសធំៗវាយយករដ្ឋតូចដាក់ជាចំណុះ កត្តាសេដ្ឋកិច្ច:រីកចម្រើនលើវិស័យកសិកម្មសិប្បកម្មគណនាគម កត្តាសាសនា:ការឯកភាពគ្នារវាងសាសនាព្រាហ្មនិងព្រះពុទ្ធ កត្តាធនធានមនុស្សបន្សល់ទុកតាំងពីសម័យនគរភ្នំនិងចេនឡាមក។,កត្តាដែលធ្វើអោយសម័យអង្គររីកចម្រើនគឺ: .កត្តាព្រះរាជា:ព្រះរាជាចាប់ពីព្រះបាទជ័យវរ្ម័នទី 2 រហូតដល់ព្រះបាទជ័យវរ្ម័នទី 7 សុទ្ធសឹងតែជាស្ដេចខ្លាំងពូកែ .កត្តាសេដ្ឋកិច្ច: +នយោបាយក្នុងប្រទេស:បង្រួបបង្រួម​ កសាង និងការពារ។ +នយោបាយក្រៅប្រទេស:ចងសម្ព័ន្ធមិត្តជាមួយប្រទេសធំៗដូចជាចិននិងឥណ្ឌា និងវាយយករដ្ឋតូចដាក់ជាចំណុះ .កត្តាប្រទេសជាតិ:មានការរីកចម្រើនខ្លាំងខ្លា .កត្តាធនធានមនុស្សបន្សល់ទុកតាំងពីសម័យនគរភ្នំនិងចេនឡាមក។,10,9,4,0.9,0.953125,4,10,0,1
198,តើគេចែកយុគសម័យបុរេប្រវត្តិសាស្ត្រកម្ពុជាជាប៉ុន្មានយុគសម័យ?អ្វីខ្លះ?,គេចែកយុគសម័យបុរេប្រវត្តិសាស្ត្រកម្ពុជាជាបីយុគសម័យគឺ -យុគថ្មបំបែក (600000 - 12000 ឆ្នាំមុនគ.ស) -យុគថ្មរលីងឬសំលៀង (8000 - 2000 ឆ្នាំមុនគ.ស) -យុគលោហៈ(2000-100 ឆ្នាំមុនគ.ស)។,គេចែកយុគសម័យបុរេប្រវត្តិសាស្ត្រកម្ពុជាជាបីយុគសម័យគឺ -យុគថ្មបំបែក (600000 - 12000 ឆ្នាំមុនគ.ស) -យុគថ្មរលីងឬសំលៀង (8000 - 2000 ឆ្នាំមុនគ.ស) -យុគលោហៈ(2000-100 ឆ្នាំមុនគ.ស)។,5,5,4,1.0,0.9912109375,4,5,0,0
199,សេដ្ឋកិច្ចកម្ពុជាពឹងផ្អែកលើវិស័យកសិកម្មជាសំខាន់៖ ​ក.​ ហេតុអ្វីបានជាគេនិយាយថាកម្ពុជាជាប្រទេសកសិកម្ម? ខ. តើគេចែកកសិករទាំងនោះជាប៉ុន្មានប្រភេទ?,សេដ្ឋកិច្ចកម្ពុជាបានផ្អែកលើវិស័យកសិកម្មជាសំខាន់៖ ក​. បានជាគេនិយាយថាប្រទេសកម្ពុជាជាប្រទេសកសិកម្មដោយសារ -ផ្ទៃដីនៅប្រទេសកម្ពុជាប្រហែល៩០ភាគរយសិតតែដំណាំស្រូវ -ប្រជាជនកកម្ពុជា ៧០.៣ភាគរយធ្វើកសិកម្ម -កសិកម្មជួយឲ្យប្រជាជនកម្ពុជាមានការងារធ្វើ -ប្រជាជននិយមធ្វើកសិកម្ម -ដីនៅកម្ពុជាប្រកបជាមួយកាធ្វើកសិកម្ម -កម្ពុជាមានអាកាសធាតុសមស្របសម្រាប់ធ្វើកសិកម្ម ខ. គេចែកកសិកម្មទាំងនោះជាពីរប្រភេទ៖ +កសិករខ្នាតតូច -ធ្វើកសិកម្មដើម្បីជីវិត -ធ្វើលក្ខណៈតិចតួច ទុកតែបរិភោគសម្រាប់គ្រួសារ -មិនលក់ឲ្យអ្នកណា +កសិករខ្នាតធំ -ធ្វើកសិកម្មច្រើនហើយទុកសម្រាប់លក់ឬនាំចេញទៅក្រៅប្រទេស -ធ្វើមួយឆ្នាំអាចទៅពីរលើក -ធ្វើលក្ខណៈច្រើន ដើម្បីលក់និងនាំចេញ។,សេដ្ឋកិច្ចកម្ពុជាបានផ្អែកលើវិស័យកសិកម្មជាសំខាន់៖ ក. បានជាគេនិយាយថាកម្ពុជាជាប្រទេសកសិកម្មដោយសារតែជាប្រទេសពឹងផ្អែកលើវិស័យកសិកម្មសំខាន់់ មាន លក្ខខណ្ឌអនុគ្រោះជាច្រើនដល់វិស័យកសិកម្មមានដូចជា៖ -សណ្ឋានដីៈ មានលក្ខណៈអនុគ្រោះដល់វិស័យនេះពោលគឺសម្បូរទៅដោយវាលទំនាប​ និងខ្ពង់រាបទាបៗប្រកបដោយ ជីជាតិល្អ សម្រាប់ដាំដុះ ការចិញ្ចឹមសត្វ និងព្រៃឈើ -កម្ពុជាស្ថិតក្នុងតំបន់ត្រូពិចដែលមានអាកាសធាតុក្ដៅ ហើយសើមទទួលខ្យល់មូលសុង -ប្រទេសកម្ពុជាសម្បូរទឹក ផ្លូវទឹក ដល់ការដាំដុះ ចិញ្ចឹមសត្វ នេសាទ -វិស័យនេះបានផ្ដល់ការងារដល់ប្រជាជន -កាត់បន្ថយអត្រាអត់ការងារធ្វើ -ជាប្រភពនៃស្បៀងអាហារសម្រាប់ប្រជាជន។ ខ. គេចែកកសិករទាំងនោះជា ៤ ប្រភេទដូចជា៖ -កសិករដាំស្រូវ -កសិករធ្វើស្រែ -កសិករតំបន់ខ្ពស់ -កសិករភូមិភាគឥសាន្ត។,15,19,4,1.2666666666666666,0.91748046875,4,14,0,5
200,តើព្រះអង្គឌួងមានស្នាព្រហស្ថអ្វីខ្លះចំពោះប្រទេសជាតិនិងប្រជារាស្ត្រខ្មែរ?,ព្រះបាទអង្គឌួងមានស្នាព្រហស្តដូចជាផ្នែករដ្ឋបាលរៀបចំប្រព័ន្ធរដ្ឋបាលនិងច្បាប់ទម្លាប់ស្ដារឡើងវិញមានរបៀបផ្នែកសេដ្ឋកិច្ចលើកស្ទួយវិស័យកសិកម្មជួសជុលប្រព័ន្ធ សេះនិងពាណិជ្ជកម្ម ភ្នែកបរទេសស្វែងរកជំនួយពីបារាំងដើម្បីទប់ទល់នឹងការត្រួតត្រាយួននិងសៀម ផ្នែកវប្បធម៌លើកស្ទួយវប្បធម៌អក្សរសាស្ត្រខ្មែរនិង សាសនា កត្តាផ្ទៃក្នុង ការបែកបាក់រាជវង្សានុវង្សបែកបាក់សាមគ្គី។,ព្រះបាទអង្គឌួងមានស្នាព្រហស្តដូចជាការពារទឹកដីខ្មែរពីចូលសៀមនិងយួនទាក់ទងជាមួយបារាំងដើម្បីការពារប្រទេសខ្មែរ កសាងក្រុងឧដុង្គកំពង់ដែនកំពតកំពង់ហ្លូង កសាងគមនាគមន៍កសាងវប្បធម៌ខ្មែរវត្តអារាមសាលារៀនសាកលវិទ្យាល័យអក្សរសាស្ត្រ អក្សរសាស្ត្រកំណាព្យ ច្បាប់ស្រី។,15,15,4,1.0,0.8701171875,3,13,1,2
201,បុព្វហេតុអ្វីខ្លះដែលនាំឲ្យអាណាចក្រចេនឡាបែកបាក់ជាពីរគឺអាណាចក្រចេនឡាដីគោកនិងចេនឡាទឹកលិច?,បុព្វហេតុដែលនាំហើយអាណាចក្រចេនឡាបែកជាពីរគឺ -វិសាលភាពទឹកដីធំទូលាយ -ចម្បាំងអត់ឈប់ឈរ -សមន្ដរដ្ឋបះបោរចង់ផ្ដាច់ខ្លួន -វិបត្តិផ្ទៃក្នុង -ព្រះនាងជ័យទេវីគ្មានសមត្ថភាពគ្រប់គ្រង។,បុព្វហេតុដែលនាំហើយអាណាចក្រចេនឡាបែកជាពីរគឺ -វិសាលភាពទឹកដីធំទូលាយ -ចម្បាំងអត់ឈប់ឈរ -សមន្ដរដ្ឋបះបោរចង់ផ្ដាច់ខ្លួន -ព្រះនាងជ័យទេវីគ្មានសមត្ថភាពគ្រប់គ្រង។,7,7,4,1.0,0.9833984375,4,7,0,0
202,តើឧស្សាហកម្មមានតួនាទីដូចម្ដេចខ្លះចំពោះសេដ្ឋកិច្ចជាតិ?,ឧស្សាហកម្មមាន​តួនាទីចំពោះសេដ្ឋកិច្ចជាតិដូចជា ៖ ​ _ ជួយបង្កើតថវិការជាតិ ​ _ ជួយបង្កើតទិន្នផលជាតិ ​​ _ ជួយឲ្យសេដ្ឋកិច្ចជាតិរីកចម្រើន  _ ប្រជាជនសំបូរធូរធារ  _អភិវឌ្ឍគ្រប់វិស័យ  _ មានទំនាក់ទំនងល្អជាមួយអ្នកជិតខាង  _ មានភាពរុងរឿងនៅក្នុងប្រទេសជាតិ។,ឧស្សាហកម្មមានតួនាទីចំពោះសេដ្ឋកិច្ចជាតិដូចជា -ផ្តល់កាងារឲ្យប្រជាជនធ្វើ -ផ្ដល់ចំណូលដល់សេដ្ឋកិច្ចជាតិមាន២៣.៨%ឆ្នាំ២០០៨ -ផ្ដល់ផលិតផលសម្រាប់នាំចេញ -ផ្ដល់ផលិតផលសម្រាប់ប្រើប្រាស់ -ជួយរក្សាលំនឹងជញ្ជីងពាណិជ្ជកម្ម -និងផ្ដល់ប្រាក់ចំណូលដល់គ្រួសារ។,15,15,4,1.0,0.9423828125,4,14,0,1
203,តើថ្ងៃរំដោះ៧មករា១៩៧៩ មានអត្ថន័យយ៉ាងណាខ្លះចំពោះប្រវត្តិសាស្ត្រកម្ពុជា?,ថ្ងៃរំដោះ 7 មករា 1979 មានអត្ថន័យជាប្រវត្តិសាស្រ្តដូចជា÷ -ជាថ្ងៃដែលប្រជាជនរួចផុតពីរបបប្រល័យពូជសាសន៍ -ជាថ្ងៃដែលរបបកម្ពុជាប្រជាធិបតេយ្យដួលរលំ -ជាថ្ងៃកំណើតទី 2 របស់ប្រជាជនខ្មែរ -ជាថ្ងៃដែលកងទ័ពរណសិរ្យសាមគ្គីនិងកងទ័ពរំដោះប្រជាជន បានរំដោះប្រជាជនចេញពីរបបប្រល័យពូជសាស្ត្រកម្ពុជា។,ថ្ងៃរំដោះ៧មករា១៩៧៩ មានអត្ថន័យយ៉ាងណាខ្លះចំពោះប្រវត្តិសាស្ត្រកម្ពុជាដូចជា៖     +ជាថ្ងៃដែលកម្ពុជារួចផុតពិការកាប់សម្លាប់រង្គាលនៃរបបកម្ណុជាប្រជាធិបតេយ្យ     +ជាថ្ងៃកំណើតទី២របស់ប្រជាជនកម្ពុជា ដែលបានរួចផុតពីរបបកម្ពុជាប្រជាធិបតេយ្យ     +បាននាំមកឱ្យប្រជាជនវិញនូវសិទ្ធសេរីភាពទាំងអស់ក្រោយការដួលរលំរបបកម្ពុជាប្រជាធិបតេយ្យ     +ការរស់រានឡើងវិញនូវវប្បធម៍ជាតិមានដូចជា ជំនឿ សាសនា ប្រពៃណី សិល្បៈ ជាដើម     +ស្ដានិងកសាងប្រទេសឡើងវិញស្របតាមឆន្ទៈ និងគោលបំណងប្រជាជន     +កម្ពុជាអាចកំណត់វាសនាប្រទេសជាតិដោយខ្លួនឯង     +កម្ពុជាអាចមានឯករាជ សន្តិភាព សេរីភាព សុភកគមង្គល ស្ថិរភាព ដើម្បីដំណើរនៅក្រៅប្រទេស     +អាចមាននៅផ្លូវដើរដោយច្បាស់លាស់ ដោយមិនជាប់នៅអតីតកាល     +ចាប់ផ្ដើមបង្កើតសមត្ថភាពធនធានមនុស្សដោយបញ្ជូននិសិត្សទៅបណ្ដុះបណ្ដាលនៅក្រៅប្រទេស។,8,8,4,1.0,0.93505859375,4,7,0,1
204,ហេតុអ្វីបានជាមនុស្សស្រូបយកខ្យល់ដែលមានកាបូនម៉ណូអុកស៊ីតអាចបង្កគ្រោះថ្នាក់ដល់ស្លាប់បាន?,បានជាមនុស្សស្រូបយកខ្យល់ដែលមានកាបូនម៉ូណូអុកស៊ីដអាចបង្កឲ្យមានគ្រោះថ្នាក់ដល់ស្លាប់ បានព្រោះកាបូនម៉ូណូអុកស៊ីដមានសមត្ថភាពចាប់យក ក្នុងឈាមបានខ្លាំងជាងអុកស៊ីសែន វារារាំងឈាមមិនឲ្យដឹកនាំអុកស៊ីសែនទៅចិញ្ចឹមសរីរាង្គជាពិសេសខួរក្បាលដែលបណ្តាលឲ្យ ស្លាប់និង សន្លប់ ។,បានជាមនុស្សស្រូបយកខ្យល់ដែលមាន កាបូនម៉ូណូអុកស៊ីដអាចបង្កគ្រោះថ្នាក់ដល់ស្លាប់បានព្រោះ វាជាខ្យល់ពុលដែលមានពោរពេញដោយបរិយាកាសជុំវិញខ្លួន ។,5,2,2,0.4,0.5810546875,2,3,0,1
205,តើអាណាចក្រភ្នំមានព្រំប្រទល់ជាប់ប្រទេសណាខ្លះ?,អាណាចក្រភ្នំមានព្រំប្រទល់ជាប់ប្រទេសដូចជា -ខាងជើងជាប់ចិន -ខាងត្បូងជាឈូងសមុទ្រខ្មែរ -ខាងកើតជាប់រដ្ឋចម្ប៉ា -ខាងលិចជាប់រដ្ធមនឬភូមា។,អាណាចក្រភ្នំមានព្រំប្រទល់ជាប់ប្រទេសដូចជា -ខាងជើងជាប់ចិន -ខាងត្បូងជាឈូងសមុទ្រខ្មែរ -ខាងកើតជាប់រដ្ឋចម្ប៉ា -ខាងលិចជាប់រដ្ឋមនឬភូមា។,6,6,4,1.0,0.9853515625,4,6,0,0
206,ដូចម្តេចដែលហៅថាមេយ៉ូស? ចូរនិយាយពីវគ្គផ្សេងៗនៃមេយ៉ូស។,មេយ៉ូសជាសំណុំនៃចំណែកកោសិកាពីរដងបន្តបន្ទាប់គ្នាដែលបង្កើតបានជាកោសិកាអាលូអុីតបួន ហៅថាមេយ៉ូស ។ _តេឡូផាស1 ស៊ីតូប្លាសចែកខ្លួនបានជាកោសិកាកូនពីរ ។កោសិកាកូននីមួយៗទទួលបានក្រូម៉ូសូម តែមួយពីរគូអូម៉ូឡូក ។ _ប្រផាស1 មានរយៈពេលវែង ។ _អាណាផាស1 ក្រូម៉ូសូមដំរៀបលើផ្លាស់ភ្ជាប់នឹងក្រយ៉ូងក្រូម៉ាទិចដោយសង់ក្រូងទ័ររបស់វា ។ _តេឡូផាស2 ក្រូម៉ូមនីមួយៗបានមកដល់ប៉ូលភ្នាស _មេតាផាស2 ក្រូម៉ូសូមប្រេះតាមបណ្ដោយភ្ជាប់ខ្លួនទៅនិងក្រយ៉ងក្រូម៉ាទិចដោយសង់ _ប្រូដាស2 ត្តយ៉ងអាក្រូម៉ាទិតកើតមានក្នុងកោសិកាគូនីមួយៗ _អាណាផាស2 សង់ក្រូម៉ែធ្វើចំណែកដែលនាំអោយក្រូម៉ាទិចបងប្អូនដាច់ចេញពីគ្នា ។បន្ទាប់មក ក្រូម៉ូសូមកូនទាំង2ធ្វើដំណើរឆ្ពោះទៅប៉ូលផ្ទុយគ្នារបស់ត្រយ៉ូងអាក្រូម៉ាទិច ។,ដែលហៅថាមេយ៉ូសគឺជាសំណុំនៃចំណែកកោសិកាពីដងបន្តបន្ទាប់គ្នាបង្កើតបានជាកោសិកា អាប្លូអុីត4 ។វគ្គផ្សេងនៃមេយ៉ូសមានដូចជា  _ប្រផាស1 មានរយៈពេលវែង ។ _អាណាផាស1 ក្រូម៉ូសូមដំរៀបលើផ្លាស់ភ្ជាប់នឹងក្រយ៉ូងក្រូម៉ាទិចដោយសង់ក្រូងទ័ររបស់វា ។ _តេឡូផាស1 ស៊ីតូប្លាសចែកខ្លួនបានជាកោសិកាកូនពីរ ។កោសិកាកូននីមួយៗទទួលបានក្រូម៉ូសូម តែមួយពីរគូអូម៉ូឡូក ។ _មេតាផាស ក្រូម៉ូសូមប្រេះតាមបណ្ដោយភ្ជាប់ខ្លួនទៅនិងត្រយ៉ង អាក្រូម៉ទចដោយសងក្រមែ,10,6,2,0.6,0.66943359375,3,7,1,1
207,តើមូលហេតុអ្វីបានជាព្រះបាទពញាយ៉ាត ជ្រើសរើសយកចតុមុខធ្វើជារាជធានី?,បានជាព្រះបាទពញាយ៉ាតជ្រើសរើសក្រុងចតុមុខជារាជធានីព្រោះ មានទីតាំងភូមិសាស្ត្រល្អ គេចពីសត្រូវឈ្លានពានសៀម ដីមានជីវជាតិងាយស្រួលក្នុងការធ្វើកសិកម្ម ជាទីប្រសព្វនៃជំនួសទាំងផ្លូវគោកនិងផ្លូវទឹក សម្បូរផ្លូវក្នុងការធ្វើកសិកម្មនិងជំនួញ ភាពខាងត្បូងដីមានប្រជាជនច្រើននិងធនធានដើម្បីកសាងសេដ្ឋកិច្ចជាតិ។,បានជាព្រះបាទពញាយ៉ាតជ្រើសរើសក្រុងចតុមុខជារាជធានីព្រោះ មានទីតាំងភូមិសាស្ត្រល្អ គេចពីសត្រូវឈ្លានពានសៀម ដីមានជីវជាតិងាយស្រួលក្នុងការធ្វើកសិកម្ម ជាទីប្រសព្វនៃជំនួសទាំងផ្លូវគោកនិងផ្លូវទឹក សម្បូរផ្លូវក្នុងការធ្វើកសិកម្មនិងជំនួញ ភាគខាងត្បូងដីមានប្រជាជនច្រើននិងធនធានដើម្បីកសាងសេដ្ឋកិច្ចជាតិ។,10,10,4,1.0,0.9677734375,4,10,0,0
208,ចូររៀបរាប់អំពីទំនាក់ទំនងរវាងការដាំដុះអាជីវកម្មព្រៃឈើនិងនេសាទ។,ទំនាក់ទំនងរវាង ការដាំដុះអាជីវកម្មព្រៃឈើ និងការនេសាទ៖  _ ការដាំដុះអាជីវកម្មព្រៃឈើ និងការនេសាទ ជាភោគទ្រព្យយ៉ាងសំខាន់សម្រាប់ប្រជាជនក្នុងការទ្រទ្រង់ក្នុងជីវភាពរស់នៅនិងការអភិវឌ្ឍន៍ប្រទេសជាតិ   _ ដើម្បីបំពេញតម្រូវការក្នុងកសិកម្មផលិតកម្មនិងត្រូវការផ្សេងៗ មនុស្សនាំគ្នាកាប់ព្រៃឈើដើម្បីធ្វើអាជីវកម្មព្រៃឈើជាមូលហេតុធ្វើឲ្យអាកាសធាតុប្រែប្រួលប៉ះពាល់ដល់ជីវិតមនុស្ស សត្វ និងរុក្ខជាតិ  ​ _ អតិផលនៃប្រព័ន្ធកសិកម្ម នាំឲ្យមានកំណើននៃការប្រើប្រាស់គីមីនិងថ្នាំសម្លាប់សត្វល្អិត។ ជីគីមី និងថ្នាំសម្លាប់សត្វល្អិត ទាំងនោះហូរទៅផ្ដុំគ្នានៅតាមផ្លូវទឹកនានា បំផ្លាញជីវិតសត្វនិងពូជធម្មជាតិ។,ទំនាក់ទំនងរវាងការដាំដុះអាជីវកម្មព្រៃឈើនិងការនេសាទ ការដាំដុះ ការដាំដំណាំផ្លែឈើពោតសណ្ដែកដំឡូងស្រូវ -ដីមានជីវជាតិល្អនិងដីមានសុំស្នើគ្រប់គ្រាន់  -ការនាំចេញផលិតផលគ្រប់ប្រភេទយកទៅក្រៅប្រទេស +អាជីវកម្មព្រៃឈើការកាប់ព្រៃឈើយកទៅលក់ -ការយកឈើធ្វើលំនៅឋានរស់នៅ ការកាប់ព្រៃឈើធ្វើឲ្យមានកម្ដៅឡើងខ្លាំង គ្មានជម្រក ដល់សត្វព្រៃ ការលក់ព្រៃឈើយកទៅស្រុសផ្កាក្រៅការដុះ +នេសាទ  -កុំកាប់ព្រៃលិចទឹក -កុំឆាប់រហ័សនៃ -ការបាត់បង់ធម្មជាតិ។,15,10,3,0.6666666666666666,0.31298828125,1,5,2,5
209,តើកត្តាអ្វីខ្លះដែលធ្វើអោយសម័យអង្គររីកចម្រើនដល់កំពូល?​ ចូលរៀបរាប់។,កត្តាដែលធ្វើអោយសម័យអង្គររីកចម្រើនគឺ: កត្តាព្រះរាជា:ព្រះរាជាចាប់ពីព្រះបាទជ័យវរ្ម័នទី 2 រហូតដល់ព្រះបាទជ័យវរ្ម័នទី 7 សុទ្ធតែជាស្ដេចខ្លាំងពូកែ កត្តានយោបាយ: នយោបាយក្នុងប្រទេសបង្រួបបង្រួមជាតិកសាងនិងការពារទឹកដី នយោបាយក្រៅប្រទេស:ចងសម្ព័ន្ធមិត្តជាមួយប្រទេសធំៗវាយយករដ្ឋតូចដាក់ជាចំណុះ កត្តាសេដ្ឋកិច្ច:រីកចម្រើនលើវិស័យកសិកម្មសិប្បកម្មគណនាគម កត្តាសាសនា:ការឯកភាពគ្នារវាងសាសនាព្រាហ្មនិងព្រះពុទ្ធ កត្តាធនធានមនុស្សបន្សល់ទុកតាំងពីសម័យនគរភ្នំនិងចេនឡាមក។,កត្តាដែលធ្វើអោយសម័យអង្គររីកចម្រើនគឺ: .កត្តាព្រះរាជា:ព្រះរាជាចាប់ពីព្រះបាទជ័យវរ្ម័នទី 2 រហូតដល់ព្រះបាទជ័យវរ្ម័នទី 7 សុទ្ធសឹងតែជាស្ដេចខ្លាំងពូកែ .កត្តានយោបាយ: +នយោបាយក្នុងប្រទេស:បង្រួបបង្រួម​ កសាង និងការពារ។ +នយោបាយក្រៅប្រទេស:ចងសម្ព័ន្ធមិត្តជាមួយប្រទេសធំៗដូចជាចិននិងឥណ្ឌា និងវាយយករដ្ឋតូចដាក់ជាចំណុះ .កត្តាសេដ្ឋកិច្ច:ការរីកចម្រើនលើវិស័យកសិកម្ម សិប្បកម្ម គណនាគមន៍ .កត្តាសាសនា:មានការឯកភាពគ្នារវាងសាសនាព្រាហ្មនិងព្រះពុទ្ធ .កត្តាធនធានមនុស្សបន្សល់ទុកតាំងពីសម័យនគរភ្នំនិងចេនឡាមក។,10,10,4,1.0,0.98486328125,4,10,0,0
210,បុព្វហេតុអ្វីខ្លះដែលនាំឲ្យអាណាចក្រចេនឡាបែកបាក់ជាពីរគឺអាណាចក្រចេនឡាដីគោកនិងចេនឡាទឹកលិច?,បុព្វហេតុដែលនាំហើយអាណាចក្រចេនឡាបែកជាពីរគឺ -វិសាលភាពទឹកដីធំទូលាយ -ចម្បាំងអត់ឈប់ឈរ -សមន្ដរដ្ឋបះបោរចង់ផ្ដាច់ខ្លួន -វិបត្តិផ្ទៃក្នុង -ព្រះនាងជ័យទេវីគ្មានសមត្ថភាពគ្រប់គ្រង។,បុព្វហេតុដែលនាំហើយអាណាចក្រចេនឡាបែកជាពីរគឺ -វិសាលភាពទឹកដីធំទូលាយ -ចម្បាំងអត់ឈប់ឈរ -សមន្ដរដ្ឋបះបោរចង់ផ្ដាច់ខ្លួន -វិបត្តិផ្ទៃក្នុង -ព្រះនាងជ័យទេវីគ្មានសមត្ថភាពគ្រប់គ្រង។,7,7,4,1.0,0.98779296875,4,7,0,0
211,តើគេចែកយុគសម័យបុរេប្រវត្តិសាស្ត្រកម្ពុជាជាប៉ុន្មានយុគសម័យ?អ្វីខ្លះ?,គេចែកយុគសម័យបុរេប្រវត្តិសាស្ត្រកម្ពុជាជាបីយុគសម័យគឺ -យុគថ្មបំបែក (600000 - 12000 ឆ្នាំមុនគ.ស) -យុគថ្មរលីងឬសំលៀង (8000 - 2000 ឆ្នាំមុនគ.ស) -យុគលោហៈ(2000-100 ឆ្នាំមុនគ.ស)។,គេចែកយុគសម័យបុរេប្រវត្តិសាស្ត្រកម្ពុជាជាបីយុគសម័យគឺ -យុគថ្មបំបែក (600000 - 12000 ឆ្នាំមុនគ.ស) -យុគថ្មរលីងឬសំលៀង (8000 - 2000 ឆ្នាំមុនគ.ស) -យុគលោហៈ(2000-100 ឆ្នាំមុនគ.ស)។,5,5,4,1.0,0.9912109375,4,5,0,0
212,ចូររៀបរាប់អំពីទំនាក់ទំនងរវាងការដាំដុះអាជីវកម្មព្រៃឈើនិងនេសាទ។,ទំនាក់ទំនងរវាង ការដាំដុះអាជីវកម្មព្រៃឈើ និងការនេសាទ៖  _ ការដាំដុះអាជីវកម្មព្រៃឈើ និងការនេសាទ ជាភោគទ្រព្យយ៉ាងសំខាន់សម្រាប់ប្រជាជនក្នុងការទ្រទ្រង់ក្នុងជីវភាពរស់នៅនិងការអភិវឌ្ឍន៍ប្រទេសជាតិ   _ ដើម្បីបំពេញតម្រូវការក្នុងកសិកម្មផលិតកម្មនិងត្រូវការផ្សេងៗ មនុស្សនាំគ្នាកាប់ព្រៃឈើដើម្បីធ្វើអាជីវកម្មព្រៃឈើជាមូលហេតុធ្វើឲ្យអាកាសធាតុប្រែប្រួលប៉ះពាល់ដល់ជីវិតមនុស្ស សត្វ និងរុក្ខជាតិ  ​ _ អតិផលនៃប្រព័ន្ធកសិកម្ម នាំឲ្យមានកំណើននៃការប្រើប្រាស់គីមីនិងថ្នាំសម្លាប់សត្វល្អិត។ ជីគីមី និងថ្នាំសម្លាប់សត្វល្អិត ទាំងនោះហូរទៅផ្ដុំគ្នានៅតាមផ្លូវទឹកនានា បំផ្លាញជីវិតសត្វនិងពូជធម្មជាតិ។,ទំនាក់ទំនងរវាង ការដាំដុះអាជីវកម្មព្រៃឈើ និងការនេសាទ៖  _ ការដាំដុះអាជីវកម្មព្រៃឈើ និងការនេសាទ ជាភោគទ្រព្យយ៉ាងសំខាន់សម្រាប់ប្រជាជនក្នុងការទ្រទ្រង់ក្នុងជីវភាពរស់នៅនិងការអភិវឌ្ឍន៍ប្រទេសជាតិ   _ ដើម្បីបំពេញតម្រូវការក្នុងកសិកម្មផលិតកម្មនិងត្រូវការផ្សេងៗ មនុស្សនាំគ្នាកាប់ព្រៃឈើដើម្បីធ្វើអាជីវកម្មព្រៃឈើជាមូលហេតុធ្វើឲ្យអាកាសធាតុប្រែប្រួលប៉ះពាល់ដល់ជីវិតមនុស្ស សត្វ និងរុក្ខជាតិ  ​ _ អតិផលនៃប្រព័ន្ធកសិកម្ម នាំឲ្យមានកំណើននៃការប្រើប្រាស់គីមីនិងថ្នាំសម្លាប់សត្វល្អិត។ ជីគីមី និងថ្នាំសម្លាប់សត្វល្អិត ទាំងនោះហូរទៅផ្ដុំគ្នានៅតាមផ្លូវទឹកនានា បំផ្លាញជីវិតសត្វនិងពូជធម្មជាតិ។,15,15,4,1.0,0.8623046875,3,13,1,2
213,តើឧស្សាហកម្មមានតួនាទីដូចម្ដេចខ្លះចំពោះសេដ្ឋកិច្ចជាតិ?,ឧស្សាហកម្មមាន​តួនាទីចំពោះសេដ្ឋកិច្ចជាតិដូចជា ៖ ​ _ ជួយបង្កើតថវិការជាតិ ​ _ ជួយបង្កើតទិន្នផលជាតិ ​​ _ ជួយឲ្យសេដ្ឋកិច្ចជាតិរីកចម្រើន  _ ប្រជាជនសំបូរធូរធារ  _អភិវឌ្ឍគ្រប់វិស័យ  _ មានទំនាក់ទំនងល្អជាមួយអ្នកជិតខាង  _ មានភាពរុងរឿងនៅក្នុងប្រទេសជាតិ។,ឧស្សាហកម្មមានតួនាទីចំពោះសេដ្ឋកិច្ចជាតិដូចជា ៖ _ ជួយបង្កើនប្រាក់ចំណូលជូនជាតិ23.8% ឆ្នាំ2008 _ បង្កើតការងារជូនប្រជាជន  _ បង្កើតប្រាក់ចំណូលក្នុងគ្រួសារ  _ ប្រជាជនមានជីវភាពធូរធារ _ ជួយរក្សាលំនឹងជញ្ជីងពាណិជ្ជកម្ម  _ ផ្ដល់ផលិតផលសម្រាប់នាំចេញ  _ ផ្ដល់ផលិតផលសម្រាប់ប្រើប្រាស់។,15,12,3,0.8,0.92919921875,4,14,1,2
214,តើព្រះអង្គឌួងមានស្នាព្រហស្ថអ្វីខ្លះចំពោះប្រទេសជាតិនិងប្រជារាស្ត្រខ្មែរ?,ព្រះបាទអង្គឌួងមានស្នាព្រហស្តដូចជាផ្នែករដ្ឋបាលរៀបចំប្រព័ន្ធរដ្ឋបាលនិងច្បាប់ទម្លាប់ស្ដារឡើងវិញមានរបៀបផ្នែកសេដ្ឋកិច្ចលើកស្ទួយវិស័យកសិកម្មជួសជុលប្រព័ន្ធ សេះនិងពាណិជ្ជកម្ម ភ្នែកបរទេសស្វែងរកជំនួយពីបារាំងដើម្បីទប់ទល់នឹងការត្រួតត្រាយួននិងសៀម ផ្នែកវប្បធម៌លើកស្ទួយវប្បធម៌អក្សរសាស្ត្រខ្មែរនិង សាសនា កត្តាផ្ទៃក្នុង ការបែកបាក់រាជវង្សានុវង្សបែកបាក់សាមគ្គី។,ព្រះអង្គឌួងមានស្នាព្រហស្តចំពោះប្រទេសជាតិនិងប្រទេសខ្មែរដូចជា ផ្នែកអក្សរសាស្ត្រកំណែទម្រង់ផ្នែករដ្ឋបាលកសាងហេដ្ឋារចនាសម្ព័ន្ធមានផ្លូវពីរដងទៅកំពតដែលជាកំពង់ផែសមុទ្រថ្មីការកសាងកំពង់ផែដើម្បីជំនួសកំពង់ផែចាស់ក្នុងខេត្តពាមដែលប្រទេស  លមយកនិងស្ដារមុខមាត់។,15,12,3,0.8,0.60205078125,2,9,1,3
215,តើគេចែកយុគសម័យបុរេប្រវត្តិសាស្ត្រកម្ពុជាជាប៉ុន្មានយុគសម័យ?អ្វីខ្លះ?,គេចែកយុគសម័យបុរេប្រវត្តិសាស្ត្រកម្ពុជាជាបីយុគសម័យគឺ -យុគថ្មបំបែក (600000 - 12000 ឆ្នាំមុនគ.ស) -យុគថ្មរលីងឬសំលៀង (8000 - 2000 ឆ្នាំមុនគ.ស) -យុគលោហៈ(2000-100 ឆ្នាំមុនគ.ស)។,គេចែកយុគសម័យបុរេប្រវត្តិសាស្ត្រកម្ពុជាជាបីយុគសម័យគឺ -យុគថ្មបំបែក -យុគថ្មរលីងឬសំលៀង -យុគលោហៈ។,5,3,2,0.6,0.59228515625,2,3,0,0
216,តើសង្គមខ្មែរនៅសម័យអង្គរមានប៉ុន្មានវណ្ណៈ? វណ្ណៈអ្វីខ្លះ? ចូលរៀបរាប់។,សង្គមខ្មែរនៅសម័យអង្គរមានប្រាំវណ្ណៈគឺ -វណ្ណៈក្សត្រឬរាជវង្សនុវង្ស (ជាស្ដេចគ្រប់គ្រងប្រទេស -វណ្ណៈមន្ត្រី (អ្នករស់នៅក្នុងរាជវាំងបម្រើស្ដេច) -វណ្ណៈព្រាហ្ម៍ឬបុព្វជិត​(គឺជាអ្នកបួស) -វណ្ណៈអ្នកជាឬកសិករ (អ្នករស់នៅនឹងធ្វើស្រែចម្ការ) -វណ្ណៈអ្នកងារឬទាសករ(ទាសករបម្រើគេតកូនតចៅ)។,សង្គមខ្មែរនៅសម័យអង្គរមានប្រាំវណ្ណៈគឺ -វណ្ណៈក្សត្រ:ជាអ្នកដឹកនាំប្រទេសនិងជាអ្នកបង្រួបបង្រួមនិងការពារជាតិ -វណ្ណៈមន្ត្រី:ជាអ្នកត្រួតត្រាបន្ទាប់ពីព្រះមហាក្សត្រ -វណ្ណៈព្រាហ្ម៍និងព្រះសង្ឃ:ជាអ្នកត្រាស់ដឹង -វណ្ណៈអ្នកជា:ជាប្រជាពលរដ្ឋទូទៅ -វណ្ណៈទាសករ:ជាអ្នកបម្រើ,10,10,4,1.0,0.9697265625,4,10,0,0
217,តើសេដ្ឋកិច្ចកម្ពុជាពឹងផ្អែកលើវិស័យអ្វីជាសំខាន់?     ក/ ហេតុអ្វីបានជាគេនិយាយថាកម្ពុជាជាប្រទេសកសិកម្ម?     ខ/ តើគេចែកកសិករជាប៉ុន្មានប្រភេទ?អ្វីខ្លះ?,សេដ្ឋកិច្ចកម្ពុជាពឹងផ្អែកលើវិស័យកសិកម្មជាសំខាន់។   ក/ បានជាគេនិយាយថាកម្ពុជាជាប្រទេសឧស្សាហកម្មព្រោះ៖  _  សណ្ឋានដី : ដីមានជីវជាតិល្អនិងសម្បូរទំនាបល្បាប់   _ ផ្លូវទឹក : ផ្លូវទឹកខ្វាត់ខ្វែងងាយស្រួលដល់ការដាំដុះ  _ ប្រជាជន : ប្រជាជនខ្មែរភាគច្រើនចូលចិត្តធ្វើកសិកម្ម  _ អាកាសធាតុ : ទទួលអាកាសធាតុក្តៅសើម  _ កសិកម្មផ្តល់ផល50%នៃផលិតផលជាតិសរុប។  ខ/ គេចែកកសិករទាំងនោះជា4ប្រភេទគឺ៖  _ កសិករធ្វើស្រែឬអ្នកស្រែ : និយមធ្វើស្រែ ស្រូវប្រាំង ស្រូវវស្សា ស្រូវឡើងទឹក  _ កសិករតំបន់ដីខ្ពស់ : គេដាំដំណាំជាអចិន្ត្រៃយ៍(ពោត ដំឡូង ចេក កៅស៊ូសណ្តែក)  _ កសិករធ្វើចម្ការដំណាំស្រូវ : គេដាំដំណាំតាមមាត់ទន្លេ ចិញ្ចឹមសត្វនិងនេសាទ  _ កសិករភូមិភាគឦសាន: គេធ្វើដំណាំព្រៃដុតមានដូចជាពោត ដំឡូង ស្រូវរុក្ខជាតិយកមើមដទៃទៀត និងបរបាញ់សត្វផងដែរ។,សេដ្ឋកិច្ចកម្ពុជាពឹងផ្អែកលើវិស័យកសិកម្មជាសំខាន់៖ ក.បានជាគេនិយាយថាកម្ពុជាជាប្រទេសកសិកម្មព្រោះជាវិស័យកសិកម្មជាប្រភពចំណូលជាតិដែលធ្វើឲ្យប្រទេសអភិវឌ្ឍន៍បានរីកចម្រើនជាងគេហើយក៏ដោយសារប្រជាជនភាគ ច្រើនជាកសិករដែលរស់នៅទីជនបទហើយម្យ៉ាងទៀត ប្រទេសកម្ពុជាមានសណ្ឋានដីជាតំបន់វាសទំនងនិងខ្ពស់រាបដែលសម្បូរទៅដោយដីមានជីវជាតិដែលអាចដាំដុះបន្លែផ្លែឈើនិងដំណាំផ្សេងៗបានយ៉ាងល្អ។ ខ.គេបែងចែកកសិករទាំងនោះជាបីផ្នែក៖ +អ្នកបង្ករបង្កើនផលមានតួនាទីបង្កើតនិងដាំដុះនូវគ្រាប់ពូជនិងពន្លកឲ្យលូតលាស់។ +អ្នកថែទាំ:គឺជាអ្នកថែរក្សាកសិកម្មឲ្យមានទិន្នផលល្អប្រសើរជាផុតពីការយើសយីពីសត្វល្អិតផ្សេងៗនិងការលិចទឹកការបាត់បង់ទឹកជាដើម។ +អ្នកប្រមូល:គឺជាអ្នកដែលចាប់ផ្ដើមប្រមូលនូវទិន្នផលកសិកម្មដែលដល់ពេលចូលរដូវការប្រមូលផល។,20,10,2,0.5,0.372314453125,1,7,1,3
218,ដូចម្តេចដែលហៅថាមេយ៉ូស? ចូរនិយាយពីវគ្គផ្សេងៗនៃមេយ៉ូស។,មេយ៉ូសជាសំណុំនៃចំណែកកោសិកាពីរដងបន្តបន្ទាប់គ្នាដែលបង្កើតបានជាកោសិកាអាលូអុីតបួន ហៅថាមេយ៉ូស ។ _តេឡូផាស1 ស៊ីតូប្លាសចែកខ្លួនបានជាកោសិកាកូនពីរ ។កោសិកាកូននីមួយៗទទួលបានក្រូម៉ូសូម តែមួយពីរគូអូម៉ូឡូក ។ _ប្រផាស1 មានរយៈពេលវែង ។ _អាណាផាស1 ក្រូម៉ូសូមដំរៀបលើផ្លាស់ភ្ជាប់នឹងក្រយ៉ូងក្រូម៉ាទិចដោយសង់ក្រូងទ័ររបស់វា ។ _តេឡូផាស2 ក្រូម៉ូមនីមួយៗបានមកដល់ប៉ូលភ្នាស _មេតាផាស2 ក្រូម៉ូសូមប្រេះតាមបណ្ដោយភ្ជាប់ខ្លួនទៅនិងក្រយ៉ងក្រូម៉ាទិចដោយសង់ _ប្រូដាស2 ត្តយ៉ងអាក្រូម៉ាទិតកើតមានក្នុងកោសិកាគូនីមួយៗ _អាណាផាស2 សង់ក្រូម៉ែធ្វើចំណែកដែលនាំអោយក្រូម៉ាទិចបងប្អូនដាច់ចេញពីគ្នា ។បន្ទាប់មក ក្រូម៉ូសូមកូនទាំង2ធ្វើដំណើរឆ្ពោះទៅប៉ូលផ្ទុយគ្នារបស់ត្រយ៉ូងអាក្រូម៉ាទិច ។,មេយ៉ូសជាសំណុំនៃចំណែកកោសិកាពីរដងបន្តបន្ទាប់គ្នាដែលបង្កើតបានជាកោសិកាអាលូអុីតបួន ហៅថាមេយ៉ូស ។ _តេឡូផាស1 ស៊ីតូប្លាសចែកខ្លួនបានជាកោសិកាកូនពីរ ។កោសិកាកូននីមួយៗទទួលបានក្រូម៉ូសូម តែមួយពីរគូអូម៉ូឡូក ។ _អាណាផាស1 ក្រូម៉ូសូមដំរៀបលើផ្លាស់ភ្ជាប់នឹងក្រយ៉ូងក្រូម៉ាទិចដោយសង់ក្រូងទ័ររបស់វា ។ _តេឡូផាស2 ក្រូម៉ូមនីមួយៗបានមកដល់ប៉ូលភ្នាស _មេតាផាស2 ក្រូម៉ូសូមប្រេះតាមបណ្ដោយភ្ជាប់ខ្លួនទៅនិងក្រយ៉ងក្រូម៉ាទិចដោយសង់ _ប្រូដាស2 ត្តយ៉ងអាក្រូម៉ាទិតកើតមានក្នុងកោសិកាគូនីមួយៗ,10,6,2,0.6,0.65673828125,3,7,1,1
219,តើកត្តាអ្វីខ្លះដែលធ្វើអោយសម័យអង្គររីកចម្រើនដល់កំពូល?​ ចូលរៀបរាប់។,កត្តាដែលធ្វើអោយសម័យអង្គររីកចម្រើនគឺ: កត្តាព្រះរាជា:ព្រះរាជាចាប់ពីព្រះបាទជ័យវរ្ម័នទី 2 រហូតដល់ព្រះបាទជ័យវរ្ម័នទី 7 សុទ្ធតែជាស្ដេចខ្លាំងពូកែ កត្តានយោបាយ: នយោបាយក្នុងប្រទេសបង្រួបបង្រួមជាតិកសាងនិងការពារទឹកដី នយោបាយក្រៅប្រទេស:ចងសម្ព័ន្ធមិត្តជាមួយប្រទេសធំៗវាយយករដ្ឋតូចដាក់ជាចំណុះ កត្តាសេដ្ឋកិច្ច:រីកចម្រើនលើវិស័យកសិកម្មសិប្បកម្មគណនាគម កត្តាសាសនា:ការឯកភាពគ្នារវាងសាសនាព្រាហ្មនិងព្រះពុទ្ធ កត្តាធនធានមនុស្សបន្សល់ទុកតាំងពីសម័យនគរភ្នំនិងចេនឡាមក។,កត្តាដែលធ្វើអោយសម័យអង្គររីកចម្រើនគឺ: កត្តាព្រះរាជា:ព្រះរាជាចាប់ពីព្រះបាទជ័យវរ្ម័នទី 2 រហូតដល់ព្រះបាទជ័យវរ្ម័នទី 7 សុទ្ធសឹងតែជាស្ដេចខ្លាំងពូកែ កត្តានយោបាយ: នយោបាយក្នុងប្រទេសបង្រួបបង្រួមជាតិកសាងនិងការពារទឹកដី នយោបាយក្រៅប្រទេស:ចងសម្ព័ន្ធមិត្តជាមួយប្រទេសធំៗវាយយករដ្ឋតូចដាក់ជាចំណុះ កត្តាសេដ្ឋកិច្ច:រីកចម្រើនលើវិស័យកសិកម្មសិប្បកម្មគណនាគមន៍ កត្តាសាសនា:ការឯកភាពគ្នារវាងសាសនាព្រាហ្មនិងព្រះពុទ្ធ កត្តាធនធាន:មនុស្សបន្សល់ទុកតាំងពីសម័យនគរភ្នំនិងចេនឡាមក។,10,10,4,1.0,0.98486328125,4,10,0,0
220,ចូរពណ៏នាពីការអភិវឌ្ឍសេដ្ឋកិច្ច សង្គម នៅកម្ពុជាពីឆ្នាំ១៩៩៣ មកទល់សព្វថ្ងៃ?,ការអភិវឌ្ឈនៅកម្ពុជា +វិស័យសេដ្ឋកិច្ច -ជួយជំរុញវិស័យកសិកម្ម ឧស្សាហកម្ម ពាណិជ្ជកម្ម ទេសចរណ៌ មានការអភិវឌ្ឈ -មានកំណើនការវិនិយោគពីឯកជនបង្កើតទុនបរទេស -មានទំនាក់ទំនងពាណិជ្ជកម្មអន្តរជាតិជាមួយអាស៊ាននិងមហាអំណាចធំៗ -មានកំណើនភ្ញៀវទេសចរណ៌ជាតិនិងអន្តរជាតិ ផ្ដល់ចំណូលដល់ប្រជាជន -កសាងហេដ្ឋារចនាសម្ព័ន្ធ មានផ្លូវថ្នល់ ស្ពានដែក កំពង់ផែ អាកាសយាន្តដ្ឋាន ដោយបំពាក់ប្រព័ន្ធទឹកភ្លើងពីទីក្រុងទៅជនបទ +វិស័យសង្គម -មានការទប់ស្កាត់សង្គ្រាម -លើកស្ទួយការគោរពសិទ្ធិមនុស្ស -ទប់ស្កាត់អំពើពុករលួយ -ធ្វើឱ្យរដ្ឋាភិបាលមានលទ្ធភាពសម្រេចផែនការនានាតាមការកំណត់ -ជួយឱ្យមានរក្សាសន្តិភាព សុខសុវត្ថិភាព -មានការអភិវឌ្ឈសាលារៀន មន្ទីរពេទ្យ -មានសមភាពយែនឌ័រក្នុងសង្គម -កម្ពុជារៀបចំកម្មវិធីធំៗថ្នាក់ជាតិ។,ពណ៌នាអំពីការអភិវឌ្ឍសេដ្ឋកិច្ច សង្គម នៅកម្ពុជាឆ្នាំ ១៩៩៣ មកទល់សព្វថ្ងៃ៖ + សេដ្ឋកិច្ច៖ -ស្ដាវិស័យកសិកម្ម ឧស្សាហកម្ម ពាណិជ្ជកម្ម -បង្កើតប្រព័ន្ធសេដ្ឋកិច្ចទីផ្សារសេរី និងផ្តល់កម្មសិទ្ធិឯកជន -កំណេទម្រង់ប្រព័ន្ធហេដ្ឋារចនាសម្ព័ន្ធទំនើប។ - កំណើនរោងចក្រឧស្សាហកម្ម -ប្រជាជនមានការងារធ្វើ -មានទីផ្សារសម្រាប់លក់ផលិផល និងប្រាក់ចំណូល + សង្គម -ការអប់រំ: សាងសង់សាលារៀនគ្រប់កម្រិតសិក្សា ជម្រុញឱ្យនិស្សិតទៅសិក្សានៅក្រៅប្រទេស និងអញ្ជើញគ្រូបរទេសមកបង្រៀនក្នុងប្រទេស  ហើយបណ្តុះបណ្តាលធនធានមនុស្ស។ -វប្បធម៌: លើកកម្ពស់វិស័យវប្បធម៌ និងផ្សព្វផ្សាយវប្បធម៌ សាសនា ប្រពៃណី ទំនៀមទម្លាប់។ -សណ្តាប់ធ្នាប់: រៀបចំសណ្តាប់ធ្នាប់ក្នុងប្រទេស បង្កើតច្បាប់ លុបបំបាត់ការជួញដូរគ្រឿងញៀន មនុស្ស អាវុធ...។ -សុខាភិបាល: សាងសង់មន្ទីរពេទ្យ មណ្ឌលសុខភាព។,10,9,4,0.9,0.96044921875,4,10,0,1
221,ចូររៀបរាប់អំពីទំនាក់ទំនងរវាងការដាំដុះអាជីវកម្មព្រៃឈើនិងនេសាទ។,ទំនាក់ទំនងរវាង ការដាំដុះអាជីវកម្មព្រៃឈើ និងការនេសាទ៖  _ ការដាំដុះអាជីវកម្មព្រៃឈើ និងការនេសាទ ជាភោគទ្រព្យយ៉ាងសំខាន់សម្រាប់ប្រជាជនក្នុងការទ្រទ្រង់ក្នុងជីវភាពរស់នៅនិងការអភិវឌ្ឍន៍ប្រទេសជាតិ   _ ដើម្បីបំពេញតម្រូវការក្នុងកសិកម្មផលិតកម្មនិងត្រូវការផ្សេងៗ មនុស្សនាំគ្នាកាប់ព្រៃឈើដើម្បីធ្វើអាជីវកម្មព្រៃឈើជាមូលហេតុធ្វើឲ្យអាកាសធាតុប្រែប្រួលប៉ះពាល់ដល់ជីវិតមនុស្ស សត្វ និងរុក្ខជាតិ  ​ _ អតិផលនៃប្រព័ន្ធកសិកម្ម នាំឲ្យមានកំណើននៃការប្រើប្រាស់គីមីនិងថ្នាំសម្លាប់សត្វល្អិត។ ជីគីមី និងថ្នាំសម្លាប់សត្វល្អិត ទាំងនោះហូរទៅផ្ដុំគ្នានៅតាមផ្លូវទឹកនានា បំផ្លាញជីវិតសត្វនិងពូជធម្មជាតិ។,ទំនាក់ទំនងរវាងការដាំដុះអាជីវកម្មព្រៃឈើនិងការនេសាទ៖ ​ + ការដាំដុះ : ការដាំដើមកៅស៊ូ ការដាំព្រៃឈើ ការដាំដំណាំឧស្សាហកម្ម  + អាជីវកម្មព្រៃឈើ : ការកាប់បំផ្លាញព្រៃឈើ ការដុតព្រៃឈើ ការជីកព្រៃសម្រាប់ធ្វើអាជីវកម្ម  + ការនេសាទ : ការចាប់ត្រីដោយប្រើប្រាស់គ្រឿងផ្ទុះ ការឆក់ត្រី ការនេសាទត្រីនៅរដូវត្រីពង ការចាប់ត្រីជាលក្ខណៈអាជីព។,15,5,1,0.3333333333333333,0.1165771484375,0,2,1,3
222,តើការស្ថិតនៅក្រៅសារពាង្គកាយនៃពងស្វាសមានសារៈសំខាន់ដូចម្តេច?,ការស្ថិតនៅក្រោមសារពាង្គកាយនៃពងស្វាសមានសារៈសំខាន់ដូចជាដើម្បីរក្សាសីតុណ្ហភាពឲ្យ ទាបជាងសីតុណ្ហភាពក្នុងខ្លួន ប្រហែលពី(2-3)សីតុណ្ហភាពក្នុងខ្លួន37 ។,ការស្ថិតនៅក្រោមសារពាង្គកាយនៃពងស្វាសមានសារៈសំខាន់ក្នុងការផលិតអរម៉ូនភេទឈ្មោលនិង បង្កើតស្ពែម៉ាតូសូអ៊ីត ។,10,3,1,0.3,0.2088623046875,1,2,0,1
223,តើប្រទេសកម្ពុជាចូលជាសមាជិក សហគមន៍អាសុីអាគ្នេយ៍ទទួលបានផលវិជ្ជមាននិងផលអវិជ្ជមានដូចម្ដេចខ្លះ?,ប្រទេសកម្ពុជាចូលជាសមាជិកសាមាសហគមន៍អាស៊ីអាគ្នេយ៍ទទួលផលវិជ្ជមាននឹងអវិជ្ជមានដូចជា៖ +ផលវិជ្ជមាន៖ -កម្ពុជាលែងឯកោទៅទៀត -បានចូលរួមនៅរាល់ការសម្រេចចិត្តនានាក្នុងតំបន់ -កម្ពុជាបានឈរស្មើមុខមាត់ជាមួយបណ្ដាប្រទេសជាសមាជិកអាស៊ាន -កម្ពុជាមានដៃគូច្រើនទាំងក្នុងតំបន់និងពិភព -កម្ពុជាអាចពង្រីកអនុភាពនិងបង្កើតតួនាទីរបស់ខ្លួនកាន់តែសកម្មភាពដែលក្នុងតំបន់នៃអន្តរជាតិ -កម្ពុជាមានសិទ្ធពេញលេញក្រោមការរៀបចំកិច្ចប្រជុំធំៗក្នុងប្រទេសខ្លួនលក្ខណៈតំបន់និងពិភពលោក -ការលើកលែងទិដ្ឋការ -កម្ពុជាក្លាយជាកន្លែងវិនិយោគដ៏មានសក្តានុពលពាណិជ្ជកម្មរវាងពាណិជ្ជកម្មនិងស្រួលជាងមុនចំពោះទីផ្សារ -សេដ្ឋកិច្ចកម្ពុជាមានកំណើនរៀងរាល់ឆ្នាំ -ប្រជាជនអាចរកការងារធ្វើទាំងក្នុងប្រទេសក្នុងតំបន់និងក្រៅតំបន់ -កំណើនភ្ញៀវទេសចរជាច្រើន +ផលអវិជ្ជមាន៖ -ពាណិជ្ជកម្មសេដ្ឋកិច្ចដំណើរការមិនល្អ -កម្ពុជាបាត់បង់ជំនឿសាសនាប្រពៃណីទំនៀមទម្លាប់,ប្រទេសកម្ពុជាចូលជាសមាជិកសាមាសហគមន៍អាស៊ីអាគ្នេយ៍ទទួលផលវិជ្ជមាននឹងអវិជ្ជមានដូចជា៖ +ផលវិជ្ជមាន៖ -កម្ពុជាលែងឯកោទៅទៀត -បានចូលរួមនៅរាល់ការសម្រេចចិត្តនានាក្នុងតំបន់ -កម្ពុជាមានដៃគូសហការច្រើនទាំងក្នុងតំបន់និងពិភពលោក-កម្ពុជាបានឈរស្មើមុខមាត់និងប្រទេសនៅក្នុងតំបន់និងពិភពលោក -កម្ពុជាអាចពង្រីកអនុភាពនិងបង្កើតតួនាទីរបស់ខ្លួនកាន់តែសកម្មទៅទៀតនៅក្នុងតំបន់និងអន្តរជាតិ -កម្ពុជាមានឱកាសពេញលេញក្នុងការរៀបចំកិច្ចប្រជុំធំៗក្នុងប្រទេសខ្លួនលក្ខណៈតំបន់និងពិភពលោក -ការលើកលែងទិដ្ឋការ -កម្ពុជាក្លាយជាកន្លែងវិនិយោគដ៏មានសក្តានុពល -ពាណិជ្ជកម្មរវាងពាណិជ្ជកម្មនិងស្រួលជាងមុនចំពោះទីផ្សារ -សេដ្ឋកិច្ចកម្ពុជាមានកំណើនរៀងរាល់ឆ្នាំ +ផលអវិជ្ជមាន៖ -សេដ្ឋកិច្ចកម្ពុជាមិនសូវរីកចម្រើន។,10,8,3,0.8,0.8056640625,3,8,0,0
224,តើសេដ្ឋកិច្ចកម្ពុជាពឹងផ្អែកលើវិស័យអ្វីជាសំខាន់?     ក/ ហេតុអ្វីបានជាគេនិយាយថាកម្ពុជាជាប្រទេសកសិកម្ម?     ខ/ តើគេចែកកសិករជាប៉ុន្មានប្រភេទ?អ្វីខ្លះ?,សេដ្ឋកិច្ចកម្ពុជាពឹងផ្អែកលើវិស័យកសិកម្មជាសំខាន់។   ក/ បានជាគេនិយាយថាកម្ពុជាជាប្រទេសឧស្សាហកម្មព្រោះ៖  _  សណ្ឋានដី : ដីមានជីវជាតិល្អនិងសម្បូរទំនាបល្បាប់   _ ផ្លូវទឹក : ផ្លូវទឹកខ្វាត់ខ្វែងងាយស្រួលដល់ការដាំដុះ  _ ប្រជាជន : ប្រជាជនខ្មែរភាគច្រើនចូលចិត្តធ្វើកសិកម្ម  _ អាកាសធាតុ : ទទួលអាកាសធាតុក្តៅសើម  _ កសិកម្មផ្តល់ផល50%នៃផលិតផលជាតិសរុប។  ខ/ គេចែកកសិករទាំងនោះជា4ប្រភេទគឺ៖  _ កសិករធ្វើស្រែឬអ្នកស្រែ : និយមធ្វើស្រែ ស្រូវប្រាំង ស្រូវវស្សា ស្រូវឡើងទឹក  _ កសិករតំបន់ដីខ្ពស់ : គេដាំដំណាំជាអចិន្ត្រៃយ៍(ពោត ដំឡូង ចេក កៅស៊ូសណ្តែក)  _ កសិករធ្វើចម្ការដំណាំស្រូវ : គេដាំដំណាំតាមមាត់ទន្លេ ចិញ្ចឹមសត្វនិងនេសាទ  _ កសិករភូមិភាគឦសាន: គេធ្វើដំណាំព្រៃដុតមានដូចជាពោត ដំឡូង ស្រូវរុក្ខជាតិយកមើមដទៃទៀត និងបរបាញ់សត្វផងដែរ។,សេដ្ឋកិច្ចជាតិផ្អែកលើវិស័យកសិកម្មជាសំខាន់ព្រោះវិស័យនេះសំខាន់ដល់ជាតិដូចជា៖ -មានលក្ខណៈអនុគ្រោះដល់អ្នកវិភាគវិស័យនេះពោលគឺសម្បូរទៅដោយឡែក រាបនិងខ្ពស់រាបស្មើប្រកបដោយក្តីជីវជាតិល្អសម្រាប់ការដាំដុះការចិញ្ចឹមសត្វនិងព្រៃឈើ -កម្ពុជាឋិតនៅក្នុង តំបន់ត្រូពិកដែលអាកាសធាតុ នឹងខ្យល់ហើយទទួលបានពីខ្យល់មូសុងមានភ្លៀងធ្លាក់ច្រើននិងមានកម្ដៅគ្រប់គ្រាន់ សម្រាប់ដាំដុះចិញ្ចឹមសត្វនិងនេសាទ -វិស័យនេះផ្ដល់ជូនការងារប្រជាជនជាច្រើន ជាប្រភពស្បៀងអាហារជាប្រភពនៃវត្ថុធាតុដើមសម្រាប់ឧស្សាហកម្មក្នុងស្រុកនិងដើមចេញ ច្រើនជាងគេ -ការកាត់បន្ថយអត់ការងារធ្វើរបស់ប្រជាជន -ការកាត់បន្ថយភាពក្រក្រី ប្រជាជន  -គេបែកចែកកសិករ ទាំងនោះជាបួនប្រភេទកសិករ។  ដំណាំស្រូវកសិករស្រែចម្ការការ ដំណាំពោតសណ្តែក ក.កសិករប៉ែតសិបភាគរយជាកសិករ -គេបែងចែកកសិកម្មទាំងនោះជាបួនគឺ -កសិករដាំស្រូវ -កសិករមិនដាំស្រូវ  -កសិករដីខ្ពស់ -កសិករភូមិភាគឦសាន,20,10,2,0.5,0.76708984375,3,15,1,5
225,ហេតុអ្វីបានជាផ្នែកឯកជនជាកម្លាំងដ៏សំខាន់សម្រាប់ការវិនិយោគសេដ្ឋកិច្ច?,សេដ្ឋកិច្ចកម្ពុជាពឹងផ្អែកលើវិស័យកសិកម្មជាសំខាន់ៗ 5 គឺឧស្សាហកម្មកសិកម្មពាណិជ្ជកម្មគមនាគមន៍និងទេសចរណ៍ ក៏បានជាគេនិយាយថាកម្ពុជាប្រទេសកសិកម្មនៅប្រទេសកម្ពុជាមនុស្សមួយចំនួនធំគឺធ្វើកសិកម្ម។ច្រើនសុទ្ធតែជាកសិករកម្ពុជាសម្បូរជីកសិកម្មមានជីវជាតិសម្រាប់ឲ្យយើងធ្វើកសិកម្មចិញ្ចឹមសត្វនិងការដណ្ដប់ជួយបង្កើនចំណូលជូនជាងការងារចេញនៅក្រៅប្រទេសស្ករស្រូវដំឡូងកៅស៊ូ ខ. គេចែកកសិករទាំងនេះជាបួនប្រភេទកសិករតំបន់វាលខ្ពស់កសិករធ្វើស្រែឬមិនធ្វើស្រែកសិករភូមិភាគឥសានកសិករធ្វើតែស្រែ,សេដ្ឋកិច្ចកម្ពុជាពឹងផ្អៃលើវិស័យកសិកម្មជាសំខាន់ក៏បានជាគេនិយាយថាកម្ពុជាជាប្រទេសកសិកម្មពីព្រោះប្រទេសកម្ពុជាគឺជាប្រទេសមួយដែលមានរាងជាបាតផ្ទះដូច្នេះហើយទើបវាមានអាកាសធាតុសមស្របដែលងាយក្នុងការធ្វើកសិកម្មដែលរដូវនៅប្រទេសកម្ពុជាមានពីរដូវគឺរដូវប្រាំងនិងរដូវវស្សា។ហេតុដូចនេះហើយទើបធ្វើឲ្យយើងមានទឹកគ្រប់គ្រាន់និងដីដែលមានជីវជាតិផងដែរដែលដំណាំនៃកម្ពុជាមានដូចជាស្រូវពោតដំឡូងកប្បៈសំដែងអំពៅត្នោតចេកនិងបន្លែធម្មជាតិជាច្រើនទៀតហេតុដូចនេះហើយប្រទេសកម្ពុជាគឺជាតំបន់មួយដែលសមស្របក្នុងការដាំដុះផ្នែកកសិកម្ម។ខកគេចែកកសិករជាពីរប្រភេទគឺកសិករប្រមូលផលនិងកសិករទីផ្សារកសិករប្រមូលផលគឺជាកសិករដែលធ្វើដំណាំស្រាចំការដោយមើលថែដំណាំស៊ីឈ្នួលឬធ្វើដោយខ្លួនឯង។កសិករទីផ្សារគឺជាកសិករដែលនាំចេញទំនិញនៅទីផ្សារដើម្បីចែកចាយទៅតាមទីកន្លែងនេះហើយដែរតាមផ្ទះកសិកររួចប្រមូលផ្ដុំដើម្បីនាំចេញទៅទីផ្សារសេរី,15,8,2,0.5333333333333333,0.354248046875,1,5,1,3
226,តើសង្គមខ្មែរនៅសម័យអង្គរមានប៉ុន្មានវណ្ណៈ? វណ្ណៈអ្វីខ្លះ? ចូលរៀបរាប់។,សង្គមខ្មែរនៅសម័យអង្គរមានប្រាំវណ្ណៈគឺ -វណ្ណៈក្សត្រឬរាជវង្សនុវង្ស (ជាស្ដេចគ្រប់គ្រងប្រទេស -វណ្ណៈមន្ត្រី (អ្នករស់នៅក្នុងរាជវាំងបម្រើស្ដេច) -វណ្ណៈព្រាហ្ម៍ឬបុព្វជិត​(គឺជាអ្នកបួស) -វណ្ណៈអ្នកជាឬកសិករ (អ្នករស់នៅនឹងធ្វើស្រែចម្ការ) -វណ្ណៈអ្នកងារឬទាសករ(ទាសករបម្រើគេតកូនតចៅ)។,សង្គមខ្មែរនៅសម័យអង្គរមានប្រាំវណ្ណៈគឺ -វណ្ណៈក្សត្រឬរាជវង្សានុវង្ស:វណ្ណៈនេះមានបុព្វសិទ្ធ -វណ្ណៈមន្ត្រី -វណ្ណៈបុព្វជិត -វណ្ណៈអ្នកជា -វណ្ណៈទាសករនិងអ្នកងារ។,10,6,2,0.6,0.53369140625,2,5,0,1
227,តើមូលហេតុអ្វីបានជាព្រះបាទពញាយ៉ាត ជ្រើសរើសយកចតុមុខធ្វើជារាជធានី?,បានជាព្រះបាទពញាយ៉ាតជ្រើសរើសក្រុងចតុមុខជារាជធានីព្រោះ មានទីតាំងភូមិសាស្ត្រល្អ គេចពីសត្រូវឈ្លានពានសៀម ដីមានជីវជាតិងាយស្រួលក្នុងការធ្វើកសិកម្ម ជាទីប្រសព្វនៃជំនួសទាំងផ្លូវគោកនិងផ្លូវទឹក សម្បូរផ្លូវក្នុងការធ្វើកសិកម្មនិងជំនួញ ភាពខាងត្បូងដីមានប្រជាជនច្រើននិងធនធានដើម្បីកសាងសេដ្ឋកិច្ចជាតិ។,ហើយបានជាព្រះបាទពញាយ៉ាតជ្រើសរើសយកចតុមុខធ្វើជារាជធានី ព្រោះតំបន់ចតុមុខភ្នំពេញមានលក្ខណៈអំណោយផលដូចជា ភូមិសាស្ត្រជាចំណុចប្រសព្វទន្លេបួនដែលងាយស្រួលក្នុងការធ្វើចរាចរណ៍និងពាណិជ្ជកម្មតាមផ្លូវទឹក សន្តិសុខ ស្ថិតនៅឆ្ងាយពីការយាយីរបស់ទ័ពសៀម ជាងរាជធានីអង្គរ សេដ្ឋកិច្ច ជាតំបន់ដីសើមដ៏សម្បូរត្រីសាច់និងបីមានដីជាតិសម្រាប់កសិកម្ម។,10,8,3,0.8,0.77978515625,3,8,0,0
228,បុព្វហេតុអ្វីខ្លះដែលនាំឲ្យអាណាចក្រចេនឡាបែកបាក់ជាពីរគឺអាណាចក្រចេនឡាដីគោកនិងចេនឡាទឹកលិច?,បុព្វហេតុដែលនាំហើយអាណាចក្រចេនឡាបែកជាពីរគឺ -វិសាលភាពទឹកដីធំទូលាយ -ចម្បាំងអត់ឈប់ឈរ -សមន្ដរដ្ឋបះបោរចង់ផ្ដាច់ខ្លួន -វិបត្តិផ្ទៃក្នុង -ព្រះនាងជ័យទេវីគ្មានសមត្ថភាពគ្រប់គ្រង។,បុព្វហេតុដែលនាំហើយអាណាចក្រចេនឡាបែកជាពីរគឺ -វិសាលភាពទឹកដីធំទូលាយ -ចម្បាំងអត់ឈប់ឈរ -សមន្ដរដ្ឋបះបោរចង់ផ្ដាច់ខ្លួន -វិបត្តិផ្ទៃក្នុង -ព្រះនាងជ័យទេវីគ្មានសមត្ថភាពគ្រប់គ្រង។,7,7,4,1.0,0.98779296875,4,7,0,0
229,បុព្វហេតុអ្វីខ្លះដែលនាំឲ្យអាណាចក្រចេនឡាបែកបាក់ជាពីរគឺអាណាចក្រចេនឡាដីគោកនិងចេនឡាទឹកលិច?,បុព្វហេតុដែលនាំហើយអាណាចក្រចេនឡាបែកជាពីរគឺ -វិសាលភាពទឹកដីធំទូលាយ -ចម្បាំងអត់ឈប់ឈរ -សមន្ដរដ្ឋបះបោរចង់ផ្ដាច់ខ្លួន -វិបត្តិផ្ទៃក្នុង -ព្រះនាងជ័យទេវីគ្មានសមត្ថភាពគ្រប់គ្រង។,បុព្វហេតុដែលនាំហើយអាណាចក្រចេនឡាបែកជាពីរគឺ -វិសាលភាពទឹកដីធំទូលាយ -ចម្បាំងអត់ឈប់ឈរ -សមន្ដរដ្ឋបះបោរចង់ផ្ដាច់ខ្លួន -វិបត្តិផ្ទៃក្នុង -ព្រះនាងជ័យទេវីគ្មានសមត្ថភាពគ្រប់គ្រង។,7,7,4,1.0,0.98779296875,4,7,0,0
230,តើឧស្សាហកម្មមានអ្នកតួនាទីចំពោះសេដ្ឋកិច្ចយ៉ាងដូចម្ដេច?,ឧស្សាហកម្មមានតួនាទីសម្រាប់សេដ្ឋកិច្ចជាតិដូចជា -ជួយបង្កើតប្រាក់ចំណូលចូលជាតិ -បង្កើតការងារដល់ប្រជាជន -បង្កើតប្រាក់ចំណូលចូលក្នុងគ្រួសារ -ប្រជាជនមានជីវភាពធូរធារ -ជួយរក្សាជញ្ជីងពាណិជ្ជកម្ម -ជួយបង្កើតទិន្នផលសម្រាប់ការនាំចេញនាំចូល -បង្កើននូវសង្ឃភារៈសម្រាប់ប្រើប្រាស់។,ឧស្សាហកម្មមានតួនាទីចំពោះសេដ្ឋកិច្ចជាតិដូចជាផ្លូវឧស្សាហកម្មងាយស្រួលធ្វើដំណើរងាយស្រួលនាំចេញចូលងាយស្រួលបង់ពន្ធងាយស្រួលធ្វើផលិតផលងាយស្រួលដាំដំណាំងាយស្រួលការចិញ្ចឹមសត្វ។,15,7,2,0.4666666666666667,0.406982421875,2,6,0,1
231,តើគេចែកយុគសម័យបុរេប្រវត្តិសាស្ត្រកម្ពុជាជាប៉ុន្មានយុគសម័យ?អ្វីខ្លះ?,គេចែកយុគសម័យបុរេប្រវត្តិសាស្ត្រកម្ពុជាជាបីយុគសម័យគឺ -យុគថ្មបំបែក (600000 - 12000 ឆ្នាំមុនគ.ស) -យុគថ្មរលីងឬសំលៀង (8000 - 2000 ឆ្នាំមុនគ.ស) -យុគលោហៈ(2000-100 ឆ្នាំមុនគ.ស)។,គេចែកយុគសម័យបុរេប្រវត្តិសាស្ត្រកម្ពុជាជាបីយុគសម័យគឺ -យុគថ្មបំបែក -យុគថ្មរលីងឬសំលៀង -យុគលោហៈ។,5,3,2,0.6,0.59228515625,2,3,0,0
232,តើអ្វីជាសង្គ្រាមត្រជាក់? តើសង្គ្រាមត្រជាក់ផ្ដល់ផលវិបាកអ្វីខ្លះដល់កម្ពុជា?,សង្គ្រាមត្រជាក់គឺជាការប្រកួតប្រជែងផ្នែកមនោគមវិទ្យារវាងសេដ្ឋកិច្ចនយោធានិងបច្ចេកវិទ្យា។សង្គ្រាមមជ្ឈមណ្ឌលផលវិបាកដល់កម្ពុជាដូចជា -ការអនុវត្តនយោបាយវិទ្យាក្រឹត្យរបស់សម្ដេចនរោត្តមសីហនុមិនចោទទិសដៅ -ប្រទេសកម្ពុជាធ្លាក់ក្នុងសង្គ្រាមស៊ីវល -ខ្មែរក្រហមឡើងកាន់អំណាច -ប្រទេសកម្ពុជាមានភាពអាណាធិបតេយ្យ -សេដ្ឋកិច្ចកម្ពុជាធ្លាក់ចុះ -ប្រទេសកម្ពុជារស់នៅដែលភាពភ័យខ្លាច -រោងចក្រឧស្សាហកម្មបិទទ្វារ -បែកបាក់សាមគ្គីផ្ទៃក្នុង,សង្គ្រាមត្រជាក់គឺជាការប្រកួតប្រជែងផ្នែកមនោគមវិទ្យារវាងសេដ្ឋកិច្ចនយោធានិងបច្ចេកវិទ្យា។សង្គ្រាមមជ្ឈមណ្ឌលផលវិបាកដល់កម្ពុជាដូចជា -ការអនុវត្តនយោបាយវិទ្យាក្រឹត្យរបស់សម្ដេចនរោត្តមសីហនុមិនចោទទិសដៅ -ប្រទេសកម្ពុជាធ្លាក់ក្នុងសង្គ្រាមស៊ីវល -ខ្មែរក្រហមឡើងកាន់អំណាច -ប្រទេសកម្ពុជាមានភាពអាណាធិបតេយ្យ -សេដ្ឋកិច្ចកម្ពុជាធ្លាក់ចុះ -ប្រទេសកម្ពុជារស់នៅដែលភាពភ័យខ្លាច -រោងចក្រឧស្សាហកម្មបិទទ្វារ -បែកបាក់សាមគ្គីផ្ទៃក្នុង,10,10,4,1.0,0.7958984375,3,8,1,2
233,តើឧស្សាហកម្មមានតួនាទីដូចម្ដេចខ្លះចំពោះសេដ្ឋកិច្ចជាតិ?,ឧស្សាហកម្មមាន​តួនាទីចំពោះសេដ្ឋកិច្ចជាតិដូចជា ៖ ​ _ ជួយបង្កើតថវិការជាតិ ​ _ ជួយបង្កើតទិន្នផលជាតិ ​​ _ ជួយឲ្យសេដ្ឋកិច្ចជាតិរីកចម្រើន  _ ប្រជាជនសំបូរធូរធារ  _អភិវឌ្ឍគ្រប់វិស័យ  _ មានទំនាក់ទំនងល្អជាមួយអ្នកជិតខាង  _ មានភាពរុងរឿងនៅក្នុងប្រទេសជាតិ។,ឧស្សាហកម្មមានតួនាទីចំពោះសេដ្ឋកិច្ចជាដូចជា៖ ជួយបង្កើតប្រាក់ចំណូលជាតិ ជួយផ្ដល់ការងារដល់ប្រជាជន -ផ្ដល់ប្រាក់ចំណូលដល់គ្រួសារ -ប្រជាជនមានជីវភាពធូរធារ -ជួយរក្សាដំណឹងជជេញពាណិជ្ជកម្ម -ផ្ដល់ផលសម្រាប់ការនាំចេញផ្ដល់ផលសម្រាប់ការប្រើប្រាស់។,15,5,1,0.3333333333333333,0.81640625,3,12,2,7
234,ហេតុអ្វីបានជាផ្នែកឯកជនជាកម្លាំងដ៏សំខាន់សម្រាប់វិនិយោគនិងធ្វើឲ្យមានកំណើនសេដ្ឋកិច្ចក្នុងប្រទេស?,បានជាផ្នែកឯកជនជាកម្លាំងដ៏សំខាន់សម្រាប់វិនិយោគនិងធ្វើឲ្យមានកំណើនសេដ្ឋកិច្ចក្នុងប្រទេស ព្រោះប្រទេសកម្ពុជាជាប្រទេសអភិវឌ្ឍន៍ សេដ្ឋកិច្ចទីផ្សារដោយបានធ្វើកំណែទម្រង់សហគ្រាសឧស្សាហកម្មឲ្យក្លាយទៅជាកម្មសិទ្ធិឯកជន ។ សេដ្ឋកិច្ចទីផ្សារសេរីនេះនាំឲ្យអ្នករកស៊ីបរទេសចូលចិត្តមកវិនិយោគ ហើយកាលណាផ្នែកឯកជនរឹងមាំមកវិនិយោគ ហើយកាលណាផ្នែកឯកជនមិនរឹងមាំអាចបំពេញបន្ថែមវិនិយោគនិងវិស័យសង្គមកិច្ចមានន័យថាវិស័យឯកជនស្រូបយកកម្លាំងការងារកាន់តែកើនឡើង។,បានជាផ្នែកឯកជនជាកម្លាំងដ៏សំខាន់សម្រាប់វិនិយោគនិងធ្វើឲ្យមានកំណើនសេដ្ឋកិច្ចក្នុងប្រទេសពីព្រោះ កម្ពុជាបានចូលជាអង្គការសេដ្ឋកិច្ចទីផ្សារសេរីឆ្នាំ 1993 ដែលធ្វើឲ្យសេដ្ឋកិច្ចទីផ្សារសេរីសំបូរបរទេសមកវិនិយោគបរទេសចូលចិត្តមកដាក់ពន្ធនៅប្រទេសកម្ពុជាសម្បូរឧស្សាហកម្ម រ៉ែធម្មជាតិជាច្រើនដែលធ្វើឲ្យពួកបរទេសចូលមកវិនិយោគប្រទេសកម្ពុជាយើង។,15,13,3,0.8666666666666667,0.67919921875,3,10,0,3
235,ហេតុអ្វីបានជាមនុស្សស្រូបយកខ្យល់ដែលមានកាបូនម៉ណូអុកស៊ីតអាចបង្កគ្រោះថ្នាក់ដល់ស្លាប់បាន?,បានជាមនុស្សស្រូបយកខ្យល់ដែលមានកាបូនម៉ូណូអុកស៊ីដអាចបង្កឲ្យមានគ្រោះថ្នាក់ដល់ស្លាប់ បានព្រោះកាបូនម៉ូណូអុកស៊ីដមានសមត្ថភាពចាប់យក ក្នុងឈាមបានខ្លាំងជាងអុកស៊ីសែន វារារាំងឈាមមិនឲ្យដឹកនាំអុកស៊ីសែនទៅចិញ្ចឹមសរីរាង្គជាពិសេសខួរក្បាលដែលបណ្តាលឲ្យ ស្លាប់និង សន្លប់ ។,បានជាមនុស្សស្រូបយកខ្យល់ដែលមានកាបូនម៉ូណូអុកស៊ីដអាចបង្កឲ្យមានគ្រោះថ្នាក់ដល់ស្លាប់បាន ព្រោះ _កាបូនម៉ូណូអុកស៊ីដមានសមត្ថភាពចាប់យក ក្នុងឈាមបានខ្លាំងជាងអុកស៊ីសែន _រារាំងឈាមមិនឲ្យដឹកនាំអុកស៊ីសែនទៅចិញ្ចឹមសរីរាង្គជាពិសេសខួរក្បាលដែលបណ្តាលឲ្យស្លាប់ ។,5,5,4,1.0,0.775390625,3,4,1,1
236,ដូចម្តេចដែលហៅថាមេយ៉ូស? ចូរនិយាយពីវគ្គផ្សេងៗនៃមេយ៉ូស។,មេយ៉ូសជាសំណុំនៃចំណែកកោសិកាពីរដងបន្តបន្ទាប់គ្នាដែលបង្កើតបានជាកោសិកាអាលូអុីតបួន ហៅថាមេយ៉ូស ។ _តេឡូផាស1 ស៊ីតូប្លាសចែកខ្លួនបានជាកោសិកាកូនពីរ ។កោសិកាកូននីមួយៗទទួលបានក្រូម៉ូសូម តែមួយពីរគូអូម៉ូឡូក ។ _ប្រផាស1 មានរយៈពេលវែង ។ _អាណាផាស1 ក្រូម៉ូសូមដំរៀបលើផ្លាស់ភ្ជាប់នឹងក្រយ៉ូងក្រូម៉ាទិចដោយសង់ក្រូងទ័ររបស់វា ។ _តេឡូផាស2 ក្រូម៉ូមនីមួយៗបានមកដល់ប៉ូលភ្នាស _មេតាផាស2 ក្រូម៉ូសូមប្រេះតាមបណ្ដោយភ្ជាប់ខ្លួនទៅនិងក្រយ៉ងក្រូម៉ាទិចដោយសង់ _ប្រូដាស2 ត្តយ៉ងអាក្រូម៉ាទិតកើតមានក្នុងកោសិកាគូនីមួយៗ _អាណាផាស2 សង់ក្រូម៉ែធ្វើចំណែកដែលនាំអោយក្រូម៉ាទិចបងប្អូនដាច់ចេញពីគ្នា ។បន្ទាប់មក ក្រូម៉ូសូមកូនទាំង2ធ្វើដំណើរឆ្ពោះទៅប៉ូលផ្ទុយគ្នារបស់ត្រយ៉ូងអាក្រូម៉ាទិច ។,ដែលហៅថាមេយ៉ូសគឺជាសំណុំនៃចំណែកកោសិកាពីដងបន្តបន្ទាប់គ្នាបង្កើតបានជាកោសិកា អាប្លូអុីត4 ។វគ្គផ្សេងនៃមេយ៉ូសមានដូចជា  _ប្រផាស1 មានរយៈពេលវែង ។ _អាណាផាស1 ក្រូម៉ូសូមដំរៀបលើផ្លាស់ភ្ជាប់នឹងក្រយ៉ូងក្រូម៉ាទិចដោយសង់ក្រូងទ័ររបស់វា ។ _តេឡូផាស1 ស៊ីតូប្លាសចែកខ្លួនបានជាកោសិកាកូនពីរ ។កោសិកាកូននីមួយៗទទួលបានក្រូម៉ូសូម តែមួយពីរគូអូម៉ូឡូក ។,10,6,2,0.6,0.62353515625,2,6,0,0
237,ហេតុអ្វីបានជាមនុស្សស្រូបយកខ្យល់ដែលមានកាបូនម៉ណូអុកស៊ីតអាចបង្កគ្រោះថ្នាក់ដល់ស្លាប់បាន?,បានជាមនុស្សស្រូបយកខ្យល់ដែលមានកាបូនម៉ូណូអុកស៊ីដអាចបង្កឲ្យមានគ្រោះថ្នាក់ដល់ស្លាប់ បានព្រោះកាបូនម៉ូណូអុកស៊ីដមានសមត្ថភាពចាប់យក ក្នុងឈាមបានខ្លាំងជាងអុកស៊ីសែន វារារាំងឈាមមិនឲ្យដឹកនាំអុកស៊ីសែនទៅចិញ្ចឹមសរីរាង្គជាពិសេសខួរក្បាលដែលបណ្តាលឲ្យ ស្លាប់និង សន្លប់ ។,បានជាមនុស្សស្រូបយកខ្យល់ដែលមានកាបូនម៉ូណូអុកស៊ីដអាចបង្កឲ្យមានគ្រោះថ្នាក់ដល់ស្លាប់ បានព្រោះកាបូនម៉ូណូអុកស៊ីដមានសមត្ថភាពចាប់យក ក្នុងឈាមបានខ្លាំងជាងអុកស៊ីសែន វារារាំងឈាមមិនឲ្យដឹកនាំអុកស៊ីសែនទៅចិញ្ចឹមសរីរាង្គជាពិសេសខួរក្បាលដែលបណ្តាលឲ្យ ស្លាប់និង សន្លប់ ។,5,5,4,1.0,0.76025390625,3,4,1,1
238,តើប្រព័ន្ធផលិតកម្មកសិកម្មនៅប្រទេសកម្ពុជាមានអ្វីខ្លះ?,ប្រព័ន្ធផលិតកម្មកសិកម្មនៅកម្ពុជាមានដូចជាដំណាំដំណាំស្រូវនិងកៅស៊ូដឹកនាំផ្សេងៗទៀតការចិញ្ចឹមសត្វបានចិញ្ចឹមសត្វលើគោកការចិញ្ចឹមសត្វក្នុងទឹកការនេសាទការនេសាទទឹកសាបការនេសាទទឹកប្រៃ  ព្រៃឈើអនុផលព្រៃឈើរកឃ្មុំជ័រទឹកក្តៅសត្វព្រៃ,ប្រព័ន្ធផលិតកម្មកសិកម្មនៅប្រទេសកម្ពុជាមាន​ដូចជា៖ -ការធ្វើកសិកម្មចម្រោះ -ការនាំចេញទៅក្រៅប្រទេសដូចជាអង្ករ អំបោះជ័រកៅស៊ូ -ការចែកចាយទៅតាមទីផ្សារនីមួយៗ -ផលិតកម្មធ្វើសញ្ញាតាមទីផ្សារត្រូវឲ្យច្រើន -មានសញ្ញាដែលបានត្រូវនូវដែលបានចែកចេញពីប្រទេសទៅតាម -ធ្វើឲ្យមានកំណើនកើតឡើងនៅតាមណាមួយម្ដងដែលក្នុងប្រទេសដែលបានតាមមកពីរហូតនិយោគ -ការធ្វើឱ្យមានកម្លាំងកំណើនឡើងបានឃើញពីសម្ងាត់ប្រមូលដើម្បីដែលដើរតាម -ក្រសួងដែលបានសំខាន់ណាស់ធ្វើឲ្យមានធ្វើតាមនិងត្រូវការប្រឡងពិន្ទុសូន្យ -មិនភ្លេចដែលបានធ្វើឲ្យដើម្បីវិស័យកសិកម្មដែលមានផលិតផលដែលបានហូរចូលក្នុងដែរ -រដ្ឋត្រូវបានធ្វើដែរមណ្ឌលប្រលង -បេក្ខជនមិនអាចសរសេរនៅលើក្រដាសបានទេ។,15,2,1,0.13333333333333333,0.150146484375,1,2,0,0
239,តើប្រព័ន្ធផលិតកម្មកសិកម្មនៅក្នុងប្រទេសកម្ពុជាមានអ្វីខ្លះ?ចូររៀបរាប់​ ។,ប្រព័ន្ធផលិតកម្មកសិកម្មនៅប្រទេសកម្ពុជាមាន៖    _ ដំណាំ : ដំណាំស្រូវ ដំណាំកៅស៊ូ ដំណាំផ្សេងៗទៀត    _ ការចិញ្ចឹមសត្វ : ការចិញ្ចឹមសត្វលើគោក ការចិញ្ចឹមសត្វក្នុងទឹក    _ ការនេសាទ : ការនេសាទទឹកសាប ការនេសាទទឹកប្រៃ  _ ព្រៃឈើ : ផលិតផលឈើ អនុផលព្រៃឈើ(រកឃ្មុំ ជ័រទឹក វល្លិ៍ ផ្តៅ) សត្វព្រៃ ។,ប្រព័ន្ធផលិតកម្មកសិកម្មនៅប្រទេសកម្ពុជាមានដូចជា៖  _ វិស័យឧស្សាហកម្ម  _ វិស័យកសិកម្ម  _ វិស័យពាណិជ្ជកម្ម  _ វិស័យទេសចរណ៍  _ វិស័យគមនាគម៏។,10,2,1,0.2,0.09600830078125,0,1,1,1
240,ហេតុអ្វីបានជាផ្នែកឯកជនជាកម្លាំងដ៏សំខាន់សម្រាប់វិនិយោគ និងធ្វើឲ្យមានកំណើនសេដ្ឋកិច្ចក្នុងប្រទេស?,បានជាផ្នែកឯកជនជាកម្លាំងដ៏សំខាន់សម្រាប់កំណើនសេដ្ឋកិច្ចកម្ពុជាព្រោះ -កម្ពុជាបានអនុវត្តសេដ្ឋកិច្ចទីផ្សារសេរីដោយបានធ្វើកំណែទម្រង់ពីសហគ្រាសរដ្ឋឲ្យក្លាយទៅជាកម្មសិទ្ធិឯកជន -សេដ្ឋកិច្ចទីផ្សារសេរីនាំឲ្យអ្នករកស៊ីចូលចិត្តមករកស៊ីនិងដាក់វិនិយោគទុន -កាលណាភ្នែកឯកជនរឹងមាំអាចជួយបំពេញបន្ថែមលើវិនិយោគសាធារណៈក្នុងវិស័យសេដ្ឋកិច្ចគឺផ្នែកឯកជនអាចស្រូបយកកម្លាំងពលកម្មកើនឡើង។,បានជាផ្នែកឯកជនជាកម្លាំងដ៏សំខាន់សម្រាប់វិនិយោគនិងធ្វើឲ្យមានកំណើនសេដ្ឋកិច្ចព្រោះ៖ -ឲ្យតម្លៃទៅលើផ្នែកឯកជន -ការនាំទំនិញទៅអន្ដរជាតិ -មានការយកចិត្តទុកដាក់លើការងារ -គោរពពេលវេលាបានទៀងទាត់ -ជាកម្លាំងយ៉ាងសំខាន់ក្នុងការអភិវឌ្ឍជាតិ -ផ្នែកឯកជនផ្ដល់តម្លៃឲ្យប្រជាជនទាំងអ្នកមាននិងអ្នកក្រ -ទាក់ទាញអ្នកវិនិយោគទាំងក្នុងនិងក្រៅប្រទេស។,15,5,1,0.3333333333333333,0.320556640625,1,5,0,0
241,តើសង្គមខ្មែរនៅសម័យអង្គរមានប៉ុន្មានវណ្ណៈ? វណ្ណៈអ្វីខ្លះ? ចូលរៀបរាប់។,សង្គមខ្មែរនៅសម័យអង្គរមានប្រាំវណ្ណៈគឺ -វណ្ណៈក្សត្រឬរាជវង្សនុវង្ស (ជាស្ដេចគ្រប់គ្រងប្រទេស -វណ្ណៈមន្ត្រី (អ្នករស់នៅក្នុងរាជវាំងបម្រើស្ដេច) -វណ្ណៈព្រាហ្ម៍ឬបុព្វជិត​(គឺជាអ្នកបួស) -វណ្ណៈអ្នកជាឬកសិករ (អ្នករស់នៅនឹងធ្វើស្រែចម្ការ) -វណ្ណៈអ្នកងារឬទាសករ(ទាសករបម្រើគេតកូនតចៅ)។,សង្គមខ្មែរនៅសម័យអង្គរមានប្រាំវណ្ណៈគឺ -វណ្ណៈក្សត្រ -វណ្ណៈមន្ត្រី -វណ្ណៈបុព្វជិត -វណ្ណៈអ្នកជា -វណ្ណៈទាសករ។,10,5,2,0.5,0.51416015625,2,5,0,0
242,តើគេចែកយុគសម័យបុរេប្រវត្តិសាស្ត្រកម្ពុជាជាប៉ុន្មានយុគសម័យ?អ្វីខ្លះ?,គេចែកយុគសម័យបុរេប្រវត្តិសាស្ត្រកម្ពុជាជាបីយុគសម័យគឺ -យុគថ្មបំបែក (600000 - 12000 ឆ្នាំមុនគ.ស) -យុគថ្មរលីងឬសំលៀង (8000 - 2000 ឆ្នាំមុនគ.ស) -យុគលោហៈ(2000-100 ឆ្នាំមុនគ.ស)។,គេចែកយុគសម័យបុរេប្រវត្តិសាស្ត្រកម្ពុជាជាបីយុគសម័យគឺ -យុគថ្មបំបែក (600000 - 12000 ឆ្នាំមុនគ.ស) -យុគថ្មរលីងឬសំលៀង (8000 - 2000 ឆ្នាំមុនគ.ស) -យុគលោហៈ(2000-100 ឆ្នាំមុនគ.ស)។,5,5,4,1.0,0.9912109375,4,5,0,0
243,តើសង្គមខ្មែរនៅសម័យអង្គរមានប៉ុន្មានវណ្ណៈ? វណ្ណៈអ្វីខ្លះ? ចូលរៀបរាប់។,សង្គមខ្មែរនៅសម័យអង្គរមានប្រាំវណ្ណៈគឺ -វណ្ណៈក្សត្រឬរាជវង្សនុវង្ស (ជាស្ដេចគ្រប់គ្រងប្រទេស -វណ្ណៈមន្ត្រី (អ្នករស់នៅក្នុងរាជវាំងបម្រើស្ដេច) -វណ្ណៈព្រាហ្ម៍ឬបុព្វជិត​(គឺជាអ្នកបួស) -វណ្ណៈអ្នកជាឬកសិករ (អ្នករស់នៅនឹងធ្វើស្រែចម្ការ) -វណ្ណៈអ្នកងារឬទាសករ(ទាសករបម្រើគេតកូនតចៅ)។,សង្គមខ្មែរនៅសម័យអង្គរមានប្រាំវណ្ណៈគឺ -វណ្ណៈក្សត្រឬរាជវង្សនុវង្ស: មានបុព្វសិទ្ធណាស់គ្មានការបង់ពន្ធ មានអំណាចគ្រប់គ្រាន់រស់នៅដោយស្រួលមិនចាំបាច់ធ្វើការងារ និងមិននឿយហត់ទេ -វណ្ណៈមន្ត្រី: ឋានានុក្រមរបស់ពួកគេអាចសម្គាល់តាមរយៈឥស្សតិយយសនិងចំនួនផ្ទះប្រកក្បឿងរបស់ពួកគេ។ -វណ្ណៈអ្នកបួសឬបុព្វជិត​: មានពួកប៉ាន់ឃាប ព្រាហ្ម៍បុរោហិត ជូគូនិងប៉ាវីស៊ី។ -វណ្ណៈអ្នកជា:ពួកមានឋន្តះដូចពួកឈ្មួញសិប្បករ កសិករនិងប្រជារាស្រ្ដសាមញ្ញ -វណ្ណៈអ្នកងារឬទាសករ:ពួកនេះជាបម្រើគេអស់មួយជីវិតតកូនតចៅនេះមានឋានៈទាបបំផុតហើយត្រូវទៅធ្វើការតាមបញ្ជាគេដាក់ឲ្យនឹងគ្មានប្រាក់កម្រៃទេ។ពួកទាសកនេះមានទាសករឈ្លើយសឹក ទាសករតពូជ ទាសករជាជនជាតិភាគតិចនិងទាសករដែលគេចាប់យកមកលក់។,10,10,4,1.0,0.978515625,4,10,0,0
244,តើអាណាចក្រភ្នំមានព្រំប្រទល់ជាប់ប្រទេសណាខ្លះ?,អាណាចក្រភ្នំមានព្រំប្រទល់ជាប់ប្រទេសដូចជា -ខាងជើងជាប់ចិន -ខាងត្បូងជាឈូងសមុទ្រខ្មែរ -ខាងកើតជាប់រដ្ឋចម្ប៉ា -ខាងលិចជាប់រដ្ធមនឬភូមា។,អាណាចក្រភ្នំមានព្រំប្រទល់ជាប់ប្រទេសដូចជា -ខាងជើងជាប់ចិន(រដ្ឋណានឆាវតុងកឹង) -ខាងត្បូងជាឈូងសមុទ្រខ្មែរ(ឈូងសមុទ្រនគរភ្នំ) -ខាងកើតជាប់រដ្ឋចម្ប៉ា -ខាងលិចជាប់រដ្ឋមនឬភូមា។,6,6,4,1.0,0.98583984375,4,6,0,0
245,តើគេចែកយុគសម័យបុរេប្រវត្តិសាស្ត្រកម្ពុជាជាប៉ុន្មានយុគសម័យ?អ្វីខ្លះ?,គេចែកយុគសម័យបុរេប្រវត្តិសាស្ត្រកម្ពុជាជាបីយុគសម័យគឺ -យុគថ្មបំបែក (600000 - 12000 ឆ្នាំមុនគ.ស) -យុគថ្មរលីងឬសំលៀង (8000 - 2000 ឆ្នាំមុនគ.ស) -យុគលោហៈ(2000-100 ឆ្នាំមុនគ.ស)។,គេចែកយុគសម័យបុរេប្រវត្តិសាស្ត្រកម្ពុជាជាបីយុគសម័យគឺ -យុគថ្មបំបែក (600000 - 12000 ឆ្នាំមុនគ.ស) -យុគថ្មរលីងឬសំលៀង (8000 - 2000 ឆ្នាំមុនគ.ស) -យុគលោហៈ(2000-100 ឆ្នាំមុនគ.ស)។,5,5,4,1.0,0.9912109375,4,5,0,0
246,ហេតុអ្វីបានជាប្រទេសកម្ពុជាពឹងផ្អែកទៅលើវិស័យកសិកម្ម?,បានជាផ្នែកឯកជនជាកម្លាំងដ៏សំខាន់សម្រាប់កំណើនសេដ្ឋកិច្ចកម្ពុជាព្រោះ -កម្ពុជាបានអនុវត្តសេដ្ឋកិច្ចទីផ្សារសេរីដោយបានធ្វើកំណែទម្រង់ពីសហគ្រាសរដ្ឋឲ្យក្លាយទៅជាកម្មសិទ្ធិឯកជន -សេដ្ឋកិច្ចទីផ្សារសេរីនាំឲ្យអ្នករកស៊ីចូលចិត្តមករកស៊ីនិងដាក់វិនិយោគទុន -កាលណាភ្នែកឯកជនរឹងមាំអាចជួយបំពេញបន្ថែមលើវិនិយោគសាធារណៈក្នុងវិស័យសេដ្ឋកិច្ចគឺផ្នែកឯកជនអាចស្រូបយកកម្លាំងពលកម្មកើនឡើង។,បានជាផ្នែកឯកជនជាកម្លាំងដ៏សំខាន់សម្រាប់វិនិយោគនិងធ្វើឲ្យមានកំណើនសេដ្ឋកិច្ចក្នុងប្រទេសដោយសាររោងចក្រឯកជនសម្បូរកម្មករមានទីផ្សារងាយស្រួលរកប្រាក់ចំណេញបានច្រើន ការនាំចេញបានប្រាក់ថ្លៃចំណាយតិចកំណើនថវិកាជាតិកើនឡើងធ្វើឲ្យអ្នកវិនិយោគចង់បើកក្រុមហ៊ុនក្នុងប្រទេសធ្វើឲ្យមានកម្លាំងសេដ្ឋកិច្ចក្នុងប្រទេសផ្ដល់កន្លែងការងារជូនប្រជាជន។,15,5,1,0.3333333333333333,0.3212890625,1,5,0,0
247,ដូចម្តេចដែលហៅថាវដ្តទឹក? ចូរពន្យល់ពីដំណាក់កាលនីមួយៗ អោយបានត្រឹមត្រូវ។,ដែលហៅថាវត្តទឹកគឺការហ្វឹកហ្វុលឥតឈប់ឈរមុននឹងបង្កើតជាទឹកភ្លៀងទឹករោងនៅកម្ដៅព្រះអាទិត្យបង្កើតបានជាចំហាយទឹកខ្យល់ស្រុកយកចំហែលទឹកទៅអាកាសធ្វើឲ្យចំហាយទឹកកំណក បង្កើតបានជាពពកធ្លាក់មកជាភ្លៀងក្នុងប្រជាទឹក,ដែលហៅថាវដ្តទឹកគឺជាទឹកដែលហូរទៅលើលំហរអាកាសនៅពេលត្រូវកំដៅថ្ងៃ។ដំណាក់កាលនីមួយៗនៅវដ្តទឹកមាន,12,6,2,0.5,0.677734375,3,8,1,2
248,ហេតុអ្វីបានជាផ្នែកឯកជនជាកម្លាំងដ៏សំខាន់សម្រាប់ការវិនិយោគសេដ្ឋកិច្ច?,សេដ្ឋកិច្ចកម្ពុជាពឹងផ្អែកលើវិស័យកសិកម្មជាសំខាន់ៗ 5 គឺឧស្សាហកម្មកសិកម្មពាណិជ្ជកម្មគមនាគមន៍និងទេសចរណ៍ ក៏បានជាគេនិយាយថាកម្ពុជាប្រទេសកសិកម្មនៅប្រទេសកម្ពុជាមនុស្សមួយចំនួនធំគឺធ្វើកសិកម្ម។ច្រើនសុទ្ធតែជាកសិករកម្ពុជាសម្បូរជីកសិកម្មមានជីវជាតិសម្រាប់ឲ្យយើងធ្វើកសិកម្មចិញ្ចឹមសត្វនិងការដណ្ដប់ជួយបង្កើនចំណូលជូនជាងការងារចេញនៅក្រៅប្រទេសស្ករស្រូវដំឡូងកៅស៊ូ ខ. គេចែកកសិករទាំងនេះជាបួនប្រភេទកសិករតំបន់វាលខ្ពស់កសិករធ្វើស្រែឬមិនធ្វើស្រែកសិករភូមិភាគឥសានកសិករធ្វើតែស្រែ,សេដ្ឋកិច្ចកម្ពុជាពឹងផ្អែកលើវិស័យកសិកម្មជាសំខាន់ក៏បានជាគេនិយាយថាកម្ពុជាជាប្រទេសកសិកម្មព្រោះប្រទេសកម្ពុជាសម្បូរព្រៃឈើការដាំដំណាំប៉ំណាចផ្លែឈើសម្បូរទៅដោយសត្វរុក្ខជាតិនិងទេសភាពដ៏ស្រស់ត្រកាលនិងការធ្វើស្រែចំការជាតិដើម ខ.គេចែកកសិករទាំងនោះជា 5 កសិកររស់នៅព្រៃភ្នំកសិករធ្វើស្រូវចំការកសិករចិញ្ចឹមសត្វកសិករនេសាទកសិកររស់នៅតំបន់ខ្ពស់។,15,8,2,0.5333333333333333,0.427490234375,2,6,0,2
249,ហេតុអ្វីបានជាផ្នែកឯកជនជាកម្លាំងដ៏សំខាន់សម្រាប់វិនិយោគនិងធ្វើឲ្យមានកំណើនសេដ្ឋកិច្ចក្នុងប្រទេស?,បានជាផ្នែកឯកជនជាកម្លាំងដ៏សំខាន់សម្រាប់វិនិយោគនិងធ្វើឲ្យមានកំណើនសេដ្ឋកិច្ចក្នុងប្រទេស ព្រោះប្រទេសកម្ពុជាជាប្រទេសអភិវឌ្ឍន៍ សេដ្ឋកិច្ចទីផ្សារដោយបានធ្វើកំណែទម្រង់សហគ្រាសឧស្សាហកម្មឲ្យក្លាយទៅជាកម្មសិទ្ធិឯកជន ។ សេដ្ឋកិច្ចទីផ្សារសេរីនេះនាំឲ្យអ្នករកស៊ីបរទេសចូលចិត្តមកវិនិយោគ ហើយកាលណាផ្នែកឯកជនរឹងមាំមកវិនិយោគ ហើយកាលណាផ្នែកឯកជនមិនរឹងមាំអាចបំពេញបន្ថែមវិនិយោគនិងវិស័យសង្គមកិច្ចមានន័យថាវិស័យឯកជនស្រូបយកកម្លាំងការងារកាន់តែកើនឡើង។,បានជាផ្លែឯកជនជាកម្លាំងដ៏សំខាន់សម្រាប់វិនិយោគនិងធ្វើឲ្យមានកំណើនសេដ្ឋកិច្ចក្នុងប្រទេសព្រោះ កម្ពុជាពឹងផ្អែកលើការអនុវត្តសេដ្ឋកិច្ចទីផ្សារសេរីចាប់តាំងពីឆ្នាំមួយពាន់ប្រាំបួនរយកៅសិបបីនិងផ្តល់សហគ្រាសឲ្យឯកជនធ្វើជាកម្មសិទ្ធិឯកជន ឯកជនជាកម្លាំងរឹងមាំធ្វើឲ្យសេដ្ឋកិច្ចបន្ថែមវិនិយោគសាធារណៈ  វិស័យសេដ្ឋកិច្ចមាន មានន័យវិស័យឯកជនជួយដល់ប្រជាជនដែលមានការងារធ្វើបានរីកចំរើនសេដ្ឋកិច្ចទីផ្សារសេរីធ្វើឲ្យប្រទេសចូលចិត្តវិនិយោគ។,15,6,2,0.4,0.359130859375,1,5,1,1
250,ចូរពណ៌នាពីពីការអភិវឌ្ឍសេដ្ឋកិច្ច សង្គម នៅកម្ពុជាពីឆ្នាំ១៩៩៣ មកទល់សព្វថ្ងៃ?,ពណ៌នាពីពីការអភិវឌ្ឍសេដ្ឋកិច្ច សង្គម នៅកម្ពុជាពីឆ្នាំ១៩៩៣ មកទល់សព្វថ្ងៃ .វិស័យសេដ្ឋកិច្ច:  +សេដ្ឋកិច្ចកម្ពុជាមានការរីកចម្រើនឡើងជាបន្តបន្ទាប់ដែលធ្វើឲ្យប្រទេសកម្ពុជាមានជីវភាពល្អប្រសើរ។ +កសិកម្មរីកចម្រើនខាងដាំដំណាំស្រូវទទួលបានទិន្នផលខ្ពស់ជាបន្តបន្ទាប់ +ឧស្សាហកម្មមានតំណាងរោងចក្រច្រើនកន្លែងនិងលើកឡើងនៅសហគ្រឿងធំៗដែលបានផ្ដល់ចំណូលដល់ប្រជាពលរដ្ឋ +ពាណិជ្ជកម្មកាលនាំចូលមកក្នុងប្រទេសនិងមានវិនិយោគក្នុងប្រទេស +គមនាគមន៍កសាងស្ពានផ្លូវថ្នល់អាកាសយានដ្ឋានផ្គត់ផ្គង់ប្រព័ន្ធទឹកពីទីក្រុងដល់ជនបទ កំពុងផែ +ហិរញ្ញវត្ថុមានស្ថេរភាពក្នុងអត្រាប្ដូរប្រាក់ +ធនាគារលើកឡើងនៅធនាគារជាតិហ្នឹងឯកជនជាច្រើន .វិស័យសង្គម +ការអប់រំសិក្សា បង្កើតសាលារៀនគ្រប់កម្រិតពីមត្តីរហូតដល់ឧត្តមសិក្សាបណ្ដុះបណ្ដាលធនធានមនុស្សនិងបញ្ជូននិស្សិតឲ្យទៅរៀននៅក្រៅប្រទេស។ +វប្បធម៌អរិយធម៌ ស្ដារវប្បធម៌ឡើងវិញនិងដាក់បញ្ចូលជាសម្បត្តិបេតិកភណ្ឌពិភពលោកចាប់ផ្ដើមប្រជាជនមានសិទ្ធិជឿលើសាសនា។ +សុខាភិបាលបង្កើតឲ្យមានមន្ទីរពេទ្យលោកសុខភាពនិងឱសថសាស្ត្រ +សិល្បៈបង្កើតឲ្យមានសាលាសាកលវិទ្យាល័យសិល្បៈ.,ពណ៌នាពីពីការអភិវឌ្ឍសេដ្ឋកិច្ច សង្គម នៅកម្ពុជាពីឆ្នាំ១៩៩៣ មកទល់សព្វថ្ងៃ +វិស័យសេដ្ឋកិច្ច -សេដ្ឋកិច្ចកម្ពុជាមានការកើនឡើងរាល់ឆ្នាំធ្វើឲ្យប្រជាជនមានជីវភាពធូរធារ +វិស័យកសិកម្ម -មានកំណើតរោងចក្រឧស្សាហកម្មមានកំណើនកសិកម្មព្រោះមានទីផ្សារ +វិស័យឧស្សាហកម្ម -មានកំណើតរោងចក្រឧស្សាហកម្មបង្កើតការងារដល់ប្រជាជន +វិស័យពាណិជ្ជកម្ម +វិស័យហិរញ្ញវត្ថុ +វិស័យអប់រំ +វិស័យវប្បធម៌,10,8,3,0.8,0.54443359375,2,5,1,3
251,តើគេចែកយុគសម័យបុរេប្រវត្តិសាស្ត្រកម្ពុជាជាប៉ុន្មានយុគសម័យ?អ្វីខ្លះ?,គេចែកយុគសម័យបុរេប្រវត្តិសាស្ត្រកម្ពុជាជាបីយុគសម័យគឺ -យុគថ្មបំបែក (600000 - 12000 ឆ្នាំមុនគ.ស) -យុគថ្មរលីងឬសំលៀង (8000 - 2000 ឆ្នាំមុនគ.ស) -យុគលោហៈ(2000-100 ឆ្នាំមុនគ.ស)។,គេចែកយុគសម័យបុរេប្រវត្តិសាស្ត្រកម្ពុជាជាបីយុគសម័យគឺ -យុគថ្មបំបែក (600000 - 12000 ឆ្នាំមុនគ.ស) -យុគថ្មរលីងឬសំលៀង (8000 - 2000 ឆ្នាំមុនគ.ស) -យុគលោហៈ(2000-100 ឆ្នាំមុនគ.ស)។,5,5,4,1.0,0.9912109375,4,5,0,0
252,តើការស្ថិតនៅក្រៅសារពាង្គកាយនៃពងស្វាសមានសារៈសំខាន់ដូចម្តេច?,ការស្ថិតនៅក្រោមសារពាង្គកាយនៃពងស្វាសមានសារៈសំខាន់ដូចជាដើម្បីរក្សាសីតុណ្ហភាពឲ្យ ទាបជាងសីតុណ្ហភាពក្នុងខ្លួន ប្រហែលពី(2-3)សីតុណ្ហភាពក្នុងខ្លួន37 ។,ការស្ថិតនៅក្រោមសារពាង្គកាយនៃពងស្វាសមានសារៈសំខាន់ក្នុងការផលិតអរម៉ូនភេទឈ្មោលនិង បង្កើតស្ពែម៉ាតូសូអ៊ីត ។រក្សាសីតុណ្ហភាពឲ្យទាបជាងសីតុណ្ហភាពក្នុងខ្លួន ប្រហែលពី(2-3)សីតុណ្ហភាព ក្នុងខ្លួន37 ។,10,10,4,1.0,0.8759765625,4,9,0,1
253,តើប្រព័ន្ធផលិតកម្មកសិកម្មនៅក្នុងប្រទេសកម្ពុជាមានអ្វីខ្លះ?ចូររៀបរាប់​ ។,ប្រព័ន្ធផលិតកម្មកសិកម្មនៅប្រទេសកម្ពុជាមាន៖    _ ដំណាំ : ដំណាំស្រូវ ដំណាំកៅស៊ូ ដំណាំផ្សេងៗទៀត    _ ការចិញ្ចឹមសត្វ : ការចិញ្ចឹមសត្វលើគោក ការចិញ្ចឹមសត្វក្នុងទឹក    _ ការនេសាទ : ការនេសាទទឹកសាប ការនេសាទទឹកប្រៃ  _ ព្រៃឈើ : ផលិតផលឈើ អនុផលព្រៃឈើ(រកឃ្មុំ ជ័រទឹក វល្លិ៍ ផ្តៅ) សត្វព្រៃ ។,ប្រព័ន្ធផលិតកម្មកសិកម្មនៅប្រទេសកម្ពុជាមានដូចជា -អនុផលព្រៃឈេី(កៅស៊ូ...) -ការចិញ្ចឹមសត្វ -ការនេសាទ -ការចិញ្ចឹមត្រី (វារីវប្បកម្ម) -ការធ្វើស្រែចម្ការ (ស្រូវ ពោត ដំឡូងមី...) -កសិកម្មបែបគ្រួសារ...។,10,9,4,0.9,0.8642578125,3,9,1,0
254,តើការស្ថិតនៅក្រៅសារពាង្គកាយនៃពងស្វាសមានសារៈសំខាន់ដូចម្តេច?,ការស្ថិតនៅក្រោមសារពាង្គកាយនៃពងស្វាសមានសារៈសំខាន់ដូចជាដើម្បីរក្សាសីតុណ្ហភាពឲ្យ ទាបជាងសីតុណ្ហភាពក្នុងខ្លួន ប្រហែលពី(2-3)សីតុណ្ហភាពក្នុងខ្លួន37 ។,ការស្ថិតនៅក្រោមសារពាង្គកាយនៃពងស្វាសមានសារៈសំខាន់ក្នុងការផលិតអរម៉ូនភេទឈ្មោលនិង បង្កើតស្ពែម៉ាតូសូអ៊ីត ។,10,3,1,0.3,0.2088623046875,1,2,0,1
255,តើការស្ថិតនៅក្រៅសារពាង្គកាយនៃពងស្វាសមានសារៈសំខាន់ដូចម្តេច?,ការស្ថិតនៅក្រោមសារពាង្គកាយនៃពងស្វាសមានសារៈសំខាន់ដូចជាដើម្បីរក្សាសីតុណ្ហភាពឲ្យ ទាបជាងសីតុណ្ហភាពក្នុងខ្លួន ប្រហែលពី(2-3)សីតុណ្ហភាពក្នុងខ្លួន37 ។,ការស្ថិតនៅក្រោមសារពាង្គកាយនៃពងស្វាសមានសារៈសំខាន់ក្នុងការផលិតអរម៉ូនភេទឈ្មោលនិង បង្កើតស្ពែម៉ាតូសូអ៊ីត ។,10,3,1,0.3,0.2088623046875,1,2,0,1
256,តើព្រះបាទពញាយ៉ាតមានបុត្រប៉ុន្មានអង្គព្រះនាមអ្វីខ្លះ?ជាមួយអ្នកម្នាងណាខ្លះ?,ព្រះបាទពញាយ៉ាតមានបុត្របីអង្គគឺ នារាយណ៍រាជា ជាបុត្រជាមួយម្នាងទេវី ស្រីរាជាជាបុត្រជាមួយបុទុមកេសរ និងធម្មរាជាជាបុត្រជាមួយសុីសង៉ាម(បុត្រីស្ដេចសៀម)។,ព្រះបាទពញាយ៉ាតមានបុត្របីអង្គគឺ នារាយណ៍រាជា ជាបុត្រជាមួយម្នាងទេវី ស្រីរាជាជាបុត្រជាមួយបុទុមកេសរ និងធម្មរាជាជាបុត្រជាមួយសុីសង៉ាម(បុត្រីស្ដេចសៀម)។,5,5,4,1.0,0.9755859375,4,5,0,0
257,ចូរនិយាយពីកំណកាម៉ែតញី។,ការស្ថិតនៅក្រោមសារពាង្គកាយនៃពងស្វាសមានសារៈសំខាន់ដូចជាដើម្បីរក្សាសីតុណ្ហភាពឲ្យ ទាបជាងសីតុណ្ហភាពក្នុងខ្លួន ប្រហែលពី(2-3)សីតុណ្ហភាពក្នុងខ្លួន37 ។,កំណកាម៉ែតញីដំបូងកោសិកាពូជមួយរួមចំណែកពីរដងបន្តបន្ទាប់គ្នា បានកោសិកាអូវ៉ូកូរី4 ។ អូវ៉ូកូរីនីមួយៗរីកមាឌអាចជាអូវ៉ូស៊ីត1 ។អូវ៉ូស៊ីតមួយរងចំណែកមួយនៃមេយោធាហើយត្រូវបាន ឈប់គាំងនៅវគ្គប្រផ្ដាស1 ។ក្រោយមកពេលគ្រប់អូវ៉ូស៊ីតមួយបន្តធ្វើចំណែកហើយត្រូវបានបញ្ចប់ នៅរយៈពេល6ម៉ោងមុនដំណើរអូវ៉ុលនិងធ្លាក់មកក្រៅជាអូវ៉ូស៊ីត2 ។ប្រសិនបើជួបស្ពែម៉ាតូសូអុីត បង្កើតបានជាអូវុល ។,10,8,3,0.8,0.76416015625,3,8,0,0
258,តើកត្តាអ្វីខ្លះដែលបណ្ដាលឲ្យសៀមវាយបែកបន្ទាយលង្វែក?,កត្តាដែលបណ្ដាលឲ្យសៀមវាយបន្ទាយលង្វែកព្រះរាជាព្រះសត្ថាទីមួយឆោតល្ងង់ទៅជួយរំដោះក្រុងឰយុធ្យារបស់សៀមមកពីការត្រួតត្រាភូមាសៀមរមិលគុណប្រើល្បិចបញ្ជូនសល់ពីរអង្គ យកការវិបត្តិផ្ទៃក្នុងជាជួរជលសារលោករវល់ នាដើមម៉ឺនមន្ត្រីប្រជារាស្ត្រមិនពេញចិត្តដែលតែងទៅកូនអាយុដប់មួយវស្សា ឲ្យកូនរៀននៅ ក្នុងនាម មហាឧបរាជ ធ្វើឲ្យប្រជារាស្ត្របាត់បង់ស្មារតីប្រយុទ្ធប្រជារាស្ត្រខ្មែរក្រីក្រឆោតល្ងង់ចង់បានប្រាក់ដួលក៏នាំគ្នាកាប់ឆ្ការគុម្ពឫស្សីដែលជារបងការពារបន្ទាយលង្វែកដ៏រឹងមាំ រីប្រទេសខ្មែរហាក់បីដូចជាបាត់បង់សាមគ្គីដូចជាស្ថានីយមួយនាំកូនទាំងពីររត់ភៀសខ្លួនទៅប្រទេសឡាវមិនគិតពីប្រជារាស្ត្រនាំឲ្យប្រជាជន អស់ជំនឿ,កត្តាដែលបណ្ដាលឲ្យសៀមវាយបែកបន្ទាយលង្វែក កត្តាចម្បងរួមមាន ល្បិចកលសៀមបែបប្រាក់ដួងចូលក្នុងរបងឫស្សីដើម្បីឲ្យប្រជាជនខ្មែរកាប់ឆ្ការរបងការពារខ្លួនឯង ភាពទន់ខ្សោយផ្ទៃក្នុងការបែកបាក់សាមគ្គីភាពរវាងមន្ត្រីនិងការធ្វេសប្រហែសរបស់ស្ដេចខ្មែរ អាវុធសៀមមានកម្លាំងទ័ពនិងគ្រឿងសព្វាវុធខ្លាំង ខ្លានៅពេលនោះ។,10,6,2,0.6,0.65380859375,3,7,1,1
259,តើគេចែកយុគសម័យបុរេប្រវត្តិសាស្ត្រកម្ពុជាជាប៉ុន្មានយុគសម័យ?អ្វីខ្លះ?,គេចែកយុគសម័យបុរេប្រវត្តិសាស្ត្រកម្ពុជាជាបីយុគសម័យគឺ -យុគថ្មបំបែក (600000 - 12000 ឆ្នាំមុនគ.ស) -យុគថ្មរលីងឬសំលៀង (8000 - 2000 ឆ្នាំមុនគ.ស) -យុគលោហៈ(2000-100 ឆ្នាំមុនគ.ស)។,គេចែកយុគសម័យបុរេប្រវត្តិសាស្ត្រកម្ពុជាជាបីយុគសម័យគឺ -យុគថ្មបំបែក (600000 - 12000 ឆ្នាំមុនគ.ស) -យុគថ្មរលីងឬសំលៀង (8000 - 2000 ឆ្នាំមុនគ.ស) -យុគលោហៈ(2000-100 ឆ្នាំមុនគ.ស)។,5,5,4,1.0,0.9912109375,4,5,0,0
260,តើការស្ថិតនៅក្រៅសារពាង្គកាយនៃពងស្វាសមានសារៈសំខាន់ដូចម្តេច?,ការស្ថិតនៅក្រោមសារពាង្គកាយនៃពងស្វាសមានសារៈសំខាន់ដូចជាដើម្បីរក្សាសីតុណ្ហភាពឲ្យ ទាបជាងសីតុណ្ហភាពក្នុងខ្លួន ប្រហែលពី(2-3)សីតុណ្ហភាពក្នុងខ្លួន37 ។,ការស្ថិតនៅក្រោមសារពាង្គកាយនៃពងស្វាសមានសារៈសំខាន់ដូចជាដើម្បីរក្សាសីតុណ្ហភាពឲ្យ ទាបជាងសីតុណ្ហភាពក្នុងខ្លួន ប្រហែលពី(2-3)ដែលជាលក្ខខណ្ឌចាំបាច់សម្រាប់ការផលិត មេជីវិតឈ្មោល ។,10,8,3,0.8,0.8662109375,3,9,0,1
261,តើប្រព័ន្ធផលិតកម្មកសិកម្មនៅប្រទេសកម្ពុជាមានអ្វីខ្លះ?,ប្រព័ន្ធផលិតកម្មកសិកម្មនៅកម្ពុជាមានដូចជាដំណាំដំណាំស្រូវនិងកៅស៊ូដឹកនាំផ្សេងៗទៀតការចិញ្ចឹមសត្វបានចិញ្ចឹមសត្វលើគោកការចិញ្ចឹមសត្វក្នុងទឹកការនេសាទការនេសាទទឹកសាបការនេសាទទឹកប្រៃ  ព្រៃឈើអនុផលព្រៃឈើរកឃ្មុំជ័រទឹកក្តៅសត្វព្រៃ,ប្រព័ន្ធផលិតកម្មកសិកម្មនៅប្រទេសកម្ពុជាមានដូចជារោងចក្រផលិតស្រាបៀររោងចក្រតម្លើងត្រាក់ទ័ររោងចក្រក្តាបន្ទះរោងចក្របាវក្រចៅរោងចក្រកាត់ដេររោងចក្រផលិតចំណីអាហារត្រីខកំប៉ុងនិងបន្លែ។,15,2,1,0.13333333333333333,0.0987548828125,0,1,1,1
262,តើសង្គមខ្មែរនៅសម័យអង្គរមានប៉ុន្មានវណ្ណៈ? វណ្ណៈអ្វីខ្លះ? ចូលរៀបរាប់។,សង្គមខ្មែរនៅសម័យអង្គរមានប្រាំវណ្ណៈគឺ -វណ្ណៈក្សត្រឬរាជវង្សនុវង្ស (ជាស្ដេចគ្រប់គ្រងប្រទេស -វណ្ណៈមន្ត្រី (អ្នករស់នៅក្នុងរាជវាំងបម្រើស្ដេច) -វណ្ណៈព្រាហ្ម៍ឬបុព្វជិត​(គឺជាអ្នកបួស) -វណ្ណៈអ្នកជាឬកសិករ (អ្នករស់នៅនឹងធ្វើស្រែចម្ការ) -វណ្ណៈអ្នកងារឬទាសករ(ទាសករបម្រើគេតកូនតចៅ)។,សង្គមខ្មែរនៅសម័យអង្គរមានប្រាំវណ្ណៈគឺ -វណ្ណៈក្សត្រឬរាជវង្សានុវង្ស -វណ្ណៈមន្ត្រី -វណ្ណៈបុព្វជិត -វណ្ណៈអ្នកជា -វណ្ណៈទាសករនិងអ្នកងារ។,10,6,2,0.6,0.513671875,2,5,0,1
263,តើប្រទេសកម្ពុជាចូលជាសមាជិក សហគមន៍អាស៊ីអាគ្នេយ៍ទទួលផលវិជ្ជមាននិងអវិជ្ជមានដូចម្តេចខ្លះ?,ពណ៌នាពីពីការអភិវឌ្ឍសេដ្ឋកិច្ច សង្គម នៅកម្ពុជាពីឆ្នាំ១៩៩៣ មកទល់សព្វថ្ងៃ .វិស័យសេដ្ឋកិច្ច:  +សេដ្ឋកិច្ចកម្ពុជាមានការរីកចម្រើនឡើងជាបន្តបន្ទាប់ដែលធ្វើឲ្យប្រទេសកម្ពុជាមានជីវភាពល្អប្រសើរ។ +កសិកម្មរីកចម្រើនខាងដាំដំណាំស្រូវទទួលបានទិន្នផលខ្ពស់ជាបន្តបន្ទាប់ +ឧស្សាហកម្មមានតំណាងរោងចក្រច្រើនកន្លែងនិងលើកឡើងនៅសហគ្រឿងធំៗដែលបានផ្ដល់ចំណូលដល់ប្រជាពលរដ្ឋ +ពាណិជ្ជកម្មកាលនាំចូលមកក្នុងប្រទេសនិងមានវិនិយោគក្នុងប្រទេស +គមនាគមន៍កសាងស្ពានផ្លូវថ្នល់អាកាសយានដ្ឋានផ្គត់ផ្គង់ប្រព័ន្ធទឹកពីទីក្រុងដល់ជនបទ កំពុងផែ +ហិរញ្ញវត្ថុមានស្ថេរភាពក្នុងអត្រាប្ដូរប្រាក់ +ធនាគារលើកឡើងនៅធនាគារជាតិហ្នឹងឯកជនជាច្រើន .វិស័យសង្គម +ការអប់រំសិក្សា បង្កើតសាលារៀនគ្រប់កម្រិតពីមត្តីរហូតដល់ឧត្តមសិក្សាបណ្ដុះបណ្ដាលធនធានមនុស្សនិងបញ្ជូននិស្សិតឲ្យទៅរៀននៅក្រៅប្រទេស។ +វប្បធម៌អរិយធម៌ ស្ដារវប្បធម៌ឡើងវិញនិងដាក់បញ្ចូលជាសម្បត្តិបេតិកភណ្ឌពិភពលោកចាប់ផ្ដើមប្រជាជនមានសិទ្ធិជឿលើសាសនា។ +សុខាភិបាលបង្កើតឲ្យមានមន្ទីរពេទ្យលោកសុខភាពនិងឱសថសាស្ត្រ +សិល្បៈបង្កើតឲ្យមានសាលាសាកលវិទ្យាល័យសិល្បៈ.,+ផលវិជ្ជមាន -ប្រទេសកម្ពុជាមានទំនាក់ទំនងពាណិជ្ជកម្មជាមួយប្រទេសក្នុងតំបន់ -កម្ពុជាអាចមានឱកាសប្រកួតប្រជែងសេដ្ឋកិច្ច ជាមួយប្រទេសដែលជាសមាជិកអាស៊ាន -កម្ពុជាទទួលបាននូវកំណើនភ្ញៀវទេសចរណ៍ -កម្ពុជាអាចចូលរួមដោះស្រាយបញ្ហាផ្សេងៗជាមួយប្រទេសដែលជាសមាជិកអាស៊ាន​ -ការផ្លាស់ប្តូរផ្នែកវិស័យអប់រំ វិទ្យាសាស្ត្រ បច្ចេកវិទ្យា និង​ព័ត៍មានថ្មីបន្ថែមទៀត -ការប្តូរចំណះដឹង វិស័យអប់រំ វប្បធម៍ កីឡាសង្គមជាមួយសមាជិកអាស៊ាន -ការកើនឡើងផ្នែកសេដ្ឋកិច្ច ដោយកំណើនភ្ញៀវទេសចរណ៍ +ផលអវិជ្ជមាន -កម្ពុជាមានធនធានមនុស្សនិងសម្ភារបចេ្ចកទេសនូវមានកម្រិតទាប -ការនាំចេញផលិតផលនិងនាំចូលនូវទាប -កម្ពុជាមិនអាចប្រកួតប្រជែងសេដ្ឋកិច្ចជាមួយប្រទេសដែលជាសមាជិកអាស៊ានបានទេ -កម្ពុជាក្លាយជាទីផ្សាររបស់គេ -កម្ពុជាត្រូវការជំនួយពីបរទេស -កម្ពុជាគួរតែិកវិនិយោគទន់បរទេសដោយផ្ទាល់ដែលជាបុព្ធហេតុផ្ដល់ការងារដល់ប្រជាពលរដ្ឋ។,10,9,4,0.9,0.8193359375,3,8,1,1
264,តើកត្តាអ្វីខ្លះដែលធ្វើអោយសម័យអង្គររីកចម្រើនដល់កំពូល?​ ចូលរៀបរាប់។,កត្តាដែលធ្វើអោយសម័យអង្គររីកចម្រើនគឺ: កត្តាព្រះរាជា:ព្រះរាជាចាប់ពីព្រះបាទជ័យវរ្ម័នទី 2 រហូតដល់ព្រះបាទជ័យវរ្ម័នទី 7 សុទ្ធតែជាស្ដេចខ្លាំងពូកែ កត្តានយោបាយ: នយោបាយក្នុងប្រទេសបង្រួបបង្រួមជាតិកសាងនិងការពារទឹកដី នយោបាយក្រៅប្រទេស:ចងសម្ព័ន្ធមិត្តជាមួយប្រទេសធំៗវាយយករដ្ឋតូចដាក់ជាចំណុះ កត្តាសេដ្ឋកិច្ច:រីកចម្រើនលើវិស័យកសិកម្មសិប្បកម្មគណនាគម កត្តាសាសនា:ការឯកភាពគ្នារវាងសាសនាព្រាហ្មនិងព្រះពុទ្ធ កត្តាធនធានមនុស្សបន្សល់ទុកតាំងពីសម័យនគរភ្នំនិងចេនឡាមក។,កត្តាដែលធ្វើអោយសម័យអង្គររីកចម្រើនគឺ: កត្តាព្រះរាជា:ព្រះរាជាចាប់ពីព្រះបាទជ័យវរ្ម័នទី 2 រហូតដល់ព្រះបាទជ័យវរ្ម័នទី 7 សុទ្ធសឹងតែជាស្ដេចខ្លាំងពូកែ កត្តានយោបាយ: នយោបាយក្នុងប្រទេសបង្រួបបង្រួមជាតិកសាងនិងការពារទឹកដី នយោបាយក្រៅប្រទេស:ចងសម្ព័ន្ធមិត្តជាមួយប្រទេសធំៗវាយយករដ្ឋតូចដាក់ជាចំណុះ កត្តាសេដ្ឋកិច្ច:រីកចម្រើនលើវិស័យកសិកម្មសិប្បកម្មគណនាគមន៍ កត្តាសាសនា:ការឯកភាពគ្នារវាងសាសនាព្រាហ្មនិងព្រះពុទ្ធ កត្តាធនធាន:មនុស្សបន្សល់ទុកតាំងពីសម័យនគរភ្នំនិងចេនឡាមក។,10,10,4,1.0,0.98486328125,4,10,0,0
265,តើអាណាចក្រភ្នំមានព្រំប្រទល់ជាប់ប្រទេសណាខ្លះ?,អាណាចក្រភ្នំមានព្រំប្រទល់ជាប់ប្រទេសដូចជា -ខាងជើងជាប់ចិន -ខាងត្បូងជាឈូងសមុទ្រខ្មែរ -ខាងកើតជាប់រដ្ឋចម្ប៉ា -ខាងលិចជាប់រដ្ធមនឬភូមា។,អាណាចក្រភ្នំមានព្រំប្រទល់ជាប់ប្រទេសដូចជា -ខាងជើងជាប់ចិន -ខាងត្បូងជាឈូងសមុទ្រខ្មែរ -ខាងកើតជាប់រដ្ឋចម្ប៉ា -ខាងលិចជាប់រដ្ឋមនឬភូមា។,6,6,4,1.0,0.9853515625,4,6,0,0
266,ដូចម្តេចដែលហៅថាមេយ៉ូស? ចូរនិយាយពីវគ្គផ្សេងៗនៃមេយ៉ូស។,មេយ៉ូសជាសំណុំនៃចំណែកកោសិកាពីរដងបន្តបន្ទាប់គ្នាដែលបង្កើតបានជាកោសិកាអាលូអុីតបួន ហៅថាមេយ៉ូស ។ _តេឡូផាស1 ស៊ីតូប្លាសចែកខ្លួនបានជាកោសិកាកូនពីរ ។កោសិកាកូននីមួយៗទទួលបានក្រូម៉ូសូម តែមួយពីរគូអូម៉ូឡូក ។ _ប្រផាស1 មានរយៈពេលវែង ។ _អាណាផាស1 ក្រូម៉ូសូមដំរៀបលើផ្លាស់ភ្ជាប់នឹងក្រយ៉ូងក្រូម៉ាទិចដោយសង់ក្រូងទ័ររបស់វា ។ _តេឡូផាស2 ក្រូម៉ូមនីមួយៗបានមកដល់ប៉ូលភ្នាស _មេតាផាស2 ក្រូម៉ូសូមប្រេះតាមបណ្ដោយភ្ជាប់ខ្លួនទៅនិងក្រយ៉ងក្រូម៉ាទិចដោយសង់ _ប្រូដាស2 ត្តយ៉ងអាក្រូម៉ាទិតកើតមានក្នុងកោសិកាគូនីមួយៗ _អាណាផាស2 សង់ក្រូម៉ែធ្វើចំណែកដែលនាំអោយក្រូម៉ាទិចបងប្អូនដាច់ចេញពីគ្នា ។បន្ទាប់មក ក្រូម៉ូសូមកូនទាំង2ធ្វើដំណើរឆ្ពោះទៅប៉ូលផ្ទុយគ្នារបស់ត្រយ៉ូងអាក្រូម៉ាទិច ។,មេយ៉ូសជាសំណុំនៃចំណែកកោសិកាពីរដងបន្តបន្ទាប់គ្នាដែលបង្កើតបានជាកោសិកាអាលូអុីតបួន ហៅថាមេយ៉ូស ។ _តេឡូផាស1 _ប្រផាស1  _អាណាផាស1 _មេតាផាស1 _ប្រូដាស2  _អាណាផាស2 _មេតាផាស2 _តេឡូផាស2,10,5,2,0.5,0.480712890625,2,5,0,0
267,ហេតុអ្វីបានជាផ្នែកឯកជនជាកម្លាំងដ៏សំខាន់សម្រាប់វិនិយោគ និងធ្វើឲ្យមានកំណើនសេដ្ឋកិច្ចក្នុងប្រទេស?,បានជាផ្នែកឯកជនជាកម្លាំងដ៏សំខាន់សម្រាប់កំណើនសេដ្ឋកិច្ចកម្ពុជាព្រោះ -កម្ពុជាបានអនុវត្តសេដ្ឋកិច្ចទីផ្សារសេរីដោយបានធ្វើកំណែទម្រង់ពីសហគ្រាសរដ្ឋឲ្យក្លាយទៅជាកម្មសិទ្ធិឯកជន -សេដ្ឋកិច្ចទីផ្សារសេរីនាំឲ្យអ្នករកស៊ីចូលចិត្តមករកស៊ីនិងដាក់វិនិយោគទុន -កាលណាភ្នែកឯកជនរឹងមាំអាចជួយបំពេញបន្ថែមលើវិនិយោគសាធារណៈក្នុងវិស័យសេដ្ឋកិច្ចគឺផ្នែកឯកជនអាចស្រូបយកកម្លាំងពលកម្មកើនឡើង។,បានជាផ្នែកឯកជនជាកម្លាំងដ៏សំខាន់សម្រាប់វិនិយោគនិងធ្វើឲ្យមានកំណើនសេដ្ឋកិច្ចព្រោះ៖ -ព្រោះវាជាផ្នែកឯកជនកម្មសិទ្ធផ្ទាល់ខ្លួន -ធ្វើឲ្យមានការនាំចេញនាំចូលញឹកញាប់ -កំណើនសេដ្ឋកិច្ចកាន់តែរីកលូតលាស់ -មានការអភិវឌ្ឍន៍ -វិនិយោគទន់ជាមួយប្រទេសនានា -សេដ្ឋកិច្ចកាន់តែកើនឡើងបន្តបន្ទាប់ -ប្រទេសជិតមកវិនិយោគជាមួយច្រើនឡើងៗ -រោងចក្រនានាមានការរីកធំ ហើយកាន់តែមានប្រាក់ចំណូលចូលប្រើន -ប្រព័ន្ធសេដ្ឋកិច្ចកាន់តែមានការអភិវឌ្ឍជាលំដាប់ -ប្រជាជនអាចប្រើប្រាស់ឬលក់ -ជួយជំរុញការវិនិយោគ -វិស័យឧស្សាហកម្មកាន់តែកើនឡើង។,15,8,2,0.5333333333333333,0.273681640625,1,4,1,4
268,ដូចម្តេចដែលហៅថាមេយ៉ូស? ចូរនិយាយពីវគ្គផ្សេងៗនៃមេយ៉ូស។,មេយ៉ូសជាសំណុំនៃចំណែកកោសិកាពីរដងបន្តបន្ទាប់គ្នាដែលបង្កើតបានជាកោសិកាអាលូអុីតបួន ហៅថាមេយ៉ូស ។ _តេឡូផាស1 ស៊ីតូប្លាសចែកខ្លួនបានជាកោសិកាកូនពីរ ។កោសិកាកូននីមួយៗទទួលបានក្រូម៉ូសូម តែមួយពីរគូអូម៉ូឡូក ។ _ប្រផាស1 មានរយៈពេលវែង ។ _អាណាផាស1 ក្រូម៉ូសូមដំរៀបលើផ្លាស់ភ្ជាប់នឹងក្រយ៉ូងក្រូម៉ាទិចដោយសង់ក្រូងទ័ររបស់វា ។ _តេឡូផាស2 ក្រូម៉ូមនីមួយៗបានមកដល់ប៉ូលភ្នាស _មេតាផាស2 ក្រូម៉ូសូមប្រេះតាមបណ្ដោយភ្ជាប់ខ្លួនទៅនិងក្រយ៉ងក្រូម៉ាទិចដោយសង់ _ប្រូដាស2 ត្តយ៉ងអាក្រូម៉ាទិតកើតមានក្នុងកោសិកាគូនីមួយៗ _អាណាផាស2 សង់ក្រូម៉ែធ្វើចំណែកដែលនាំអោយក្រូម៉ាទិចបងប្អូនដាច់ចេញពីគ្នា ។បន្ទាប់មក ក្រូម៉ូសូមកូនទាំង2ធ្វើដំណើរឆ្ពោះទៅប៉ូលផ្ទុយគ្នារបស់ត្រយ៉ូងអាក្រូម៉ាទិច ។,មេយ៉ូសជាសំណុំនៃចំណែកកោសិកាពីរដងបន្តបន្ទាប់គ្នាដែលបង្កើតបានជាកោសិកាអាលូអុីតបួន ហៅថាមេយ៉ូស ។មានបួនវគ្គគឺ ប្រូផាស អាណាផាស មេតាផាស និង តេឡូផាស ។,10,4,2,0.4,0.463623046875,2,5,0,1
269,ដូចម្តេចដែលហៅថាមេយ៉ូស? ចូរនិយាយពីវគ្គផ្សេងៗនៃមេយ៉ូស។,មេយ៉ូសជាសំណុំនៃចំណែកកោសិកាពីរដងបន្តបន្ទាប់គ្នាដែលបង្កើតបានជាកោសិកាអាលូអុីតបួន ហៅថាមេយ៉ូស ។ _តេឡូផាស1 ស៊ីតូប្លាសចែកខ្លួនបានជាកោសិកាកូនពីរ ។កោសិកាកូននីមួយៗទទួលបានក្រូម៉ូសូម តែមួយពីរគូអូម៉ូឡូក ។ _ប្រផាស1 មានរយៈពេលវែង ។ _អាណាផាស1 ក្រូម៉ូសូមដំរៀបលើផ្លាស់ភ្ជាប់នឹងក្រយ៉ូងក្រូម៉ាទិចដោយសង់ក្រូងទ័ររបស់វា ។ _តេឡូផាស2 ក្រូម៉ូមនីមួយៗបានមកដល់ប៉ូលភ្នាស _មេតាផាស2 ក្រូម៉ូសូមប្រេះតាមបណ្ដោយភ្ជាប់ខ្លួនទៅនិងក្រយ៉ងក្រូម៉ាទិចដោយសង់ _ប្រូដាស2 ត្តយ៉ងអាក្រូម៉ាទិតកើតមានក្នុងកោសិកាគូនីមួយៗ _អាណាផាស2 សង់ក្រូម៉ែធ្វើចំណែកដែលនាំអោយក្រូម៉ាទិចបងប្អូនដាច់ចេញពីគ្នា ។បន្ទាប់មក ក្រូម៉ូសូមកូនទាំង2ធ្វើដំណើរឆ្ពោះទៅប៉ូលផ្ទុយគ្នារបស់ត្រយ៉ូងអាក្រូម៉ាទិច ។,មេយ៉ូសជាសំណុំនៃចំណែកកោសិកាពីរដងបន្តបន្ទាប់គ្នាដែលបង្កើតបានជាកោសិកាអាលូអុីតបួន ហៅថាមេយ៉ូស ។ _ប្រផាស1 មានរយៈពេលវែង ។ _អាណាផាស1 ក្រូម៉ូសូមដំរៀបលើផ្លាស់ភ្ជាប់នឹងក្រយ៉ូងក្រូម៉ាទិចដោយសង់ក្រូងទ័ររបស់វា ។ _តេឡូផាស2 ក្រូម៉ូមនីមួយៗបានមកដល់ប៉ូលភ្នាស _មេតាផាស2 ក្រូម៉ូសូមប្រេះតាមបណ្ដោយភ្ជាប់ខ្លួនទៅនិងក្រយ៉ងក្រូម៉ាទិចដោយសង់ _ប្រូដាស2 ត្តយ៉ងអាក្រូម៉ាទិតកើតមានក្នុងកោសិកាគូនីមួយៗ,10,6,2,0.6,0.62451171875,2,6,0,0
270,តើមូលហេតុអ្វីបានជាព្រះបាទពញាយ៉ាត ជ្រើសរើសយកចតុមុខធ្វើជារាជធានី?,បានជាព្រះបាទពញាយ៉ាតជ្រើសរើសក្រុងចតុមុខជារាជធានីព្រោះ មានទីតាំងភូមិសាស្ត្រល្អ គេចពីសត្រូវឈ្លានពានសៀម ដីមានជីវជាតិងាយស្រួលក្នុងការធ្វើកសិកម្ម ជាទីប្រសព្វនៃជំនួសទាំងផ្លូវគោកនិងផ្លូវទឹក សម្បូរផ្លូវក្នុងការធ្វើកសិកម្មនិងជំនួញ ភាពខាងត្បូងដីមានប្រជាជនច្រើននិងធនធានដើម្បីកសាងសេដ្ឋកិច្ចជាតិ។,បានជាព្រះបាទពញាយ៉ាតជ្រើសរើសក្រុងចតុមុខជារាជធានីព្រោះ មានទីតាំងភូមិសាស្ត្រល្អ គេចពីសត្រូវឈ្លានពានសៀម ដីមានជីវជាតិងាយស្រួលក្នុងការធ្វើកសិកម្ម ជាទីប្រសព្វនៃជំនួសទាំងផ្លូវគោកនិងផ្លូវទឹក សម្បូរផ្លូវក្នុងការធ្វើកសិកម្មនិងជំនួញ ភាពខាងត្បូងដីមានប្រជាជនច្រើននិងធនធានដើម្បីកសាងសេដ្ឋកិច្ចជាតិ។,10,10,4,1.0,0.96533203125,4,10,0,0
271,រៀបរាប់ពីទំនាក់ទំនងរវាងការដាំដុះអាជីវកម្មព្រៃឈើនិងនេសាទ។,ទំនាក់ទំនងរវាងការដាំដុះ អាជីវកម្មព្រៃឈើ និងការនេសាទមានដូចជា៖ -ការដាំដុះដោយប្រើជីធម្មជាតិ -ការប្រើប្រាស់ជីគីមី -ដាំដុះនិងធ្វើតាមរដូវ -អាជីវកម្មព្រៃឈើ -ការកាប់បំផ្លាញព្រៃឈើ -ការដុតព្រៃឈើ -ការកាប់ឈើយកទៅធ្វើអាជីវកម្ម +ការនេសាទ -ការនេសាទត្រីពេលត្រីពក -ការនេសាទដោយប្រើអគ្គិសនី -ការនេសាទហួសកម្រិត -ការនេសាទគឺជាមុខរបរប្រចាំថ្ងៃាបស់ប្រជាជន -នឹងជាអាហារប្រចាំថ្ងៃរបស់ប្រជាជន -ការនេសាទធ្វើប្រជាជនមានមុខរបររកស៊ីត្រឹមត្រូវ -ការនេសាទប្រើប្រាស់ឧបករណ៍នេសាទខុសច្បាប់ -ការបំផ្លាញជំរកត្រី -ការបកហូរទឹកចេញពី,ទំនាក់ទំនងរវាងការដាំដុះព្រៃឈើនិងការនេសាទ,15,0,0,0.0,0.06512451171875,0,1,0,1
272,តើការស្ថិតនៅក្រៅសារពាង្គកាយនៃពងស្វាសមានសារៈសំខាន់ដូចម្តេច?,ការស្ថិតនៅក្រោមសារពាង្គកាយនៃពងស្វាសមានសារៈសំខាន់ដូចជាដើម្បីរក្សាសីតុណ្ហភាពឲ្យ ទាបជាងសីតុណ្ហភាពក្នុងខ្លួន ប្រហែលពី(2-3)សីតុណ្ហភាពក្នុងខ្លួន37 ។,ការស្ថិតនៅក្រោមសារពាង្គកាយនៃពងស្វាសមានសារៈសំខាន់ក្នុងការផលិតអរម៉ូនភេទឈ្មោលនិង បង្កើតស្ពែម៉ាតូសូអ៊ីត ។,10,2,1,0.2,0.2088623046875,1,2,0,0
273,តើមូលហេតុអ្វីបានជាព្រះបាទពញាយ៉ាត ជ្រើសរើសយកចតុមុខធ្វើជារាជធានី?,បានជាព្រះបាទពញាយ៉ាតជ្រើសរើសក្រុងចតុមុខជារាជធានីព្រោះ មានទីតាំងភូមិសាស្ត្រល្អ គេចពីសត្រូវឈ្លានពានសៀម ដីមានជីវជាតិងាយស្រួលក្នុងការធ្វើកសិកម្ម ជាទីប្រសព្វនៃជំនួសទាំងផ្លូវគោកនិងផ្លូវទឹក សម្បូរផ្លូវក្នុងការធ្វើកសិកម្មនិងជំនួញ ភាពខាងត្បូងដីមានប្រជាជនច្រើននិងធនធានដើម្បីកសាងសេដ្ឋកិច្ចជាតិ។,មូលហេតុដែលព្រះបាទពញាយ៉ាតជ្រើសរើសយកចតុមុខធ្វើជារាជធានីព្រោះជាទីតាំងយុទ្ធសាស្ត្រ ស្ថិតនៅត្រង់ចំណុចប្រសព្វនៃទន្លេទាំងបួនដែលងាយស្រួលក្នុងការធ្វើពាណិជ្ជកម្ម ការដឹកជញ្ជូននិងការពារខ្លួនពីសត្រូវ។,10,8,3,0.8,0.56103515625,2,6,1,2
274,ដូចម្តេចដែលហៅថាវដ្តទឹក? ចូរពន្យល់ពីដំណាក់កាលនីមួយៗ អោយបានត្រឹមត្រូវ។,ដែលហៅថាវត្តទឹកគឺការហ្វឹកហ្វុលឥតឈប់ឈរមុននឹងបង្កើតជាទឹកភ្លៀងទឹករោងនៅកម្ដៅព្រះអាទិត្យបង្កើតបានជាចំហាយទឹកខ្យល់ស្រុកយកចំហែលទឹកទៅអាកាសធ្វើឲ្យចំហាយទឹកកំណក បង្កើតបានជាពពកធ្លាក់មកជាភ្លៀងក្នុងប្រជាទឹក,ដែលហៅថាវត្តទឹកគឺការហ្វឹកហ្វុលឥតឈប់ឈរមុននឹងបង្កើតជាទឹកភ្លៀងទឹករោងនៅកម្ដៅព្រះអាទិត្យបង្កើតបានជាចំហាយទឹកខ្យល់ស្រុកយកចំហែលទឹកទៅអាកាសធ្វើឲ្យចំហាយទឹកកំណក បង្កើតបានជាពពកធ្លាក់មកជាភ្លៀងក្នុងប្រជាទឹក,12,12,4,1.0,0.837890625,3,10,1,2
275,តើប្រទេសកម្ពុជាចូលជាសមាជិក សហគមន៍អាស៊ីអាគ្នេយ៍ទទួលផលវិជ្ជមាននិងអវិជ្ជមានដូចម្តេចខ្លះ?,ពណ៌នាពីពីការអភិវឌ្ឍសេដ្ឋកិច្ច សង្គម នៅកម្ពុជាពីឆ្នាំ១៩៩៣ មកទល់សព្វថ្ងៃ .វិស័យសេដ្ឋកិច្ច:  +សេដ្ឋកិច្ចកម្ពុជាមានការរីកចម្រើនឡើងជាបន្តបន្ទាប់ដែលធ្វើឲ្យប្រទេសកម្ពុជាមានជីវភាពល្អប្រសើរ។ +កសិកម្មរីកចម្រើនខាងដាំដំណាំស្រូវទទួលបានទិន្នផលខ្ពស់ជាបន្តបន្ទាប់ +ឧស្សាហកម្មមានតំណាងរោងចក្រច្រើនកន្លែងនិងលើកឡើងនៅសហគ្រឿងធំៗដែលបានផ្ដល់ចំណូលដល់ប្រជាពលរដ្ឋ +ពាណិជ្ជកម្មកាលនាំចូលមកក្នុងប្រទេសនិងមានវិនិយោគក្នុងប្រទេស +គមនាគមន៍កសាងស្ពានផ្លូវថ្នល់អាកាសយានដ្ឋានផ្គត់ផ្គង់ប្រព័ន្ធទឹកពីទីក្រុងដល់ជនបទ កំពុងផែ +ហិរញ្ញវត្ថុមានស្ថេរភាពក្នុងអត្រាប្ដូរប្រាក់ +ធនាគារលើកឡើងនៅធនាគារជាតិហ្នឹងឯកជនជាច្រើន .វិស័យសង្គម +ការអប់រំសិក្សា បង្កើតសាលារៀនគ្រប់កម្រិតពីមត្តីរហូតដល់ឧត្តមសិក្សាបណ្ដុះបណ្ដាលធនធានមនុស្សនិងបញ្ជូននិស្សិតឲ្យទៅរៀននៅក្រៅប្រទេស។ +វប្បធម៌អរិយធម៌ ស្ដារវប្បធម៌ឡើងវិញនិងដាក់បញ្ចូលជាសម្បត្តិបេតិកភណ្ឌពិភពលោកចាប់ផ្ដើមប្រជាជនមានសិទ្ធិជឿលើសាសនា។ +សុខាភិបាលបង្កើតឲ្យមានមន្ទីរពេទ្យលោកសុខភាពនិងឱសថសាស្ត្រ +សិល្បៈបង្កើតឲ្យមានសាលាសាកលវិទ្យាល័យសិល្បៈ.,ផលវិជ្ជមាន.[នយោបាយ]  -ទាក់ទាញអ្នកវិនិយោគទុន -ងាយស្រួលក្នុងការធ្វើពាណិជ្ជកម្ម -បង្កើតការងារដល់ប្រជាជនក្នុងស្រុកកាត់បន្ថយ -បង្កើតភ្ញៀវទេសចរណ៍ចូលមកលេង.[សេដ្ឋកិច្ច]  -ចូលប្រធានសហការដែលជាប្រទេសកម្ពុជា +ផលអវិជ្ជមាន,10,5,2,0.5,0.26611328125,1,3,1,2
276,ហេតុអ្វីបានជាមនុស្សស្រូបយកខ្យល់ដែលមានកាបូនម៉ណូអុកស៊ីតអាចបង្កគ្រោះថ្នាក់ដល់ស្លាប់បាន?,បានជាមនុស្សស្រូបយកខ្យល់ដែលមានកាបូនម៉ូណូអុកស៊ីដអាចបង្កឲ្យមានគ្រោះថ្នាក់ដល់ស្លាប់ បានព្រោះកាបូនម៉ូណូអុកស៊ីដមានសមត្ថភាពចាប់យក ក្នុងឈាមបានខ្លាំងជាងអុកស៊ីសែន វារារាំងឈាមមិនឲ្យដឹកនាំអុកស៊ីសែនទៅចិញ្ចឹមសរីរាង្គជាពិសេសខួរក្បាលដែលបណ្តាលឲ្យ ស្លាប់និង សន្លប់ ។,បានជាមនុស្សស្រូបយកខ្យល់ដែលមានកាបូនម៉ូណូអុកស៊ីដអាចបង្កឲ្យមានគ្រោះថ្នាក់ដល់ស្លាប់ បានព្រោះកាបូនម៉ូណូអុកស៊ីដមានសមត្ថភាពចាប់យក ក្នុងឈាមបានខ្លាំងជាងអុកស៊ីសែន វារារាំងឈាមមិនឲ្យដឹកនាំអុកស៊ីសែនទៅចិញ្ចឹមសរីរាង្គជាពិសេសខួរក្បាលដែលបណ្តាលឲ្យ ស្លាប់និង សន្លប់ ។,5,5,4,1.0,0.76025390625,3,4,1,1
277,តើអ្វីជាសង្គ្រាមត្រជាក់? តើសង្គ្រាមត្រជាក់ផ្ដល់ផលវិបាកអ្វីខ្លះដល់កម្ពុជា?,សង្គ្រាមត្រជាក់ជាការប្រឈមមុខដាក់គ្នាដោយប្រយោលរវាងសហរដ្ឋអាមេរិចនិងសហភាពសូវៀត ដោយធ្វើការប្រណាំងប្រជែងគ្នាលើផ្នែក  សេដ្ឋកិច សព្វាវុធ យោធា និងបច្ចេកទេស។ សង្រ្គាមត្រជាក់បានផ្ដល់ផលវិបាកកម្ពុជាដូចជា៖ -គ្រាប់បែករបស់សហរដ្ឋអាមេរិក 1669 ដល់ 1973  -សង្គ្រាមស៊ីវិលក្នុងប្រទេសពីឆ្នាំ 1970 ដល់ 1975 និងកើតមានម្តងទៀតពីឆ្នាំ 1979 ដល់ឆ្នាំ 1991 ដែលកើតចេញពីការប្រឆាំងគ្នារវាងក្រុមកុម្មុយនិស្តនិងសេរីនិយម -ការសម្លាប់ប្រជាជនឯងក្រោមរបស់ប្រល័យពូជសាសន៍ឆ្នាំ 1975 និងឆ្នាំ 1979  -ការផ្លាស់ប្ដូរនយោបាយជាញឹកញាប់រហូតមានការមានកិច្ចព្រមព្រៀងសន្តិភាពក្រុងប៉ារីសថ្ងៃទី 23 តុលាឆ្នាំ 1991។,សង្គ្រាមត្រជាក់គឺជាការប្រគួតប្រជែងមួយឧត្តមភាពរវាងមនោគមន៍វិជ្ជាសេរី និងគម្មុយនីស ដែលឈានទៅរកការប្រណាំងខាងបច្ចេកវិទ្យានិងសព្វាវុធ  ពោលគឺជាការកាច់បំបាក់គ្នារវាងសហរដ្ឋអាមេរិកនិងសហភាពសូវៀត។  ផលវិបាកនៃសង្គ្រាមត្រជាក់ចំពោះប្រទេសកម្ពុជាមានដូច៖ -មានវិនាសកម្មការទម្លាក់គ្រាប់បែករបស់សហរដ្ឋអាមេរិក 1969 ដល់ 1973  -សង្រ្គាមស៊ីវិលក្នុងប្រទេសពីឆ្នាំ 1970 ដល់ឆ្នាំ 1975 និងកើតម្ដងទៀតពីឆ្នាំ 1975 ដល់ 1980 ដែលកើតចេញពីការប្រឆាំងគ្នារវាងក្រុមគម្មុយនីសនឹងសេរីនិយម -ការកាប់សម្លាប់ប្រជាជនឯងក្រោមរបបប្រល័យពូជសាសន៍ឆ្នាំ 1975 ដល់ឆ្នាំ 1979  -ការផ្លាស់ប្ដូរនយោបាយញឹកញាប់រហូតដល់មានកិច្ចព្រមព្រៀងសន្តិភាពទីក្រុងប៉ារីស 23 តុលាឆ្នាំ 1991។,10,9,4,0.9,0.8828125,4,9,0,0
278,តើកម្ពុជាមានបេតិកភណ្ឌអ្វីខ្លះ ដែលបានចុះបញ្ជីបេតិកភណ្ឌរូបី និង អរូបីពិភពលោករបស់អង្គការយូណេស្កូ? ចូររៀបរាប់ឱ្យបានប្រាំ។,កម្ពុជាមានបេតិកភណ្ឌដែលបានចុះបញ្ជីបេតិកភណ្ឌរូបី និង អរូបីពិភពលោករបស់អង្គការយូណេស្កូដូចជា     +ល្ខោនខោល     +រមណីយដ្ឋានអង្គរ     +ចាប៉ីដងវែង     +ប្រាសាទព្រះវិហហារ     +ល្ខោនស្រមោលស្បែកធំ     +របាំព្រះរាជទ្រព្យ     +ក្រមាខ្មែរ     +គុនល្បុកតោ     +រមណីយដ្ឋានសម្បូរព្រៃគុក,កម្ពុជាមានបេតិកភណ្ឌដែលបានចុះបញ្ជីបេតិ កភណ្ឌរូបិយនិងអរូបិយពិភពលោករបស់ អង្គការយូណេស្កូមានដូចជា÷ -រមណីយដ្ឋានប្រាសាទអង្គរវត្ត  -ប្រាសាទព្រះវិហារ  -ប្រាសាទសំបូរព្រៃគុហ៍ -ល្ខោនស្រមោលស្បែកធំ និងចាប៉ីដងវែង។,5,5,4,1.0,0.9169921875,4,5,0,0
279,តើការស្ថិតនៅក្រៅសារពាង្គកាយនៃពងស្វាសមានសារៈសំខាន់ដូចម្តេច?,ការស្ថិតនៅក្រោមសារពាង្គកាយនៃពងស្វាសមានសារៈសំខាន់ដូចជាដើម្បីរក្សាសីតុណ្ហភាពឲ្យ ទាបជាងសីតុណ្ហភាពក្នុងខ្លួន ប្រហែលពី(2-3)សីតុណ្ហភាពក្នុងខ្លួន37 ។,ការស្ថិតនៅក្រោមសារពាង្គកាយនៃពងស្វាសមានសារៈសំខាន់ក្នុងការផលិតអរម៉ូនភេទឈ្មោលនិង បង្កើតស្ពែម៉ាតូសូអ៊ីត ។,10,3,1,0.3,0.2088623046875,1,2,0,1
280,ចូរពណ៏នាពីការអភិវឌ្ឍសេដ្ឋកិច្ច សង្គម នៅកម្ពុជាពីឆ្នាំ១៩៩៣ មកទល់សព្វថ្ងៃ?,ការអភិវឌ្ឈនៅកម្ពុជា +វិស័យសេដ្ឋកិច្ច -ជួយជំរុញវិស័យកសិកម្ម ឧស្សាហកម្ម ពាណិជ្ជកម្ម ទេសចរណ៌ មានការអភិវឌ្ឈ -មានកំណើនការវិនិយោគពីឯកជនបង្កើតទុនបរទេស -មានទំនាក់ទំនងពាណិជ្ជកម្មអន្តរជាតិជាមួយអាស៊ាននិងមហាអំណាចធំៗ -មានកំណើនភ្ញៀវទេសចរណ៌ជាតិនិងអន្តរជាតិ ផ្ដល់ចំណូលដល់ប្រជាជន -កសាងហេដ្ឋារចនាសម្ព័ន្ធ មានផ្លូវថ្នល់ ស្ពានដែក កំពង់ផែ អាកាសយាន្តដ្ឋាន ដោយបំពាក់ប្រព័ន្ធទឹកភ្លើងពីទីក្រុងទៅជនបទ +វិស័យសង្គម -មានការទប់ស្កាត់សង្គ្រាម -លើកស្ទួយការគោរពសិទ្ធិមនុស្ស -ទប់ស្កាត់អំពើពុករលួយ -ធ្វើឱ្យរដ្ឋាភិបាលមានលទ្ធភាពសម្រេចផែនការនានាតាមការកំណត់ -ជួយឱ្យមានរក្សាសន្តិភាព សុខសុវត្ថិភាព -មានការអភិវឌ្ឈសាលារៀន មន្ទីរពេទ្យ -មានសមភាពយែនឌ័រក្នុងសង្គម -កម្ពុជារៀបចំកម្មវិធីធំៗថ្នាក់ជាតិ។,ការអភិវឌ្ឍនសិដ្ឋកិច្ចសង្គមកម្ពុជា1993 មកទល់សព្វថហងៃមានដូចជា +នយោបាយឈ្នះ-ឈ្នះ:  -នយោបាយឈ្នះ-ឈ្នះ បានធ្វើឲរាជរដ្ឋាភិបាលដាក់ចេញនៅយុទ្ធសាស្ត្រត្រីកោណនិងយុទ្ធសាស្ត្រវតុកោណក្នុង្រអភិវឌ្ឍសេដ្ឋកិច្ចសង្គម សមភាពយែនឌ័រ  ហិរញ្ញវុត្ថុ លុបបំបាត់អំពើពុករលួយ ការគ្រប់គ្រងធនធានធម្មជាតិប្រកបដោយចីរភាព។ +វិស័យសេដ្ឋកិច្ច: -បង្កើតទំនាក់ទំនងពាណិជ្ជកម្មអន្តរជាតិនិងជាមួយអាស៊ាន ហើយមហាអំណាចធំៗនៅលើពិភពលោក -កសិកម្មមានការរីកចម្រើនព្រោះរាជរដ្ឋាភិបាលបានយកចិត្តទុកដាក់ក្នុងការបង្កើតបករព័ន្ធធារាសាស្ត្រនិងបង្កាត់ពូជ -អនុវត្តសេដ្ឋកិច្ចទីផ្សារសេរីកម្ពុជាបានក្លាយជាកន្លែងទាក់ទាញវិនិយោគទុនបរទេស -ឧស្សាហកម្មមានការរីកចម្រើនផ្នែករោងចក្រសហគ្រាសតូចធំជាពិសេសរោងចក្រវាយភ័ណ្ឌដែលជួយបង្កើតការងារ ប្រាក់ចំណូល កាត់បន្ថយភាពក្រីក្រ  និងចំណាកស្រុក -វប្បធម៌មានប្រាសាទបុតាណជាច្រើននិងទេសចរណ៍ធម្មជាតិសម្រាប់ទាក់ទាញភ្ញៀវជាតិនិងអន្តរជាតិ -អត្រាប្ដូប្រាក់មានស្ថេរភាព ចូលជាសមាជិកអង្គរការពាណិជ្ជកម្មពិភពលោក។ +វិស័យសង្គម -ឆ្នាំ1998មានរៀបចំរដ្ឋាភិបាលសណ្ដាប់ធ្នាប់សង្គមសុខដុមរមនា និងស្ថិរភាពនយោបាយ -ធ្វើឲមានសមទ្ធិផលជាច្រើនកើតឡើងដូចជា: •បង្កើតសាលារៀនគ្រប់កម្រិតថ្នាក់ពីមតេយ្យសិក្សារហូតដល់សកលវិទ្យាល័យ •កសាងមន្ទីរពេទ្យ ផ្លូវថ្នល់ ស្ពាន ស្ពានអាកាសនិងប្រព័ន្ធធារាសាស្ត្រ +ការអនុវត្តច្បាប់ -ទប់ស្កាត់ៗនឲមានការជួញដូរមនុស្ស គ្រឿងញៀន និងអំពើភារវកម្ម -មានសិទ្ធិសេរីភាពផ្នែកសារព័ត៌មាននិងអនុញ្ញាតឲមានសិទ្ធិសេរីភាពក្នុងការបង្កើតអង្គការសង្គមស៊ីវិល -សមភាពយែនឌ័រ (ផ្ដល់សិទ្ធិឲស្ត្រី)។,10,10,4,1.0,0.9609375,4,10,0,0
281,តើសេដ្ឋកិច្ចកម្ពុជាពឹងផ្អែកលើវិស័យអ្វីជាសំខាន់?     ក/ ហេតុអ្វីបានជាគេនិយាយថាកម្ពុជាជាប្រទេសកសិកម្ម?     ខ/ តើគេចែកកសិករជាប៉ុន្មានប្រភេទ?អ្វីខ្លះ?,សេដ្ឋកិច្ចកម្ពុជាពឹងផ្អែកលើវិស័យកសិកម្មជាសំខាន់។   ក/ បានជាគេនិយាយថាកម្ពុជាជាប្រទេសឧស្សាហកម្មព្រោះ៖  _  សណ្ឋានដី : ដីមានជីវជាតិល្អនិងសម្បូរទំនាបល្បាប់   _ ផ្លូវទឹក : ផ្លូវទឹកខ្វាត់ខ្វែងងាយស្រួលដល់ការដាំដុះ  _ ប្រជាជន : ប្រជាជនខ្មែរភាគច្រើនចូលចិត្តធ្វើកសិកម្ម  _ អាកាសធាតុ : ទទួលអាកាសធាតុក្តៅសើម  _ កសិកម្មផ្តល់ផល50%នៃផលិតផលជាតិសរុប។  ខ/ គេចែកកសិករទាំងនោះជា4ប្រភេទគឺ៖  _ កសិករធ្វើស្រែឬអ្នកស្រែ : និយមធ្វើស្រែ ស្រូវប្រាំង ស្រូវវស្សា ស្រូវឡើងទឹក  _ កសិករតំបន់ដីខ្ពស់ : គេដាំដំណាំជាអចិន្ត្រៃយ៍(ពោត ដំឡូង ចេក កៅស៊ូសណ្តែក)  _ កសិករធ្វើចម្ការដំណាំស្រូវ : គេដាំដំណាំតាមមាត់ទន្លេ ចិញ្ចឹមសត្វនិងនេសាទ  _ កសិករភូមិភាគឦសាន: គេធ្វើដំណាំព្រៃដុតមានដូចជាពោត ដំឡូង ស្រូវរុក្ខជាតិយកមើមដទៃទៀត និងបរបាញ់សត្វផងដែរ។,សេដ្ឋកិច្ចជាតិផ្អែកលើវិស័យកសិកម្មជាសំខាន់ព្រោះវិស័យនេះសំខាន់ដល់ជាតិដូចជា៖  -មានលក្ខណៈអនុគ្រោះដល់អ្នកវិភាគវិស័យនេះពោលគឺសម្បូរទៅដោយឡែក រាបនិងខ្ពស់រាបស្មើប្រកបដោយក្តីជីវជាតិល្អសម្រាប់ការដាំដុះការចិញ្ចឹមសត្វនិងព្រៃឈើ -កម្ពុជាឋិតនៅក្នុង តំបន់ត្រូពិកដែលអាកាសធាតុ នឹងខ្យល់ហើយទទួលបានពីខ្យល់មូសុងមានភ្លៀងធ្លាក់ច្រើននិងមានកម្ដៅគ្រប់គ្រាន់ សម្រាប់ដាំដុះចិញ្ចឹមសត្វនិងនេសាទ -វិស័យនេះផ្ដល់ជូនការងារប្រជាជនជាច្រើន ជាប្រភពស្បៀងអាហារជាប្រភពនៃវត្ថុធាតុដើមសម្រាប់ឧស្សាហកម្មក្នុងស្រុកនិងដើមចេញ ច្រើនជាងគេ -ការកាត់បន្ថយអត់ការងារធ្វើរបស់ប្រជាជន -ការកាត់បន្ថយភាពក្រក្រី ប្រជាជន  -គេបែកចែកកសិករ ទាំងនោះជាបួនប្រភេទកសិករ។  ដំណាំស្រូវកសិករស្រែចម្ការការ ដំណាំពោតសណ្តែក -ដំណាំចេញផលទៅលក់នៅទីផ្សារ -ការដាំដំណាំដោយធម្មជាតិគ្មានប្រើប្រាស់ជីគីមី -កសិករធ្វើស្រែចម្ការនេះមិនសំដៅទៅលើកសិករដែលធ្វើដំណាំស្រូវទេនោះគឺសំដៅទៅលើការដាំដំណាំហូបផ្លែ នាំចេញផលិតផលទៅក្រៅស្រុក +កសិករដំណាំស្រូវ -ការដាំដំណាំស្រូបយកអង្ករ -គ្រួសារខ្លះធ្វើស្រូវដាំសម្រាប់ផ្គត់ផ្គង់គ្រួសារតែគ្រួសារខ្លះទៀតធ្វើស្រូវសម្រាប់លក់ខ្លះនិងទុកហូបខ្លះ -ការដាំស្រូវជាតម្រូវការរបស់ប្រជាជនខ្មែរទាំងអស់។,20,20,4,1.0,0.77978515625,3,16,1,4
282,តើសង្គមខ្មែរនៅសម័យអង្គរមានប៉ុន្មានវណ្ណៈ? វណ្ណៈអ្វីខ្លះ? ចូលរៀបរាប់។,សង្គមខ្មែរនៅសម័យអង្គរមានប្រាំវណ្ណៈគឺ -វណ្ណៈក្សត្រឬរាជវង្សនុវង្ស (ជាស្ដេចគ្រប់គ្រងប្រទេស -វណ្ណៈមន្ត្រី (អ្នករស់នៅក្នុងរាជវាំងបម្រើស្ដេច) -វណ្ណៈព្រាហ្ម៍ឬបុព្វជិត​(គឺជាអ្នកបួស) -វណ្ណៈអ្នកជាឬកសិករ (អ្នករស់នៅនឹងធ្វើស្រែចម្ការ) -វណ្ណៈអ្នកងារឬទាសករ(ទាសករបម្រើគេតកូនតចៅ)។,សង្គមខ្មែរនៅសម័យអង្គរមានបួនវណ្ណៈគឺ -វណ្ណៈព្រាហ្មណ៍ឬបុព្វចិត្តមាន .ពួកប៉ាងឃៀបឬពួកព្រាហ្មណ៍គឺជាពួកដែលមានចំណេះដឹងខ្ពស់ .ពួកជូគូឬចៅគូគឺពួកព្រះសង្ឃដែលគោរពព្រះពុទ្ធនិងបង់ជីពពណ៌លឿង .ពួកតាបសគឺអ្នករស់នៅក្នុងព្រៃឬលើភ្នំសាននិងកំណាច់ក្រហមលើក្បាល -វណ្ណៈក្សត្រ រាជវង្សានុវង្សគឺជាអ្នកដែលរស់នៅស្រណុកមិនបង់ពន្ធនិងរស់នៅក្នុងនគរ -វណ្ណៈអ្នកជាឬមន្ត្រីគឺជាប្រជារាស្ត្ររស់នៅដោយសេរីបង់ពន្ធ -វណ្ណៈទាសករឬអ្នកងារគឺជាពួកអ្នកបម្រើគេអស់មួយជីវិតហើយតបកូនតចៅពួកគេភាគច្រើនជាជនជាតិភាគតិចដែលត្រូវគេទិញមក,10,9,4,0.9,0.9736328125,4,10,0,1
283,តើឧស្សាហកម្មមានតួនាទីចំពោះសេដ្ឋកិច្ចជាតិយ៉ាងដូចម្ដេច?,ឧស្សាហកម្មមានតួនាទីសម្រាប់សេដ្ឋកិច្ចជាតិដូចជា -ជួយបង្កើតប្រាក់ចំណូលចូលជាតិ -បង្កើតការងារដល់ប្រជាជន -បង្កើតប្រាក់ចំណូលចូលក្នុងគ្រួសារ -ប្រជាជនមានជីវភាពធូរធារ -ជួយរក្សាជញ្ជីងពាណិជ្ជកម្ម -ជួយបង្កើតទិន្នផលសម្រាប់ការនាំចេញនាំចូល -បង្កើននូវសង្ឃភារៈសម្រាប់ប្រើប្រាស់។,ឧស្សាហកម្មមានតួនាទីចំពោះសេដ្ឋកិច្ចជាតិដូចជា៖ -ការនាំចេញទៅក្រៅប្រទេស -ចំណូលបានពីការលក់បញ្ជូនទៅសេដ្ឋកិច្ចជាអ្នកទុកដាក់ -ផលិតផលដែលផលិតបានត្រូវយកទៅលក់នៅក្រៅប្រទេស -ប្រព័ន្ធការធ្វើឲ្យមានដែលមិនអាចរស់នៅបាន -ដែលមានសញ្ញាដែលបានធ្វើឲ្យគ្មានភាពពេកលន់ភ្លេច -នៅលើការលក់ដូរនៅតាមទីផ្សារនីមួយៗទ្រាំងណាបានភ្លេច -ជាតិបានធ្វើការឲ្យការទិញសន្លឹកក្រដាសប្រឡងកិត្តិយស -ដែលបានធ្វើឲ្យណាដែលមានសញ្ញាសម្គាល់ដែលបាន -ផ្នែកកក្នុងមិនបានធ្វើឲ្យបានជាច្រើនទេបានតែមិនលែង -កុំស៊ីនដែលបានដែលនៅតែបន្ទាត់ដែនដីមិនត្រូវ -ប្រព័ន្ធដែលធ្វើឲ្យមានការវិនិច្ឆ័យការមានដីខ្វែង -ជាតិយ៉ាងណាមិញម្យ៉ាងទៀតបាននាំឱ្យសម្គាល់ -យើងមិនបានធ្វើឱ្យមានដែលបានគ្មានឃើញ -បេក្ខជនដែលធ្វើឲ្យមានការចែកចេញពីប្រទេសបើកឡើយមានបានទេ។,15,3,1,0.2,0.184814453125,1,3,0,0
284,តើកម្ពុជាមានបេតិកភណ្ឌអ្វីខ្លះ ដែលបានចុះបញ្ជីបេតិកភណ្ឌរូបី និង អរូបីពិភពលោករបស់អង្គការយូណេស្កូ? ចូររៀបរាប់ឱ្យបានប្រាំ។,កម្ពុជាមានបេតិកភណ្ឌដែលបានចុះបញ្ជីបេតិកភណ្ឌរូបី និង អរូបីពិភពលោករបស់អង្គការយូណេស្កូដូចជា     +ល្ខោនខោល     +រមណីយដ្ឋានអង្គរ     +ចាប៉ីដងវែង     +ប្រាសាទព្រះវិហហារ     +ល្ខោនស្រមោលស្បែកធំ     +របាំព្រះរាជទ្រព្យ     +ក្រមាខ្មែរ     +គុនល្បុកតោ     +រមណីយដ្ឋានសម្បូរព្រៃគុក,កម្ពុជាមានបេតិកភណ្ឌដែលបានចុះបញ្ជីបេតិ កភណ្ឌរូបិយនិងអរូបិយពិភពលោករបស់ អង្គការយូណេស្កូមានដូចជា÷ -ប្រាសាទអង្គរវត្ត  -ប្រាសាទព្រះវិហារ  -ល្ខោនខោល -ប្រាសាទកោះកេរ្ត៌ិ -របាំអប្សរា។,5,4,3,0.8,0.88525390625,4,4,1,0
285,ចូររៀបរាប់ពីទំនាក់ទំនងរវាងការដាំដុះ​ អាជីវកម្មព្រៃឈើ និងការនេសាទ។,ទំនាក់ទំនងរវាងការដាំដុះ អាជីវកម្មព្រៃឈើ និងការនេសាទមានដូចជា៖ -ការដាំដុះដោយប្រើជីធម្មជាតិ -ការប្រើប្រាស់ជីគីមី -ដាំដុះនិងធ្វើតាមរដូវ -អាជីវកម្មព្រៃឈើ -ការកាប់បំផ្លាញព្រៃឈើ -ការដុតព្រៃឈើ -ការកាប់ឈើយកទៅធ្វើអាជីវកម្ម +ការនេសាទ -ការនេសាទត្រីពេលត្រីពក -ការនេសាទដោយប្រើអគ្គិសនី -ការនេសាទហួសកម្រិត -ការនេសាទគឺជាមុខរបរប្រចាំថ្ងៃាបស់ប្រជាជន -នឹងជាអាហារប្រចាំថ្ងៃរបស់ប្រជាជន -ការនេសាទធ្វើប្រជាជនមានមុខរបររកស៊ីត្រឹមត្រូវ -ការនេសាទប្រើប្រាស់ឧបករណ៍នេសាទខុសច្បាប់ -ការបំផ្លាញជំរកត្រី -ការបកហូរទឹកចេញពី,ទំនាក់ទំនងរវាងការដាំដុះ អាជីវកម្មព្រៃឈើ និងការនេសាទ៖ +អាជីវកម្មព្រៃឈើ និងកានេសាទ គឺត្រូវការគ្នានៅពេលដែលគេធ្វើការកាប់ឈឺក្នុងទឹក (ព្រៃកោងកាង ព្រៃលិចទឹកច្រើន) ​ដើម្បីប្រមូល ផលត្រីដែលនៅក្រោមឈឺក្នុងទឹក។ -ការកាប់ព្រៃឈើ -ការជួញដូរឈើ -ការដឹកជញ្ចូនឈើលក់នៅក្រៅស្រុក +ការនេសាទ -ការបំផ្លាញទីជម្រកត្រី -ការឆក់ត្រីដោយឧបករណ៍ខុសច្បាប់ -ការសម្លាប់ត្រីកម្រៗ -ការចិញ្ចឹមត្រីខុសច្បាប់ដើម្បីលក់ -ការនេសាទពេលត្រីពង (រដូវត្រីពង) -ការចាប់កូនត្រីតូចៗ។,15,3,1,0.2,0.1763916015625,1,3,0,0
286,តើកត្តាអ្វីខ្លះដែលធ្វើអោយសម័យអង្គររីកចម្រើនដល់កំពូល?​ ចូលរៀបរាប់។,កត្តាដែលធ្វើអោយសម័យអង្គររីកចម្រើនគឺ: កត្តាព្រះរាជា:ព្រះរាជាចាប់ពីព្រះបាទជ័យវរ្ម័នទី 2 រហូតដល់ព្រះបាទជ័យវរ្ម័នទី 7 សុទ្ធតែជាស្ដេចខ្លាំងពូកែ កត្តានយោបាយ: នយោបាយក្នុងប្រទេសបង្រួបបង្រួមជាតិកសាងនិងការពារទឹកដី នយោបាយក្រៅប្រទេស:ចងសម្ព័ន្ធមិត្តជាមួយប្រទេសធំៗវាយយករដ្ឋតូចដាក់ជាចំណុះ កត្តាសេដ្ឋកិច្ច:រីកចម្រើនលើវិស័យកសិកម្មសិប្បកម្មគណនាគម កត្តាសាសនា:ការឯកភាពគ្នារវាងសាសនាព្រាហ្មនិងព្រះពុទ្ធ កត្តាធនធានមនុស្សបន្សល់ទុកតាំងពីសម័យនគរភ្នំនិងចេនឡាមក។,កត្តាដែលធ្វើអោយសម័យអង្គររីកចម្រើនគឺ: កត្តាព្រះរាជា:ព្រះរាជាចាប់ពីព្រះបាទជ័យវរ្ម័នទី 2 រហូតដល់ព្រះបាទជ័យវរ្ម័នទី 7 សុទ្ធសឹងតែជាស្ដេចខ្លាំងពូកែ កត្តានយោបាយ: នយោបាយក្នុងប្រទេសបង្រួបបង្រួមជាតិកសាងនិងការពារទឹកដី នយោបាយក្រៅប្រទេស:ចងសម្ព័ន្ធមិត្តជាមួយប្រទេសធំៗវាយយករដ្ឋតូចដាក់ជាចំណុះ,10,5,2,0.5,0.865234375,3,9,1,4
287,បុព្វហេតុអ្វីខ្លះដែលនាំឲ្យអាណាចក្រចេនឡាបែកបាក់ជាពីរគឺអាណាចក្រចេនឡាដីគោកនិងចេនឡាទឹកលិច?,បុព្វហេតុដែលនាំហើយអាណាចក្រចេនឡាបែកជាពីរគឺ -វិសាលភាពទឹកដីធំទូលាយ -ចម្បាំងអត់ឈប់ឈរ -សមន្ដរដ្ឋបះបោរចង់ផ្ដាច់ខ្លួន -វិបត្តិផ្ទៃក្នុង -ព្រះនាងជ័យទេវីគ្មានសមត្ថភាពគ្រប់គ្រង។,បុព្វហេតុដែលនាំហើយអាណាចក្រចេនឡាបែកជាពីរគឺ -វិសាលភាពទឹកដីធំទូលាយ -ចម្បាំងអត់ឈប់ឈរ -សមន្ដរដ្ឋបះបោរចង់ផ្ដាច់ខ្លួន -វិបត្តិផ្ទៃក្នុង -ព្រះនាងជ័យទេវីគ្មានសមត្ថភាពគ្រប់គ្រង។,7,7,4,1.0,0.98779296875,4,7,0,0
288,សេដ្ឋកិច្ចកម្ពុជាពឹងផ្អែកលើវិស័យកសិកម្មជាសំខាន់៖ ​ក.​ ហេតុអ្វីបានជាគេនិយាយថាកម្ពុជាជាប្រទេសកសិកម្ម? ខ. តើគេចែកកសិករទាំងនោះជាប៉ុន្មានប្រភេទ?,សេដ្ឋកិច្ចកម្ពុជាបានផ្អែកលើវិស័យកសិកម្មជាសំខាន់៖ ក​. បានជាគេនិយាយថាប្រទេសកម្ពុជាជាប្រទេសកសិកម្មដោយសារ -ផ្ទៃដីនៅប្រទេសកម្ពុជាប្រហែល៩០ភាគរយសិតតែដំណាំស្រូវ -ប្រជាជនកកម្ពុជា ៧០.៣ភាគរយធ្វើកសិកម្ម -កសិកម្មជួយឲ្យប្រជាជនកម្ពុជាមានការងារធ្វើ -ប្រជាជននិយមធ្វើកសិកម្ម -ដីនៅកម្ពុជាប្រកបជាមួយកាធ្វើកសិកម្ម -កម្ពុជាមានអាកាសធាតុសមស្របសម្រាប់ធ្វើកសិកម្ម ខ. គេចែកកសិកម្មទាំងនោះជាពីរប្រភេទ៖ +កសិករខ្នាតតូច -ធ្វើកសិកម្មដើម្បីជីវិត -ធ្វើលក្ខណៈតិចតួច ទុកតែបរិភោគសម្រាប់គ្រួសារ -មិនលក់ឲ្យអ្នកណា +កសិករខ្នាតធំ -ធ្វើកសិកម្មច្រើនហើយទុកសម្រាប់លក់ឬនាំចេញទៅក្រៅប្រទេស -ធ្វើមួយឆ្នាំអាចទៅពីរលើក -ធ្វើលក្ខណៈច្រើន ដើម្បីលក់និងនាំចេញ។,សេដ្ឋកិច្ចកម្ពុជាបានផ្អែកលើវិស័យកសិកម្មជាសំខាន់ដូចជា៖ +វិស័យឧស្សាហកម្ម -មានរោងចក្រសម្រាប់ផលិតទំនិញដោយខ្លួនឯង -មានការនាំចេញផលិតផលច្រើនជាងខ្លួនឯង -មានដីសម្រាប់ដាំដំណាំ +វិស័យពាណិជ្ជកម្ម -មានគេស្គាល់ពីផលិតផលក្នុងស្រុកច្រើន +វិស័យទេសចរណ៍ -មានអ្នកក្រៅប្រទេសមកទស្សនាក្នុងប្រទេសច្រើន -បង្កើនប្រាក់ចំណូល -មានគេស្គាល់ពីប្រទេស។ ក. បានជាគេនិយាយថាកម្ពុជាជាប្រទេសកសិកម្មព្រោះ៖ -សម្បូរដីសម្រាប់ដាំដំណាំ -ប្រមូលផលស្រូវបានច្រើន -ទំនិញមានទីផ្សារ -ប្រជាជនភាគច្រើននិយមធ្វើស្រែចម្ការ -អាកាសធាតុអំណោយផល -ប្រទេសកម្ពិជាមានផ្ទៃដីធំទូលាយសម្រាប់ដាំដុះ -ប្រជាជនមានការផលិតទំនិញដោយខ្លួនឯង។ ខ. គេចែកកសិករទាំងនោះជា៣ប្រភេទគឺ៖ -កសិកម្ម -ដំណាំស្រូវសម្រាប់ដាំហូបឬនាំចេញ -ដំណាំបន្លែផ្លែឈើសម្រាប់លក់ -ដំណាំកប្បាសសម្រាប់ផលិតជាខោអាវ -ការនេសាទត្រី។,15,10,3,0.6666666666666666,0.61962890625,2,9,1,1
289,តើសង្គមខ្មែរនៅសម័យអង្គរមានប៉ុន្មានវណ្ណៈ? វណ្ណៈអ្វីខ្លះ? ចូលរៀបរាប់។,សង្គមខ្មែរនៅសម័យអង្គរមានប្រាំវណ្ណៈគឺ -វណ្ណៈក្សត្រឬរាជវង្សនុវង្ស (ជាស្ដេចគ្រប់គ្រងប្រទេស -វណ្ណៈមន្ត្រី (អ្នករស់នៅក្នុងរាជវាំងបម្រើស្ដេច) -វណ្ណៈព្រាហ្ម៍ឬបុព្វជិត​(គឺជាអ្នកបួស) -វណ្ណៈអ្នកជាឬកសិករ (អ្នករស់នៅនឹងធ្វើស្រែចម្ការ) -វណ្ណៈអ្នកងារឬទាសករ(ទាសករបម្រើគេតកូនតចៅ)។,សង្គមខ្មែរនៅសម័យអង្គរមានប្រាំវណ្ណៈគឺ -វណ្ណៈក្សត្រឬរាជវង្សនុវង្ស (ជាអ្នកធំជាងគេដែលមាននាទីគ្រប់គ្រងរដ្ឋឬបញ្ជាកងទ័ព ) -វណ្ណៈមន្ត្រី (មានសិទ្ធិក្នុងការកាត់ទោសឬកាត់ច្បាប់នីមួយៗ) -វណ្ណៈព្រាហ្ម៍ឬបុព្វជិត​(អ្នកកាន់ធម៍ឬអ្នកយល់ដឹង) -វណ្ណៈអ្នកជាឬកសិករ (ជាមនុស្សដែលគ្មានឋានអ្វីឡើយឬហៅជាប្រជាជន) -វណ្ណៈអ្នកងារឬទាសករ(ទាសករបម្រើព្រះរាជាឬមន្រ្ដីរាជការ)។,10,10,4,1.0,0.97802734375,4,10,0,0
290,តើការស្ថិតនៅក្រៅសារពាង្គកាយនៃពងស្វាសមានសារៈសំខាន់ដូចម្តេច?,ការស្ថិតនៅក្រោមសារពាង្គកាយនៃពងស្វាសមានសារៈសំខាន់ដូចជាដើម្បីរក្សាសីតុណ្ហភាពឲ្យ ទាបជាងសីតុណ្ហភាពក្នុងខ្លួន ប្រហែលពី(2-3)សីតុណ្ហភាពក្នុងខ្លួន37 ។,ការស្ថិតនៅក្រោមសារពាង្គកាយនៃពងស្វាសមានសារៈសំខាន់ក្នុងការផលិតអរម៉ូនភេទឈ្មោលនិង បង្កើតស្ពែម៉ាតូសូអ៊ីត ។,10,2,1,0.2,0.2088623046875,1,2,0,0
291,តើសេដ្ឋកិច្ចកម្ពុជាពឹងផ្អែកលើវិស័យអ្វីជាសំខាន់?     ក/ ហេតុអ្វីបានជាគេនិយាយថាកម្ពុជាជាប្រទេសកសិកម្ម?     ខ/ តើគេចែកកសិករជាប៉ុន្មានប្រភេទ?អ្វីខ្លះ?,សេដ្ឋកិច្ចកម្ពុជាពឹងផ្អែកលើវិស័យកសិកម្មជាសំខាន់។   ក/ បានជាគេនិយាយថាកម្ពុជាជាប្រទេសឧស្សាហកម្មព្រោះ៖  _  សណ្ឋានដី : ដីមានជីវជាតិល្អនិងសម្បូរទំនាបល្បាប់   _ ផ្លូវទឹក : ផ្លូវទឹកខ្វាត់ខ្វែងងាយស្រួលដល់ការដាំដុះ  _ ប្រជាជន : ប្រជាជនខ្មែរភាគច្រើនចូលចិត្តធ្វើកសិកម្ម  _ អាកាសធាតុ : ទទួលអាកាសធាតុក្តៅសើម  _ កសិកម្មផ្តល់ផល50%នៃផលិតផលជាតិសរុប។  ខ/ គេចែកកសិករទាំងនោះជា4ប្រភេទគឺ៖  _ កសិករធ្វើស្រែឬអ្នកស្រែ : និយមធ្វើស្រែ ស្រូវប្រាំង ស្រូវវស្សា ស្រូវឡើងទឹក  _ កសិករតំបន់ដីខ្ពស់ : គេដាំដំណាំជាអចិន្ត្រៃយ៍(ពោត ដំឡូង ចេក កៅស៊ូសណ្តែក)  _ កសិករធ្វើចម្ការដំណាំស្រូវ : គេដាំដំណាំតាមមាត់ទន្លេ ចិញ្ចឹមសត្វនិងនេសាទ  _ កសិករភូមិភាគឦសាន: គេធ្វើដំណាំព្រៃដុតមានដូចជាពោត ដំឡូង ស្រូវរុក្ខជាតិយកមើមដទៃទៀត និងបរបាញ់សត្វផងដែរ។,សេដ្ឋកិច្ចកម្ពុជាពឹងផ្អែកលើវិស័យកសិកម្មជាសំខាន់។  ក/ បានជាគេនិយាយថាកម្ពុជាជាប្រទេសកសិកម្មព្រោះអនុគ្រោះដល់វិស័យកសិកម្មជាច្រើនដូចជា៖   _ សណ្ឋានដី : មានលក្ខណៈអនុគ្រោះដល់វិស័យនេះពោលគឺសម្បូរវាលទំនាបនិងតំបន់ខ្ពង់រាបទាបៗប្រកបដោយដីមានជីវជាតិល្អសម្រាប់ដាំដុះ ចិញ្ចឹមសត្វ និងព្រៃឈើ។   _ កម្ពុជាស្ថិតនៅតំបន់ត្រូពិចដែលមានអាកាសធាតុក្តៅហើយសើមដោយទទួលរបបខ្យល់មូសុងមានភ្លៀងធ្លាក់ច្រើននិងមានកម្ដៅគ្រប់គ្រាន់ សម្រាប់ដាំដុះ ចិញ្ចឹមសត្វនិងព្រៃឈើ។   _ ប្រទេសកម្ពុជាសម្បូរផ្លូវទឹកអនុគ្រោះដល់ការដាំដុះ ការចិញ្ចឹមសត្វ និងការនេសាទ។   _ ផ្ដល់ការងារសម្រាប់ប្រជាជន     _ កាត់បន្ថយភាពក្រីក្រប្រជាជន   _ កាត់បន្ថយអត្រាអត់ការងារដល់ប្រជាជន   _ ជាស្បៀងអាហារសម្រាប់ប្រជាជន   _ជាវត្ថុធាតុដើមសម្រាប់ឧស្សាហកម្មក្នុងប្រទេស និងនាំចេញជាច្រើន។  ខ/ គេចែកកសិករទាំងនោះជា4ប្រភេទ៖    _ កសិករធ្វើស្រែចម្ការ: កសិករដែលធ្វើស្រែចម្ការ និងការដាំដុះដំណាំផ្សេងៗ    _ កសិករចិញ្ចឹមសត្វ: គឺជាការចិញ្ចឹមគោ ជ្រូក មាន់ ទា ក្របី    _ កសិករតំបន់ខ្ពង់រាប​ : ការធ្វើកសិកម្មការដាំព្រៃឈើយកទៅលក់    _ កសិករភូមិភាគឦសាន: កសិករដែលប្រកបរបរដោយការដុតព្រៃយកដីធ្វើកសិកម្ម។,20,12,2,0.6,0.5283203125,2,11,0,1
292,តើសង្គមខ្មែរនៅសម័យអង្គរមានប៉ុន្មានវណ្ណៈ? វណ្ណៈអ្វីខ្លះ? ចូលរៀបរាប់។,សង្គមខ្មែរនៅសម័យអង្គរមានប្រាំវណ្ណៈគឺ -វណ្ណៈក្សត្រឬរាជវង្សនុវង្ស (ជាស្ដេចគ្រប់គ្រងប្រទេស -វណ្ណៈមន្ត្រី (អ្នករស់នៅក្នុងរាជវាំងបម្រើស្ដេច) -វណ្ណៈព្រាហ្ម៍ឬបុព្វជិត​(គឺជាអ្នកបួស) -វណ្ណៈអ្នកជាឬកសិករ (អ្នករស់នៅនឹងធ្វើស្រែចម្ការ) -វណ្ណៈអ្នកងារឬទាសករ(ទាសករបម្រើគេតកូនតចៅ)។,សង្គមខ្មែរនៅសម័យអង្គរមានប្រាំវណ្ណៈគឺ -វណ្ណៈក្សត្រ -វណ្ណៈមន្ត្រី -វណ្ណៈបុព្វជិត -វណ្ណៈអ្នកជា -វណ្ណៈទាសករ។,10,5,2,0.5,0.51416015625,2,5,0,0
293,តើព្រះបាទពញាយ៉ាតមានបុត្រប៉ុន្មានអង្គព្រះនាមអ្វីខ្លះ?ជាមួយអ្នកម្នាងណាខ្លះ?,ព្រះបាទពញាយ៉ាតមានបុត្របីអង្គគឺ នារាយណ៍រាជា ជាបុត្រជាមួយម្នាងទេវី ស្រីរាជាជាបុត្រជាមួយបុទុមកេសរ និងធម្មរាជាជាបុត្រជាមួយសុីសង៉ាម(បុត្រីស្ដេចសៀម)។,ព្រះបាទពញាយ៉ាតមានបុត្របីនាក់ធម្មរាជាស្រីសុរិយោពណ៌ស្រីរាជា។,5,3,2,0.6,0.55859375,2,3,0,0
294,តើកម្ពុជាមានបេតិកភណ្ឌអ្វីខ្លះ ដែលបានចុះបញ្ជីបេតិកភណ្ឌរូបី និង អរូបីពិភពលោករបស់អង្គការយូណេស្កូ? ចូររៀបរាប់ឱ្យបានប្រាំ។,កម្ពុជាមានបេតិកភណ្ឌដែលបានចុះបញ្ជីបេតិកភណ្ឌរូបី និង អរូបីពិភពលោករបស់អង្គការយូណេស្កូដូចជា     +ល្ខោនខោល     +រមណីយដ្ឋានអង្គរ     +ចាប៉ីដងវែង     +ប្រាសាទព្រះវិហហារ     +ល្ខោនស្រមោលស្បែកធំ     +របាំព្រះរាជទ្រព្យ     +ក្រមាខ្មែរ     +គុនល្បុកតោ     +រមណីយដ្ឋានសម្បូរព្រៃគុក,កម្ពុជាបានចុះបញ្ជីបេតិកភណ្ឌពិភពលោក +រូបី -ប្រាសាទព្រះវិហារ -ប្រាសាទអង្គរវត្ត -ប្រាសាទសម្បូរព្រៃគុក -ប្រាសាទបាយ័ន -ប្រាសាទតាព្រំ +អរូបិ -របាំព្រះរាជទ្រព្យ -យីកេ -ល្ខោនស្រមោលតូច ធំ -ល្ខោនខោល -ល្ខោនបាសាក់។,5,5,4,1.0,0.97021484375,4,5,0,0
295,ហេតុអ្វីបានជាមនុស្សស្រូបយកខ្យល់ដែលមានកាបូនម៉ណូអុកស៊ីតអាចបង្កគ្រោះថ្នាក់ដល់ស្លាប់បាន?,បានជាមនុស្សស្រូបយកខ្យល់ដែលមានកាបូនម៉ូណូអុកស៊ីដអាចបង្កឲ្យមានគ្រោះថ្នាក់ដល់ស្លាប់ បានព្រោះកាបូនម៉ូណូអុកស៊ីដមានសមត្ថភាពចាប់យក ក្នុងឈាមបានខ្លាំងជាងអុកស៊ីសែន វារារាំងឈាមមិនឲ្យដឹកនាំអុកស៊ីសែនទៅចិញ្ចឹមសរីរាង្គជាពិសេសខួរក្បាលដែលបណ្តាលឲ្យ ស្លាប់និង សន្លប់ ។,បានជាមនុស្សស្រូបយកខ្យល់ដែលមានកាបូនម៉ូណូអុកស៊ីតអាចបង្កគ្រោះថ្នាក់ដល់ស្លាប់បានគឺ ឧស្ម័នកាបូនម៉ូណូអុកស៊ីតជាឧស្ម័នពុល ។,5,2,2,0.4,0.5234375,2,3,0,1
296,តើសេដ្ឋកិច្ចកម្ពុជាពឹងផ្អែកលើវិស័យអ្វីជាសំខាន់?     ក/ ហេតុអ្វីបានជាគេនិយាយថាកម្ពុជាជាប្រទេសកសិកម្ម?     ខ/ តើគេចែកកសិករជាប៉ុន្មានប្រភេទ?អ្វីខ្លះ?,សេដ្ឋកិច្ចកម្ពុជាពឹងផ្អែកលើវិស័យកសិកម្មជាសំខាន់។   ក/ បានជាគេនិយាយថាកម្ពុជាជាប្រទេសឧស្សាហកម្មព្រោះ៖  _  សណ្ឋានដី : ដីមានជីវជាតិល្អនិងសម្បូរទំនាបល្បាប់   _ ផ្លូវទឹក : ផ្លូវទឹកខ្វាត់ខ្វែងងាយស្រួលដល់ការដាំដុះ  _ ប្រជាជន : ប្រជាជនខ្មែរភាគច្រើនចូលចិត្តធ្វើកសិកម្ម  _ អាកាសធាតុ : ទទួលអាកាសធាតុក្តៅសើម  _ កសិកម្មផ្តល់ផល50%នៃផលិតផលជាតិសរុប។  ខ/ គេចែកកសិករទាំងនោះជា4ប្រភេទគឺ៖  _ កសិករធ្វើស្រែឬអ្នកស្រែ : និយមធ្វើស្រែ ស្រូវប្រាំង ស្រូវវស្សា ស្រូវឡើងទឹក  _ កសិករតំបន់ដីខ្ពស់ : គេដាំដំណាំជាអចិន្ត្រៃយ៍(ពោត ដំឡូង ចេក កៅស៊ូសណ្តែក)  _ កសិករធ្វើចម្ការដំណាំស្រូវ : គេដាំដំណាំតាមមាត់ទន្លេ ចិញ្ចឹមសត្វនិងនេសាទ  _ កសិករភូមិភាគឦសាន: គេធ្វើដំណាំព្រៃដុតមានដូចជាពោត ដំឡូង ស្រូវរុក្ខជាតិយកមើមដទៃទៀត និងបរបាញ់សត្វផងដែរ។,សេដ្ឋកិច្ចជាតិផ្អែកលើវិស័យកសិកម្មជាសំខាន់ព្រោះវិស័យនេះសំខាន់ដល់ជាតិដូចជា៖ -បានជានិយាយថាកម្ពុជាជាប្រទេសកម្មកសិកម្មព្រោះកម្ពុជាស្ថិតនៅក្នុងតំបន់ត្រូពិកដែលមានអាកាសធាតុក្តៅហើយសើមទទួលនូវរបបខ្យល់មូសុងមានភ្លៀងធ្លាក់ច្រើននោះមានកម្ដៅគ្រប់គ្រាន់សម្រាប់ដាំដុះចិញ្ចឹមសត្វព្រៃឈើ  -គេចែកកសិករ3ទាំងនោះជាដីប្រភេទ -កសិករគ្រប់ផលិតផលស្រូវអ្នកស្រែមានចំនួនច្រើនជាងគេ ធ្វើស្រូវ -កសិករនៅតំបន់ខ្ពស់:ពួកគេនេះយកមកដាំដំណាំអចិន្ត្រៃយ៍នៅតាមរដូវដូចជាសណ្តែកពោតសត្វខ្លះទៀតចេញ សត្វ។,20,2,0,0.1,0.2325439453125,1,5,1,3
297,រៀបរាប់ពីទំនាក់ទំនងរវាងការដាំដុះអាជីវកម្មព្រៃឈើនិងនេសាទ។,ទំនាក់ទំនងរវាងការដាំដុះ អាជីវកម្មព្រៃឈើ និងការនេសាទមានដូចជា៖ -ការដាំដុះដោយប្រើជីធម្មជាតិ -ការប្រើប្រាស់ជីគីមី -ដាំដុះនិងធ្វើតាមរដូវ -អាជីវកម្មព្រៃឈើ -ការកាប់បំផ្លាញព្រៃឈើ -ការដុតព្រៃឈើ -ការកាប់ឈើយកទៅធ្វើអាជីវកម្ម +ការនេសាទ -ការនេសាទត្រីពេលត្រីពក -ការនេសាទដោយប្រើអគ្គិសនី -ការនេសាទហួសកម្រិត -ការនេសាទគឺជាមុខរបរប្រចាំថ្ងៃាបស់ប្រជាជន -នឹងជាអាហារប្រចាំថ្ងៃរបស់ប្រជាជន -ការនេសាទធ្វើប្រជាជនមានមុខរបររកស៊ីត្រឹមត្រូវ -ការនេសាទប្រើប្រាស់ឧបករណ៍នេសាទខុសច្បាប់ -ការបំផ្លាញជំរកត្រី -ការបកហូរទឹកចេញពី,ទំនាក់ទំនងការដាំដុះអាជីវកម្មព្រៃឈើគឺគេនឹងកាប់ព្រៃឈើទាំងនោះដើម្បីលក់ឬយកទៅធ្វើជាវត្ថុមានតម្លៃនៅពេលដែលគេកាប់ព្រៃឈើបែបនេះគេនៅដាំដកវាបន្តទៀតធ្វើបាននេះដើម្បីបំពេលទីផ្សារសេដ្ឋកិច្ចក្នុងប្រទេស -ការនេសាទការនេសាទជាផ្នែកមួយរបស់សេដ្ឋកិច្ចយើងត្រូវតែជាការងារព្រៃឈើជាពិសេសព្រៃលិចទឹកព្រោះវាជាចម្រកសម្រាប់ត្រី។,15,3,1,0.2,0.246337890625,1,4,0,1
298,ចូរនិយាយពីកំណកាម៉ែតញី។,ការស្ថិតនៅក្រោមសារពាង្គកាយនៃពងស្វាសមានសារៈសំខាន់ដូចជាដើម្បីរក្សាសីតុណ្ហភាពឲ្យ ទាបជាងសីតុណ្ហភាពក្នុងខ្លួន ប្រហែលពី(2-3)សីតុណ្ហភាពក្នុងខ្លួន37 ។,កំណកាម៉ែនញី ដំបូងកោសិកាពូជមួយរកចម្ងាយពីរដងទម្លាប់គ្នាបានកោសិកាអូវ៉ូកូនី4 ។ អូវុលរីកមាឌក្លាយជាអូវូស៊ីត1 ។អូវ៉ូស៊ីតមួយរងចំណែកមួយនៃមេយ៉ូសហើយត្រូវបានជាប់គាំងនៅចុង វគ្គមួយ ។,10,6,2,0.6,0.419677734375,2,4,0,2
299,បុព្វហេតុអ្វីខ្លះដែលនាំឲ្យអាណាចក្រចេនឡាបែកបាក់ជាពីរគឺអាណាចក្រចេនឡាដីគោកនិងចេនឡាទឹកលិច?,បុព្វហេតុដែលនាំហើយអាណាចក្រចេនឡាបែកជាពីរគឺ -វិសាលភាពទឹកដីធំទូលាយ -ចម្បាំងអត់ឈប់ឈរ -សមន្ដរដ្ឋបះបោរចង់ផ្ដាច់ខ្លួន -វិបត្តិផ្ទៃក្នុង -ព្រះនាងជ័យទេវីគ្មានសមត្ថភាពគ្រប់គ្រង។,បុព្វហេតុដែលនាំហើយអាណាចក្រចេនឡាបែកជាពីរគឺ -វិសាលភាពទឹកដីធំទូលាយ -ចម្បាំងអត់ឈប់ឈរ -សមន្ដរដ្ឋបះបោរចង់ផ្ដាច់ខ្លួន -វិបត្តិផ្ទៃក្នុង -ព្រះនាងជ័យទេវីគ្មានសមត្ថភាពគ្រប់គ្រង។,7,7,4,1.0,0.98779296875,4,7,0,0
300,ហេតុអ្វីបានជាផ្នែកឯកជនជាកម្លាំងដ៏សំខាន់សម្រាប់វិនិយោគនិងធ្វើឲ្យមានកំណើនសេដ្ឋកិច្ចក្នុងប្រទេស?,បានជាផ្នែកឯកជនជាកម្លាំងដ៏សំខាន់សម្រាប់វិនិយោគនិងធ្វើឲ្យមានកំណើនសេដ្ឋកិច្ចក្នុងប្រទេស ព្រោះប្រទេសកម្ពុជាជាប្រទេសអភិវឌ្ឍន៍ សេដ្ឋកិច្ចទីផ្សារដោយបានធ្វើកំណែទម្រង់សហគ្រាសឧស្សាហកម្មឲ្យក្លាយទៅជាកម្មសិទ្ធិឯកជន ។ សេដ្ឋកិច្ចទីផ្សារសេរីនេះនាំឲ្យអ្នករកស៊ីបរទេសចូលចិត្តមកវិនិយោគ ហើយកាលណាផ្នែកឯកជនរឹងមាំមកវិនិយោគ ហើយកាលណាផ្នែកឯកជនមិនរឹងមាំអាចបំពេញបន្ថែមវិនិយោគនិងវិស័យសង្គមកិច្ចមានន័យថាវិស័យឯកជនស្រូបយកកម្លាំងការងារកាន់តែកើនឡើង។,បានជាផ្នែកឯកជនជាកម្លាំងដ៏សំខាន់សម្រាប់វិនិយោគ និងធ្វើឱ្យមានកំណើនសេដ្ឋកិច្ចក្នុងប្រទេសមានដូចជា៖  _ ទទួលបានប្រាក់ចំណូលចូលជាតិ ប្រាក់ចូលទៅរដ្ឋ  _ ផលិតផលមានគុណភាព និងស្តង់ដារជាងមុន  _ មានភ្ញៀវទេសចរណ៍ច្រើនជាងមុន  _ មានការចំណេញរាល់គ្រប់ការងារ ទាំងក្នុងនិងក្រៅប្រទេស  _កែច្នៃផលិតផលចាស់ទៅជាផលិតផលថ្មី  _ ប្រទេសមានការអភិវឌ្ឍន៍និងការរីកចម្រើន។,15,5,1,0.3333333333333333,0.2259521484375,1,3,0,2
301,តើសេដ្ឋកិច្ចកម្ពុជាពឹងផ្អែកលើវិស័យអ្វីជាសំខាន់?     ក/ ហេតុអ្វីបានជាគេនិយាយថាកម្ពុជាជាប្រទេសកសិកម្ម?     ខ/ តើគេចែកកសិករជាប៉ុន្មានប្រភេទ?អ្វីខ្លះ?,សេដ្ឋកិច្ចកម្ពុជាពឹងផ្អែកលើវិស័យកសិកម្មជាសំខាន់។   ក/ បានជាគេនិយាយថាកម្ពុជាជាប្រទេសឧស្សាហកម្មព្រោះ៖  _  សណ្ឋានដី : ដីមានជីវជាតិល្អនិងសម្បូរទំនាបល្បាប់   _ ផ្លូវទឹក : ផ្លូវទឹកខ្វាត់ខ្វែងងាយស្រួលដល់ការដាំដុះ  _ ប្រជាជន : ប្រជាជនខ្មែរភាគច្រើនចូលចិត្តធ្វើកសិកម្ម  _ អាកាសធាតុ : ទទួលអាកាសធាតុក្តៅសើម  _ កសិកម្មផ្តល់ផល50%នៃផលិតផលជាតិសរុប។  ខ/ គេចែកកសិករទាំងនោះជា4ប្រភេទគឺ៖  _ កសិករធ្វើស្រែឬអ្នកស្រែ : និយមធ្វើស្រែ ស្រូវប្រាំង ស្រូវវស្សា ស្រូវឡើងទឹក  _ កសិករតំបន់ដីខ្ពស់ : គេដាំដំណាំជាអចិន្ត្រៃយ៍(ពោត ដំឡូង ចេក កៅស៊ូសណ្តែក)  _ កសិករធ្វើចម្ការដំណាំស្រូវ : គេដាំដំណាំតាមមាត់ទន្លេ ចិញ្ចឹមសត្វនិងនេសាទ  _ កសិករភូមិភាគឦសាន: គេធ្វើដំណាំព្រៃដុតមានដូចជាពោត ដំឡូង ស្រូវរុក្ខជាតិយកមើមដទៃទៀត និងបរបាញ់សត្វផងដែរ។,បានជាគេនិយាយថាកម្ពុជាជាប្រទេសកសិកម្មព្រោះស្ថានដែល -ប្រទេសកម្ពុជាស្ថិតនៅគម្លាតដែលមានអំណោយផលដល់កសិកម្មប្រទេសកម្ពុជាមាន ជាអ្នកដាំស្រូវ៧០.៣០%  -ប្រទេសកម្ពុជាស្ថិតនៅក្នុងតំបន់មូលសានក្ដៅសើមដែលអនុគ្រោះដល់ កសិករដែលធ្វើឲ្យមាននូវពីច្បាស់លាស់គឺរដូវប្រាំងនិងរដូវវស្សា -ប្រព័ន្ធធារាសាស្ត្រឯងដែលងាយស្រួលដល់ការធ្វើកសិកម្ម -ជាប្រភពអាហារសម្រាប់អាហារប្រជាជនគ្រប់រូប  -កាត់បន្ថយ អត្រាអត់ការងារធ្វើដល់ប្រជាជន -កាត់បន្ថយភាពក្រីក្ររបស់ប្រជាជន -ជាវត្ថុធាតុដើម នៅក្នុងវិស័យឧស្សាហកម្មការនាំចេញនិងការនាំចូលច្រើនជាងគេ។  ខគេចែកកសិករ ទាំងនោះ  -កសិករធ្វើស្រែដាំស្រូវជាកសិករដែលដាំស្រូវតែមួយមុខគត់មិនដាំដំណាំអ្វីផ្សេងឡើយពេលធ្វើស្រែតាមរដូវ។ -កសិករចិញ្ចឹមសត្វគឺជាកសិករដែលចិញ្ចឹមតែមួយគត់សម្រាប់ទុកទ្រង់ជីវភាពរស់នៅប្រចាំថ្ងៃ -កសិករមិនដាំស្រូវគឺជាកសិករតែធ្វើការដាំដំណាំផ្សេងផ្សេង តែចាំសួរនៅឡើយ  -កសិករធ្វើស្រែចម្ការគឺជាកសិករធ្វើស្រែដាំស្រូវតាមរដូវនិងដាំដំណាំផ្សេងៗផងដែរ។,20,12,2,0.6,0.73486328125,3,15,1,3
302,តើសង្គមខ្មែរនៅសម័យអង្គរមានប៉ុន្មានវណ្ណៈ? វណ្ណៈអ្វីខ្លះ? ចូលរៀបរាប់។,សង្គមខ្មែរនៅសម័យអង្គរមានប្រាំវណ្ណៈគឺ -វណ្ណៈក្សត្រឬរាជវង្សនុវង្ស (ជាស្ដេចគ្រប់គ្រងប្រទេស -វណ្ណៈមន្ត្រី (អ្នករស់នៅក្នុងរាជវាំងបម្រើស្ដេច) -វណ្ណៈព្រាហ្ម៍ឬបុព្វជិត​(គឺជាអ្នកបួស) -វណ្ណៈអ្នកជាឬកសិករ (អ្នករស់នៅនឹងធ្វើស្រែចម្ការ) -វណ្ណៈអ្នកងារឬទាសករ(ទាសករបម្រើគេតកូនតចៅ)។,សង្គមខ្មែរនៅសម័យអង្គរមានប្រាំវណ្ណៈគឺ -វណ្ណៈក្សត្រ -វណ្ណៈមន្ត្រី -វណ្ណៈបុព្វជិត -វណ្ណៈអ្នកជា -វណ្ណៈទាសករ។,10,5,2,0.5,0.51416015625,2,5,0,0
303,តើប្រព័ន្ធផលិតកម្មកសិកម្មនៅក្នុងប្រទេសកម្ពុជាមានអ្វីខ្លះ?ចូររៀបរាប់​ ។,ប្រព័ន្ធផលិតកម្មកសិកម្មនៅប្រទេសកម្ពុជាមាន៖    _ ដំណាំ : ដំណាំស្រូវ ដំណាំកៅស៊ូ ដំណាំផ្សេងៗទៀត    _ ការចិញ្ចឹមសត្វ : ការចិញ្ចឹមសត្វលើគោក ការចិញ្ចឹមសត្វក្នុងទឹក    _ ការនេសាទ : ការនេសាទទឹកសាប ការនេសាទទឹកប្រៃ  _ ព្រៃឈើ : ផលិតផលឈើ អនុផលព្រៃឈើ(រកឃ្មុំ ជ័រទឹក វល្លិ៍ ផ្តៅ) សត្វព្រៃ ។,ប្រព័ន្ធផលិតកម្មនៅប្រទេសកម្ពុជារួមមាន៖ -កៅស៊ូដំឡូងមី -ក្រចៅ  -ម្រេច  -ស្រូវ  -កម្បាស។,10,3,1,0.3,0.1988525390625,1,2,0,1
304,ចូរនិយាយពីកំណកាម៉ែតញី។,ការស្ថិតនៅក្រោមសារពាង្គកាយនៃពងស្វាសមានសារៈសំខាន់ដូចជាដើម្បីរក្សាសីតុណ្ហភាពឲ្យ ទាបជាងសីតុណ្ហភាពក្នុងខ្លួន ប្រហែលពី(2-3)សីតុណ្ហភាពក្នុងខ្លួន37 ។,កំណកាម៉ែនញី ដំបូងកោសិកាពូជមួយរកចម្ងាយពីរដងទម្លាប់គ្នាបានកោសិកាអូវ៉ូកូនី4 ។អូវុលរីក មាឌក្លាយជាអូវូស៊ីត1 ។អូវ៉ូស៊ីតមួយរងចំណែកមួយនៃមេយ៉ូសហើយត្រូវបានជាប់គាំងនៅចុង វគ្គមួយ ។,10,5,2,0.5,0.427978515625,2,4,0,1
305,តើមូលហេតុអ្វីបានជាព្រះបាទពញាយ៉ាត ជ្រើសរើសយកចតុមុខធ្វើជារាជធានី?,បានជាព្រះបាទពញាយ៉ាតជ្រើសរើសក្រុងចតុមុខជារាជធានីព្រោះ មានទីតាំងភូមិសាស្ត្រល្អ គេចពីសត្រូវឈ្លានពានសៀម ដីមានជីវជាតិងាយស្រួលក្នុងការធ្វើកសិកម្ម ជាទីប្រសព្វនៃជំនួសទាំងផ្លូវគោកនិងផ្លូវទឹក សម្បូរផ្លូវក្នុងការធ្វើកសិកម្មនិងជំនួញ ភាពខាងត្បូងដីមានប្រជាជនច្រើននិងធនធានដើម្បីកសាងសេដ្ឋកិច្ចជាតិ។,បានជាព្រះបាទពញាយ៉ាតជ្រើសរើសក្រុងចតុមុខជារាជធានីព្រោះ មានទីតាំងភូមិសាស្ត្រល្អ គេចពីសត្រូវឈ្លានពានសៀម ដីមានជីវជាតិងាយស្រួលក្នុងការធ្វើកសិកម្ម ជាទីប្រសព្វនៃជំនួសទាំងផ្លូវគោកនិងផ្លូវទឹក សម្បូរផ្លូវក្នុងការធ្វើកសិកម្មនិងជំនួញ ភាពខាងត្បូងដីមានប្រជាជនច្រើននិងធនធានដើម្បីកសាងសេដ្ឋកិច្ចជាតិ។,10,10,4,1.0,0.96533203125,4,10,0,0
306,តើអាណាចក្រភ្នំមានព្រំប្រទល់ជាប់ប្រទេសណាខ្លះ?,អាណាចក្រភ្នំមានព្រំប្រទល់ជាប់ប្រទេសដូចជា -ខាងជើងជាប់ចិន -ខាងត្បូងជាឈូងសមុទ្រខ្មែរ -ខាងកើតជាប់រដ្ឋចម្ប៉ា -ខាងលិចជាប់រដ្ធមនឬភូមា។,អាណាចក្រភ្នំមានព្រំប្រទល់ជាប់ប្រទេសដូចជា -ខាងជើងជាប់ចិន -ខាងត្បូងជាឈូងសមុទ្រខ្មែរ -ខាងកើតជាប់រដ្ឋចម្ប៉ា -ខាងលិចជាប់រដ្ឋមនឬភូមា។,6,5,3,0.8333333333333334,0.9853515625,4,6,1,1
307,ចូររៀបរាប់អំពីទំនាក់ទំនងរវាងការដាំដុះអាជីវកម្មព្រៃឈើនិងនេសាទ។,ទំនាក់ទំនងរវាង ការដាំដុះអាជីវកម្មព្រៃឈើ និងការនេសាទ៖  _ ការដាំដុះអាជីវកម្មព្រៃឈើ និងការនេសាទ ជាភោគទ្រព្យយ៉ាងសំខាន់សម្រាប់ប្រជាជនក្នុងការទ្រទ្រង់ក្នុងជីវភាពរស់នៅនិងការអភិវឌ្ឍន៍ប្រទេសជាតិ   _ ដើម្បីបំពេញតម្រូវការក្នុងកសិកម្មផលិតកម្មនិងត្រូវការផ្សេងៗ មនុស្សនាំគ្នាកាប់ព្រៃឈើដើម្បីធ្វើអាជីវកម្មព្រៃឈើជាមូលហេតុធ្វើឲ្យអាកាសធាតុប្រែប្រួលប៉ះពាល់ដល់ជីវិតមនុស្ស សត្វ និងរុក្ខជាតិ  ​ _ អតិផលនៃប្រព័ន្ធកសិកម្ម នាំឲ្យមានកំណើននៃការប្រើប្រាស់គីមីនិងថ្នាំសម្លាប់សត្វល្អិត។ ជីគីមី និងថ្នាំសម្លាប់សត្វល្អិត ទាំងនោះហូរទៅផ្ដុំគ្នានៅតាមផ្លូវទឹកនានា បំផ្លាញជីវិតសត្វនិងពូជធម្មជាតិ។,រៀបរាប់ពីទំនាក់ទំនងរវាងការដាំដុះ ការចិញ្ចឹមសត្វ និងការនេសាទ៖,15,0,0,0.0,0.034881591796875,0,1,0,1
308,តើឧស្សាហកម្មមានតួនាទីដូចម្ដេចខ្លះចំពោះសេដ្ឋកិច្ចជាតិ?,ឧស្សាហកម្មមាន​តួនាទីចំពោះសេដ្ឋកិច្ចជាតិដូចជា ៖ ​ _ ជួយបង្កើតថវិការជាតិ ​ _ ជួយបង្កើតទិន្នផលជាតិ ​​ _ ជួយឲ្យសេដ្ឋកិច្ចជាតិរីកចម្រើន  _ ប្រជាជនសំបូរធូរធារ  _អភិវឌ្ឍគ្រប់វិស័យ  _ មានទំនាក់ទំនងល្អជាមួយអ្នកជិតខាង  _ មានភាពរុងរឿងនៅក្នុងប្រទេសជាតិ។,ឧស្សាហកម្មមានតួនាទីចំពោះសេដ្ឋកិច្ចជាតិដូចជា ៖ _ ជួយបង្កើនប្រាក់ចំណូលជូនជាតិ23.8% ឆ្នាំ2008 _ បង្កើតការងារជូនប្រជាជន  _ បង្កើតប្រាក់ចំណូលក្នុងគ្រួសារ  _ ប្រជាជនមានជីវភាពធូរធារ _ ជួយរក្សាលំនឹងជញ្ជីងពាណិជ្ជកម្ម  _ ផ្ដល់ផលិតផលសម្រាប់នាំចេញ  _ ផ្ដល់ផលិតផលសម្រាប់ប្រើប្រាស់ _ កាត់បន្ថយការនាំចូល។,15,15,4,1.0,0.9306640625,4,14,0,1
309,តើឧស្សាហកម្មមានតួនាទីចំពោះសេដ្ឋកិច្ចជាតិយ៉ាងដូចម្ដេច?,ឧស្សាហកម្មមានតួនាទីសម្រាប់សេដ្ឋកិច្ចជាតិដូចជា -ជួយបង្កើតប្រាក់ចំណូលចូលជាតិ -បង្កើតការងារដល់ប្រជាជន -បង្កើតប្រាក់ចំណូលចូលក្នុងគ្រួសារ -ប្រជាជនមានជីវភាពធូរធារ -ជួយរក្សាជញ្ជីងពាណិជ្ជកម្ម -ជួយបង្កើតទិន្នផលសម្រាប់ការនាំចេញនាំចូល -បង្កើននូវសង្ឃភារៈសម្រាប់ប្រើប្រាស់។,ឧស្សាហកម្មមានតួនាទីចំពោះសេដ្ឋកិច្ចជាតិដូចជា៖ -បង្កើនប្រាក់ចំណូលដល់សេដ្ឋកិច្ចជាតិ -នាំចេញនាំចូលទំនិញស្របច្បាប់ -មានអ្នកវិនិយោគទុនក្នុងប្រទេស -ផ្ដល់ការងារដល់ប្រជាជនក្នុងស្រុក -មានរោងចក្រផលិតទំនិញដោយខ្លួនឯង -កាត់បន្ថយចំណាកស្រុក -មានការនាំផលិតផលច្រើនជាងនាំចូល -ជួយអភិវឌ្ឍប្រទេស -ជួយកាត់បន្ថយការនាំចូលពីក្រៅប្រទេស -ធ្វើឲ្យប្រជាជនមាននៅប្រាក់ចំណូល -ងាយស្រួលក្នុងការធ្វើអាជីវកម្ម។,15,15,4,1.0,0.939453125,4,14,0,1
310,តើសង្គមខ្មែរនៅសម័យអង្គរមានប៉ុន្មានវណ្ណៈ? វណ្ណៈអ្វីខ្លះ? ចូលរៀបរាប់។,សង្គមខ្មែរនៅសម័យអង្គរមានប្រាំវណ្ណៈគឺ -វណ្ណៈក្សត្រឬរាជវង្សនុវង្ស (ជាស្ដេចគ្រប់គ្រងប្រទេស -វណ្ណៈមន្ត្រី (អ្នករស់នៅក្នុងរាជវាំងបម្រើស្ដេច) -វណ្ណៈព្រាហ្ម៍ឬបុព្វជិត​(គឺជាអ្នកបួស) -វណ្ណៈអ្នកជាឬកសិករ (អ្នករស់នៅនឹងធ្វើស្រែចម្ការ) -វណ្ណៈអ្នកងារឬទាសករ(ទាសករបម្រើគេតកូនតចៅ)។,សង្គមខ្មែរនៅសម័យអង្គរមានប្រាំវណ្ណៈគឺ -វណ្ណៈក្សត្រ -វណ្ណៈមន្ត្រី -វណ្ណៈបុព្វជិត -វណ្ណៈអ្នកជា -វណ្ណៈទាសករ។,10,10,4,1.0,0.51416015625,2,5,2,5
311,តើឧស្សាហកម្មមានតួនាទីដូចម្ដេចខ្លះចំពោះសេដ្ឋកិច្ចជាតិ?,ឧស្សាហកម្មមាន​តួនាទីចំពោះសេដ្ឋកិច្ចជាតិដូចជា ៖ ​ _ ជួយបង្កើតថវិការជាតិ ​ _ ជួយបង្កើតទិន្នផលជាតិ ​​ _ ជួយឲ្យសេដ្ឋកិច្ចជាតិរីកចម្រើន  _ ប្រជាជនសំបូរធូរធារ  _អភិវឌ្ឍគ្រប់វិស័យ  _ មានទំនាក់ទំនងល្អជាមួយអ្នកជិតខាង  _ មានភាពរុងរឿងនៅក្នុងប្រទេសជាតិ។,ឧស្សាហកម្មមានតួនាទីចំពោះសេដ្ឋកិច្ចដូចជា៖ • ផ្តល់ការងារដល់ប្រជាជន • ជួយបង្កើនប្រាក់ចំណូលដល់ប្រជាជននិងជាតិ  • សម្រួលដល់ជីវភាពរស់នៅរបស់ប្រជាជន  • ប្រជាជនមានជីវភាពធូរធារ  • ជួយរកលំនឹងទំនិញនៅលើទីផ្សារ  • ផ្តល់ផលសម្រាប់នាំចេញ  • ផ្តល់ផលសម្រាប់ប្រើប្រាស់ ។,15,15,4,1.0,0.94970703125,4,14,0,1
312,តើសង្គមខ្មែរនៅសម័យអង្គរមានប៉ុន្មានវណ្ណៈ? វណ្ណៈអ្វីខ្លះ? ចូលរៀបរាប់។,សង្គមខ្មែរនៅសម័យអង្គរមានប្រាំវណ្ណៈគឺ -វណ្ណៈក្សត្រឬរាជវង្សនុវង្ស (ជាស្ដេចគ្រប់គ្រងប្រទេស -វណ្ណៈមន្ត្រី (អ្នករស់នៅក្នុងរាជវាំងបម្រើស្ដេច) -វណ្ណៈព្រាហ្ម៍ឬបុព្វជិត​(គឺជាអ្នកបួស) -វណ្ណៈអ្នកជាឬកសិករ (អ្នករស់នៅនឹងធ្វើស្រែចម្ការ) -វណ្ណៈអ្នកងារឬទាសករ(ទាសករបម្រើគេតកូនតចៅ)។,សង្គមខ្មែរនៅសម័យអង្គរមានប្រាំវណ្ណៈគឺ -វណ្ណៈក្សត្រឬរាជវង្សានុវង្ស:វណ្ណៈនេះមានបុព្វសិទ្ធ -វណ្ណៈមន្ត្រី -វណ្ណៈបុព្វជិត -វណ្ណៈអ្នកជា -វណ្ណៈទាសករនិងអ្នកងារ។,10,6,2,0.6,0.53369140625,2,5,0,1
313,តើកត្តាអ្វីខ្លះដែលធ្វើអោយសម័យអង្គររីកចម្រើនដល់កំពូល?​ ចូលរៀបរាប់។,កត្តាដែលធ្វើអោយសម័យអង្គររីកចម្រើនគឺ: កត្តាព្រះរាជា:ព្រះរាជាចាប់ពីព្រះបាទជ័យវរ្ម័នទី 2 រហូតដល់ព្រះបាទជ័យវរ្ម័នទី 7 សុទ្ធតែជាស្ដេចខ្លាំងពូកែ កត្តានយោបាយ: នយោបាយក្នុងប្រទេសបង្រួបបង្រួមជាតិកសាងនិងការពារទឹកដី នយោបាយក្រៅប្រទេស:ចងសម្ព័ន្ធមិត្តជាមួយប្រទេសធំៗវាយយករដ្ឋតូចដាក់ជាចំណុះ កត្តាសេដ្ឋកិច្ច:រីកចម្រើនលើវិស័យកសិកម្មសិប្បកម្មគណនាគម កត្តាសាសនា:ការឯកភាពគ្នារវាងសាសនាព្រាហ្មនិងព្រះពុទ្ធ កត្តាធនធានមនុស្សបន្សល់ទុកតាំងពីសម័យនគរភ្នំនិងចេនឡាមក។,កត្តាដែលធ្វើអោយសម័យអង្គររីកចម្រើនគឺ: កត្តាព្រះរាជា:ព្រះរាជាចាប់ពីព្រះបាទជ័យវរ្ម័នទី 2 រហូតដល់ព្រះបាទជ័យវរ្ម័នទី 7 សុទ្ធសឹងតែជាស្ដេចខ្លាំងពូកែ កត្តានយោបាយ: នយោបាយក្នុងប្រទេសបង្រួបបង្រួមជាតិកសាងនិងការពារទឹកដី នយោបាយក្រៅប្រទេស:ចងសម្ព័ន្ធមិត្តជាមួយប្រទេសធំៗវាយយករដ្ឋតូចដាក់ជាចំណុះ កត្តាសេដ្ឋកិច្ច:រីកចម្រើនលើវិស័យកសិកម្មសិប្បកម្មគណនាគមន៍ កត្តាសាសនា:ការឯកភាពគ្នារវាងសាសនាព្រាហ្មនិងព្រះពុទ្ធ កត្តាធនធានមនុស្សបន្សល់ទុកតាំងពីសម័យនគរភ្នំនិងចេនឡាមក។,10,10,4,1.0,0.9853515625,4,10,0,0
314,បុព្វហេតុអ្វីខ្លះដែលនាំឲ្យអាណាចក្រចេនឡាបែកបាក់ជាពីរគឺអាណាចក្រចេនឡាដីគោកនិងចេនឡាទឹកលិច?,បុព្វហេតុដែលនាំហើយអាណាចក្រចេនឡាបែកជាពីរគឺ -វិសាលភាពទឹកដីធំទូលាយ -ចម្បាំងអត់ឈប់ឈរ -សមន្ដរដ្ឋបះបោរចង់ផ្ដាច់ខ្លួន -វិបត្តិផ្ទៃក្នុង -ព្រះនាងជ័យទេវីគ្មានសមត្ថភាពគ្រប់គ្រង។,បុព្វហេតុដែលនាំហើយអាណាចក្រចេនឡាបែកជាពីរគឺ -វិសាលភាពទឹកដីធំទូលាយ -ចម្បាំងអត់ឈប់ឈរ -សមន្ដរដ្ឋបះបោរចង់ផ្ដាច់ខ្លួន -វិបត្តិផ្ទៃក្នុង -ព្រះនាងជ័យទេវីគ្មានសមត្ថភាពគ្រប់គ្រង។,7,7,4,1.0,0.98779296875,4,7,0,0
315,តើប្រព័ន្ធផលិតកម្មកសិកម្មនៅក្នុងប្រទេសកម្ពុជាមានអ្វីខ្លះ?ចូររៀបរាប់​ ។,ប្រព័ន្ធផលិតកម្មកសិកម្មនៅប្រទេសកម្ពុជាមាន៖    _ ដំណាំ : ដំណាំស្រូវ ដំណាំកៅស៊ូ ដំណាំផ្សេងៗទៀត    _ ការចិញ្ចឹមសត្វ : ការចិញ្ចឹមសត្វលើគោក ការចិញ្ចឹមសត្វក្នុងទឹក    _ ការនេសាទ : ការនេសាទទឹកសាប ការនេសាទទឹកប្រៃ  _ ព្រៃឈើ : ផលិតផលឈើ អនុផលព្រៃឈើ(រកឃ្មុំ ជ័រទឹក វល្លិ៍ ផ្តៅ) សត្វព្រៃ ។,ប្រព័ន្ធផលិតកម្មកសិកម្មនៅប្រទេសកម្ពុជាមាន3ប្រភេទគឺ៖  _ រដូវវស្សា (ឧសភា-តុលា)  _ រដូវប្រាំង (វិច្ឆិកា-មេសា)  _ ស្រូវឡើងទឹកឬស្រូវប្រដេញទឹក។,10,2,1,0.2,0.09771728515625,0,1,1,1
316,តើប្រព័ន្ធផលិតកម្មកសិកម្មនៅក្នុងប្រទេសកម្ពុជាមានអ្វីខ្លះ?ចូររៀបរាប់​ ។,ប្រព័ន្ធផលិតកម្មកសិកម្មនៅប្រទេសកម្ពុជាមាន៖    _ ដំណាំ : ដំណាំស្រូវ ដំណាំកៅស៊ូ ដំណាំផ្សេងៗទៀត    _ ការចិញ្ចឹមសត្វ : ការចិញ្ចឹមសត្វលើគោក ការចិញ្ចឹមសត្វក្នុងទឹក    _ ការនេសាទ : ការនេសាទទឹកសាប ការនេសាទទឹកប្រៃ  _ ព្រៃឈើ : ផលិតផលឈើ អនុផលព្រៃឈើ(រកឃ្មុំ ជ័រទឹក វល្លិ៍ ផ្តៅ) សត្វព្រៃ ។,ប្រព័ន្ធផលិតផលកសិកម្មនៅប្រទេសកម្ពុជាមានចំនួនបីដូចជា៖  +កសិកម្មផ្នែកដាំដុះ -ដំណាំស្រូវ លោក ដំឡូងពោត   -ដំណាំកៅស៊ូ -ដំណាំហូងផ្លែ +កសិកម្មនេសាទ -ការនេសាទត្រី -ការចិញ្ចឹមត្រី +កសិកម្មអនុផលព្រៃឈើ -ការកាប់យកព្រៃឈើមានតម្លៃ -ការអាស្រ័យយកផល្លាក្នុងព្រៃល។,10,2,1,0.2,0.327880859375,1,3,0,1
317,តើគេចែកយុគសម័យបុរេប្រវត្តិសាស្ត្រកម្ពុជាជាប៉ុន្មានយុគសម័យ?អ្វីខ្លះ?,គេចែកយុគសម័យបុរេប្រវត្តិសាស្ត្រកម្ពុជាជាបីយុគសម័យគឺ -យុគថ្មបំបែក (600000 - 12000 ឆ្នាំមុនគ.ស) -យុគថ្មរលីងឬសំលៀង (8000 - 2000 ឆ្នាំមុនគ.ស) -យុគលោហៈ(2000-100 ឆ្នាំមុនគ.ស)។,គេចែកយុគសម័យបុរេប្រវត្តិសាស្ត្រកម្ពុជាជាបីយុគសម័យគឺ -យុគថ្មបំបែក (600000 - 12000 ឆ្នាំមុនគ.ស) -យុគថ្មរលីងឬសំលៀង (8000 - 2000 ឆ្នាំមុនគ.ស) -យុគលោហៈ(2000-100 ឆ្នាំមុនគ.ស)។,5,5,4,1.0,0.9912109375,4,5,0,0
318,តើឧស្សាហកម្មមានតួនាទីដូចម្ដេចខ្លះចំពោះសេដ្ឋកិច្ចជាតិ?,ឧស្សាហកម្មមាន​តួនាទីចំពោះសេដ្ឋកិច្ចជាតិដូចជា ៖ ​ _ ជួយបង្កើតថវិការជាតិ ​ _ ជួយបង្កើតទិន្នផលជាតិ ​​ _ ជួយឲ្យសេដ្ឋកិច្ចជាតិរីកចម្រើន  _ ប្រជាជនសំបូរធូរធារ  _អភិវឌ្ឍគ្រប់វិស័យ  _ មានទំនាក់ទំនងល្អជាមួយអ្នកជិតខាង  _ មានភាពរុងរឿងនៅក្នុងប្រទេសជាតិ។,ឧស្សាហកម្មមានតួនាទីចំពោះសេដ្ឋកិច្ចដូចជា -ផ្តល់កាងារឲ្យប្រជាជនធ្វើ -ផ្ដល់ចំណូលដល់សេដ្ឋកិច្ចជាតិមាន២៣.៨%ឆ្នាំ២០០៨ -ផ្ដល់ផលិតផលសម្រាប់នាំចេញ -ផ្ដល់ផលិតផលសម្រាប់ប្រើប្រាស់ -ជួយរក្សាលំនឹងជញ្ជីងពាណិជ្ជកម្ម។,15,15,4,1.0,0.90625,4,14,0,1
319,តើកត្តាអ្វីខ្លះដែលធ្វើអោយសម័យអង្គររីកចម្រើនដល់កំពូល?​ ចូលរៀបរាប់។,កត្តាដែលធ្វើអោយសម័យអង្គររីកចម្រើនគឺ: កត្តាព្រះរាជា:ព្រះរាជាចាប់ពីព្រះបាទជ័យវរ្ម័នទី 2 រហូតដល់ព្រះបាទជ័យវរ្ម័នទី 7 សុទ្ធតែជាស្ដេចខ្លាំងពូកែ កត្តានយោបាយ: នយោបាយក្នុងប្រទេសបង្រួបបង្រួមជាតិកសាងនិងការពារទឹកដី នយោបាយក្រៅប្រទេស:ចងសម្ព័ន្ធមិត្តជាមួយប្រទេសធំៗវាយយករដ្ឋតូចដាក់ជាចំណុះ កត្តាសេដ្ឋកិច្ច:រីកចម្រើនលើវិស័យកសិកម្មសិប្បកម្មគណនាគម កត្តាសាសនា:ការឯកភាពគ្នារវាងសាសនាព្រាហ្មនិងព្រះពុទ្ធ កត្តាធនធានមនុស្សបន្សល់ទុកតាំងពីសម័យនគរភ្នំនិងចេនឡាមក។,កត្តាដែលធ្វើអោយសម័យអង្គររីកចម្រើនគឺ: កត្តាព្រះរាជា:ព្រះរាជាចាប់ពីព្រះបាទជ័យវរ្ម័នទី 2 រហូតដល់ព្រះបាទជ័យវរ្ម័នទី 7 សុទ្ធសឹងតែជាស្ដេចខ្លាំងពូកែ កត្តានយោបាយ: នយោបាយក្នុងប្រទេសបង្រួបបង្រួមជាតិកសាងនិងការពារទឹកដី នយោបាយក្រៅប្រទេស:ចងសម្ព័ន្ធមិត្តជាមួយប្រទេសធំៗវាយយករដ្ឋតូចដាក់ជាចំណុះ កត្តាសេដ្ឋកិច្ច:រីកចម្រើនលើវិស័យកសិកម្មសិប្បកម្មគណនាគមន៍ កត្តាសាសនា:ការឯកភាពគ្នារវាងសាសនាព្រាហ្មនិងព្រះពុទ្ធ កត្តាធនធាន:មនុស្សបន្សល់ទុកតាំងពីសម័យនគរភ្នំនិងចេនឡាមក។,10,10,4,1.0,0.98486328125,4,10,0,0
320,តើកត្តាអ្វីខ្លះដែលធ្វើអោយសម័យអង្គររីកចម្រើនដល់កំពូល?​ ចូលរៀបរាប់។,កត្តាដែលធ្វើអោយសម័យអង្គររីកចម្រើនគឺ: កត្តាព្រះរាជា:ព្រះរាជាចាប់ពីព្រះបាទជ័យវរ្ម័នទី 2 រហូតដល់ព្រះបាទជ័យវរ្ម័នទី 7 សុទ្ធតែជាស្ដេចខ្លាំងពូកែ កត្តានយោបាយ: នយោបាយក្នុងប្រទេសបង្រួបបង្រួមជាតិកសាងនិងការពារទឹកដី នយោបាយក្រៅប្រទេស:ចងសម្ព័ន្ធមិត្តជាមួយប្រទេសធំៗវាយយករដ្ឋតូចដាក់ជាចំណុះ កត្តាសេដ្ឋកិច្ច:រីកចម្រើនលើវិស័យកសិកម្មសិប្បកម្មគណនាគម កត្តាសាសនា:ការឯកភាពគ្នារវាងសាសនាព្រាហ្មនិងព្រះពុទ្ធ កត្តាធនធានមនុស្សបន្សល់ទុកតាំងពីសម័យនគរភ្នំនិងចេនឡាមក។,កត្តាដែលធ្វើអោយសម័យអង្គររីកចម្រើនគឺ: កត្តាព្រះរាជា:ព្រះរាជាចាប់ពីព្រះបាទជ័យវរ្ម័នទី 2 រហូតដល់ព្រះបាទជ័យវរ្ម័នទី 7 សុទ្ធសឹងតែជាស្ដេចខ្លាំងពូកែ កត្តានយោបាយ: នយោបាយក្នុងប្រទេសបង្រួបបង្រួមជាតិកសាងនិងការពារទឹកដី នយោបាយក្រៅប្រទេស:ចងសម្ព័ន្ធមិត្តជាមួយប្រទេសធំៗវាយយករដ្ឋតូចដាក់ជាចំណុះ កត្តាសេដ្ឋកិច្ច:រីកចម្រើនលើវិស័យកសិកម្មសិប្បកម្មគណនាគមន៍ កត្តាសាសនា:ការឯកភាពគ្នារវាងសាសនាព្រាហ្មនិងព្រះពុទ្ធ កត្តាធនធាន:មនុស្សបន្សល់ទុកតាំងពីសម័យនគរភ្នំនិងចេនឡាមក។,10,10,4,1.0,0.98486328125,4,10,0,0
321,បុព្វហេតុអ្វីខ្លះដែលនាំឲ្យអាណាចក្រចេនឡាបែកបាក់ជាពីរគឺអាណាចក្រចេនឡាដីគោកនិងចេនឡាទឹកលិច?,បុព្វហេតុដែលនាំហើយអាណាចក្រចេនឡាបែកជាពីរគឺ -វិសាលភាពទឹកដីធំទូលាយ -ចម្បាំងអត់ឈប់ឈរ -សមន្ដរដ្ឋបះបោរចង់ផ្ដាច់ខ្លួន -វិបត្តិផ្ទៃក្នុង -ព្រះនាងជ័យទេវីគ្មានសមត្ថភាពគ្រប់គ្រង។,បុព្វហេតុដែលនាំហើយអាណាចក្រចេនឡាបែកជាពីរគឺ -វិសាលភាពទឹកដីធំទូលាយ -ចម្បាំងអត់ឈប់ឈរ -សមន្ដរដ្ឋបះបោរចង់ផ្ដាច់ខ្លួន -វិបត្តិផ្ទៃក្នុង -ព្រះនាងជ័យទេវីគ្មានសមត្ថភាពគ្រប់គ្រង។,7,7,4,1.0,0.98779296875,4,7,0,0
322,ចូររៀបរាប់អំពីទំនាក់ទំនងរវាងការដាំដុះអាជីវកម្មព្រៃឈើនិងនេសាទ។,ទំនាក់ទំនងរវាង ការដាំដុះអាជីវកម្មព្រៃឈើ និងការនេសាទ៖  _ ការដាំដុះអាជីវកម្មព្រៃឈើ និងការនេសាទ ជាភោគទ្រព្យយ៉ាងសំខាន់សម្រាប់ប្រជាជនក្នុងការទ្រទ្រង់ក្នុងជីវភាពរស់នៅនិងការអភិវឌ្ឍន៍ប្រទេសជាតិ   _ ដើម្បីបំពេញតម្រូវការក្នុងកសិកម្មផលិតកម្មនិងត្រូវការផ្សេងៗ មនុស្សនាំគ្នាកាប់ព្រៃឈើដើម្បីធ្វើអាជីវកម្មព្រៃឈើជាមូលហេតុធ្វើឲ្យអាកាសធាតុប្រែប្រួលប៉ះពាល់ដល់ជីវិតមនុស្ស សត្វ និងរុក្ខជាតិ  ​ _ អតិផលនៃប្រព័ន្ធកសិកម្ម នាំឲ្យមានកំណើននៃការប្រើប្រាស់គីមីនិងថ្នាំសម្លាប់សត្វល្អិត។ ជីគីមី និងថ្នាំសម្លាប់សត្វល្អិត ទាំងនោះហូរទៅផ្ដុំគ្នានៅតាមផ្លូវទឹកនានា បំផ្លាញជីវិតសត្វនិងពូជធម្មជាតិ។,រៀបរាប់ទំនាក់ទំនងរវាងការដាំដុះអាជីវកម្មព្រៃឈើនិងការនេសាទ៖  + អាជីវកម្មព្រៃឈើ       _ ការដាំដុះព្រៃឈើ      _ ការការពារព្រៃឈើ      _ ចូលរួមថែរក្សាព្រៃឈើនិងមិនត្រូវកាប់បំផ្លាញព្រៃឈើ      _ ចូលរួមលុបបំបាត់កាប់ឈើដើម្បីនាំចេញក្រៅស្រុក     _ មិនត្រូវដុតបំផ្លាញព្រៃឈើ     _ ការដាំដុះអាជីវកម្មព្រៃឈើឲ្យបានច្រើន     _ ចូលរួមគោរពច្បាប់ថែរក្សាព្រៃឈើឲ្យបានល្អ  + ការនេសាទ     _ ត្រូវចូលរួមថែរក្សាការនេសាទ     _ មិនត្រូវនេសាទហួសកំណត់     _ មិនត្រូវយកឆក់មកនេសាទ(នាំឲ្យផុតពូជ)     _ មិនត្រូវពិនិត្យមើលម៉ងឬសំណាញ់មុននេសាទ     _ ត្រូវចូលរួមថែរក្សាត្រីកុំដាក់ថ្នាំបំពុល។,15,5,1,0.3333333333333333,0.1214599609375,0,2,1,3
323,តើឧស្សាហកម្មមានអ្នកតួនាទីចំពោះសេដ្ឋកិច្ចយ៉ាងដូចម្ដេច?,ឧស្សាហកម្មមានតួនាទីសម្រាប់សេដ្ឋកិច្ចជាតិដូចជា -ជួយបង្កើតប្រាក់ចំណូលចូលជាតិ -បង្កើតការងារដល់ប្រជាជន -បង្កើតប្រាក់ចំណូលចូលក្នុងគ្រួសារ -ប្រជាជនមានជីវភាពធូរធារ -ជួយរក្សាជញ្ជីងពាណិជ្ជកម្ម -ជួយបង្កើតទិន្នផលសម្រាប់ការនាំចេញនាំចូល -បង្កើននូវសង្ឃភារៈសម្រាប់ប្រើប្រាស់។,ឧស្សាហកម្មមានតួនាទីចំពោះសេដ្ឋកិច្ចដូចជា -ជួយធ្វើឲ្យប្រជាជនមានការងារធ្វើច្រើន -ជួយធ្វើឲ្យប្រទេសមកវិនិយោគក្នុងប្រទេស -ជួយប្រទេសអភិវឌ្ឍន៍បានយ៉ាងឆាប់រហ័ស -ជួយធ្វើឲ្យផលដែលប្រមូលពីកសិកម្មមានទីផ្សារ -ជួយធ្វើឱ្យប្រជាជនងើបពីភាពក្រីក្រ -ជួយធ្វើឲ្យសេដ្ឋកិច្ចជាតិមានភាពរីកចម្រើន។,15,15,4,1.0,0.86474609375,3,13,1,2
324,ចូរនិយាយពីកំណកាម៉ែតញី។,ការស្ថិតនៅក្រោមសារពាង្គកាយនៃពងស្វាសមានសារៈសំខាន់ដូចជាដើម្បីរក្សាសីតុណ្ហភាពឲ្យ ទាបជាងសីតុណ្ហភាពក្នុងខ្លួន ប្រហែលពី(2-3)សីតុណ្ហភាពក្នុងខ្លួន37 ។,កំណកាម៉ែតញីដំបូងកោសិកាពូជមួយរួមចំណែកពីរដងបន្តបន្ទាប់គ្នា បានកោសិកាអូវ៉ូកូរី4 ។ អូវ៉ូកូរីនីមួយៗរីកមាឌអាចជាអូវ៉ូស៊ីត1 ។អូវ៉ូស៊ីតមួយរងចំណែកមួយនៃមេយោធាហើយត្រូវបាន ឈប់គាំងនៅវគ្គប្រផ្ដាស1 ។,10,5,2,0.5,0.39453125,2,4,0,1
325,ហេតុអ្វីបានជាមនុស្សស្រូបយកខ្យល់ដែលមានកាបូនម៉ណូអុកស៊ីតអាចបង្កគ្រោះថ្នាក់ដល់ស្លាប់បាន?,បានជាមនុស្សស្រូបយកខ្យល់ដែលមានកាបូនម៉ូណូអុកស៊ីដអាចបង្កឲ្យមានគ្រោះថ្នាក់ដល់ស្លាប់ បានព្រោះកាបូនម៉ូណូអុកស៊ីដមានសមត្ថភាពចាប់យក ក្នុងឈាមបានខ្លាំងជាងអុកស៊ីសែន វារារាំងឈាមមិនឲ្យដឹកនាំអុកស៊ីសែនទៅចិញ្ចឹមសរីរាង្គជាពិសេសខួរក្បាលដែលបណ្តាលឲ្យ ស្លាប់និង សន្លប់ ។,បានជាមនុស្សស្រូបយកខ្យល់ដែលមានកាបូនម៉ូណូអុកស៊ីដអាចបង្កឲ្យមានគ្រោះថ្នាក់ដល់ស្លាប់បាន ព្រោះកាបូនម៉ូណូអុកស៊ីដមានសមត្ថភាពចាប់យក ក្នុងឈាមបានខ្លាំងជាងអុកស៊ីសែនវារារាំង ឈាមមិនឲ្យដឹកនាំអុកស៊ីសែនទៅចិញ្ចឹមសរីរាង្គជាពិសេសខួរក្បាលដែលបណ្តាលឲ្យស្លាប់និង សន្លប់ ។,5,4,3,0.8,0.80078125,3,4,0,0
326,តើការស្ថិតនៅក្រៅសារពាង្គកាយនៃពងស្វាសមានសារៈសំខាន់ដូចម្តេច?,ការស្ថិតនៅក្រោមសារពាង្គកាយនៃពងស្វាសមានសារៈសំខាន់ដូចជាដើម្បីរក្សាសីតុណ្ហភាពឲ្យ ទាបជាងសីតុណ្ហភាពក្នុងខ្លួន ប្រហែលពី(2-3)សីតុណ្ហភាពក្នុងខ្លួន37 ។,ការស្ថិតនៅក្រោមសារពាង្គកាយនៃពងស្វាសមានសារៈសំខាន់ក្នុងការផលិតអរម៉ូនភេទឈ្មោលនិង បង្កើតស្ពែម៉ាតូសូអ៊ីត ។,10,3,1,0.3,0.2088623046875,1,2,0,1
327,ហេតុអ្វីបានជាផ្នែកឯកជនជាកម្លាំងដ៏សំខាន់សម្រាប់វិនិយោគនិងធ្វើឲ្យមានកំណើនសេដ្ឋកិច្ចក្នុងប្រទេស?,បានជាផ្នែកឯកជនជាកម្លាំងដ៏សំខាន់សម្រាប់វិនិយោគនិងធ្វើឲ្យមានកំណើនសេដ្ឋកិច្ចក្នុងប្រទេស ព្រោះប្រទេសកម្ពុជាជាប្រទេសអភិវឌ្ឍន៍ សេដ្ឋកិច្ចទីផ្សារដោយបានធ្វើកំណែទម្រង់សហគ្រាសឧស្សាហកម្មឲ្យក្លាយទៅជាកម្មសិទ្ធិឯកជន ។ សេដ្ឋកិច្ចទីផ្សារសេរីនេះនាំឲ្យអ្នករកស៊ីបរទេសចូលចិត្តមកវិនិយោគ ហើយកាលណាផ្នែកឯកជនរឹងមាំមកវិនិយោគ ហើយកាលណាផ្នែកឯកជនមិនរឹងមាំអាចបំពេញបន្ថែមវិនិយោគនិងវិស័យសង្គមកិច្ចមានន័យថាវិស័យឯកជនស្រូបយកកម្លាំងការងារកាន់តែកើនឡើង។,បានជាផ្នែកឯកជនជាកម្លាំងដ៏សំខាន់សម្រាប់វិនិយោគ និងធ្វើឲមានកំណើនសេដ្ឋកិច្ចក្នុងប្រទេសព្រោះ៖  _ កម្ពុជាជាប្រទេសអនុវត្តសេដ្ឋកិច្ចទីផ្សាសេរីចាប់តាំងពីឆ្នាំ1993ដោយបានធ្វើកំណែទម្រង់សហគ្រាសឲក្លាយទៅជាកម្មសិទ្ធិឯកជន  _ សេដ្ឋកិច្ចទីផ្សារសេរីនេះទាក់ទាញអ្នកវិនិយោគបរទេស  _ កាលណាផ្នែកឯកជនរឹងមាំអាចបំពេញបន្ថែមវិនិយោគសាធារណៈ មានន័យថាកម្លាំងឯកជនអាចស្រូបយកការងារកាន់តែច្រើនឡើង។,15,15,4,1.0,0.64892578125,3,10,1,5
328,ចូរនិយាយពីកំណកាម៉ែតញី។,ការស្ថិតនៅក្រោមសារពាង្គកាយនៃពងស្វាសមានសារៈសំខាន់ដូចជាដើម្បីរក្សាសីតុណ្ហភាពឲ្យ ទាបជាងសីតុណ្ហភាពក្នុងខ្លួន ប្រហែលពី(2-3)សីតុណ្ហភាពក្នុងខ្លួន37 ។,កំណកាម៉ែតញីដំបូងកោសិកាពូជមួយរួមចំណែកពីរដងបន្តបន្ទាប់គ្នា បានកោសិកាអូវ៉ូកូរី4 ។ អូវ៉ូកូរីនីមួយៗរីកមាឌអាចជាអូវ៉ូស៊ីត1 ។អូវ៉ូស៊ីតមួយរងចំណែកមួយនៃមេយោធាហើយត្រូវបាន ឈប់គាំងនៅវគ្គប្រផ្ដាស1 ។ក្រោយមកពេលគ្រប់អូវ៉ូស៊ីតមួយបន្តធ្វើចំណែកហើយត្រូវបានបញ្ចប់ នៅរយៈពេល6ម៉ោងមុនដំណើរអូវ៉ុលនិងធ្លាក់មកក្រៅជាអូវ៉ូស៊ីត2 ។ប្រសិនបើជួបស្ពែម៉ាតូសូអុីត បង្កើតបានជាអូវុល ។,10,8,3,0.8,0.76416015625,3,8,0,0
329,តើថ្ងៃរំដោះ៧មករា១៩៧៩ មានអត្ថន័យយ៉ាងណាខ្លះចំពោះប្រវត្តិសាស្ត្រកម្ពុជា?,ជាថ្ងៃដែលប្រជាជនខ្មែររួចផុតពីសង្គ្រាមនិងការសម្លាប់ -ជាថ្ងៃដែលប្រជាជនខ្មែរស្គាល់ច្បាប់ពីតម្លៃនៃសន្តិភាព -ជាថ្ងៃដែលប្រជាជនខ្មែរស្គាល់ច្បាប់ពីតម្លៃនៃសន្តិភាព -ប្រទេសកម្ពុជាទទួលបានអធិបតេយ្យភាពនិងបូរណាភាពទឹកដី -ប្រទេសកម្ពុជាទទួលបានឯករាជ្យ -ប្រទេសកម្ពុជាអាចអភិវឌ្ឍន៍ប្រទេសជាតិរបស់ខ្លួន -ប្រទេសកម្ពុជាអាចឈរស្មើមុខមាត់លើឆាកអន្តរជាតិ -ប្រទេសកម្ពុជាកសាងនិងស្ដាយប្រទេសជាតិខ្លួនឯងឡើងវិញ -ប្រទេសកម្ពុជាអាចធ្វើទំនាក់ទំនងជាមួយបណ្ដាប្រទេសនានា.,ជាថ្ងៃដែលប្រជាជនរួចផុតពីការសម្លាប់រង្គាលរបបខ្មែរក្រហម -ជាថ្ងៃដែលប្រជាជនកម្ពុជាមានសិទ្ធិពេញលេញរួចផុតពីការគាបសង្កត់ -ជាថ្ងៃដែលប្រជាជនអាចសម្ដេចលើតូបវាសនានៃប្រទេសជាតិរបស់ខ្លួន -ប្រជាជនកម្ពុជាមានសិទ្ធិសេរីភាពលើជំនឿសាសនារំលៀមទម្លាប់ -ជាថ្ងៃដែលរបបខ្មែរក្រហមដួលរលំហើយកើតឡើងនៅរបបប្រជាធិបតេយ្យកម្ពុជានិងរដ្ឋកម្ពុជា -ថ្ងៃដែលអន្តរជាតិដាក់ទណ្ឌកម្មទៅលើមេដឹកនាំខ្មែរក្រហម,8,6,3,0.75,0.8876953125,4,7,1,1
330,ចូរនិយាយពីកំណកាម៉ែតញី។,ការស្ថិតនៅក្រោមសារពាង្គកាយនៃពងស្វាសមានសារៈសំខាន់ដូចជាដើម្បីរក្សាសីតុណ្ហភាពឲ្យ ទាបជាងសីតុណ្ហភាពក្នុងខ្លួន ប្រហែលពី(2-3)សីតុណ្ហភាពក្នុងខ្លួន37 ។,កំណកាម៉ែតញីដំបូងកោសិកាពូជមួយរួមចំណែកពីរដងបន្តបន្ទាប់គ្នា បានកោសិកាអូវ៉ូកូរី4 ។ អូវ៉ូកូរីនីមួយៗរីកមាឌអាចជាអូវ៉ូស៊ីត1 ។អូវ៉ូស៊ីតមួយរងចំណែកមួយនៃមេយោធាហើយត្រូវបាន ឈប់គាំងនៅវគ្គប្រផ្ដាស1 ។ក្រោយមកពេលគ្រប់អូវ៉ូស៊ីតមួយបន្តធ្វើចំណែកហើយត្រូវបានបញ្ចប់ នៅរយៈពេល6ម៉ោងមុនដំណើរអូវ៉ុលនិងធ្លាក់មកក្រៅជាអូវ៉ូស៊ីត2 ។ប្រសិនបើជួបស្ពែម៉ាតូសូអុីត បង្កើតបានជាអូវុល ។,10,8,3,0.8,0.76416015625,3,8,0,0
331,តើអាណាចក្រភ្នំមានព្រំប្រទល់ជាប់ប្រទេសណាខ្លះ?,អាណាចក្រភ្នំមានព្រំប្រទល់ជាប់ប្រទេសដូចជា -ខាងជើងជាប់ចិន -ខាងត្បូងជាឈូងសមុទ្រខ្មែរ -ខាងកើតជាប់រដ្ឋចម្ប៉ា -ខាងលិចជាប់រដ្ធមនឬភូមា។,អាណាចក្រភ្នំមានព្រំប្រទល់ជាប់ប្រទេសដូចជា -ខាងជើងជាប់ចិន(រដ្ឋណានឆាវតុងកឹង) -ខាងត្បូងជាឈូងសមុទ្រខ្មែរ -ខាងកើតជាប់រដ្ឋចម្ប៉ា -ខាងលិចជាប់រដ្ឋមនឬភូមា។,6,6,4,1.0,0.9873046875,4,6,0,0
332,តើថ្ងៃរំដោះ៧មករា១៩៧៩ មានអត្ថន័យយ៉ាងណាខ្លះចំពោះប្រវត្តិសាស្ត្រកម្ពុជា?,ថ្ងៃរំដោះ 7 មករា 1979 មានអត្ថន័យជាប្រវត្តិសាស្រ្តដូចជា÷ -ជាថ្ងៃដែលប្រជាជនរួចផុតពីរបបប្រល័យពូជសាសន៍ -ជាថ្ងៃដែលរបបកម្ពុជាប្រជាធិបតេយ្យដួលរលំ -ជាថ្ងៃកំណើតទី 2 របស់ប្រជាជនខ្មែរ -ជាថ្ងៃដែលកងទ័ពរណសិរ្យសាមគ្គីនិងកងទ័ពរំដោះប្រជាជន បានរំដោះប្រជាជនចេញពីរបបប្រល័យពូជសាស្ត្រកម្ពុជា។,ថ្ងៃរំដោះ 7 មករា 1979 បានផ្ដល់អត្ថន័យជាប្រវត្តិសាស្រ្តចំពោះកម្ពុជាដូចជា÷ -ជាថ្ងៃដែលប្រជាជនកម្ពុជារួចផុតពីការសម្លាប់យ៉ាងរង្គាលនៃរបបកម្ពុជាប្រជាធិបតេយ្យ -ជាថ្ងៃកំណើតទី 2 របស់ពលរដ្ឋកម្ពុជាដែលបានរួចផុតពីរបបកម្ពុជាប្រជាធិបតេយ្យ -បាននាំជូនប្រជាជនកម្ពុជានូវសិទ្ធិសេរីភាពទាំងអស់ក្រោយការដួលរលំកម្ពុជាប្រជាធិបតេយ្យ -ស្ដារនិងកសាងប្រទេសឡើងវិញស្របតាមឆន្ទះនិងគោលបំណងប្រជាជន -កម្ពុជាអាចកំណត់វាសនាប្រទេសជាតិដោយខ្លួនឯង -កម្ពុជាអាចមានឯករាជ្យ សន្តិភាព សេរីភាព សុភមង្គល ស្ថេរភាព -អាចមានផ្លូវដើរដោយច្បាស់លាស់មិនជាន់ដានអតីតកាល។ -ចាប់ផ្ដើមបង្កើតសមត្ថភាពធនធានមនុស្សបញ្ជូននិស្សិតទៅបណ្ដុះបណ្ដាលនៅក្រៅប្រទេស,8,8,4,1.0,0.94384765625,4,8,0,0
333,ចូរពន្យល់ពាក្យ : ប៉ង់សៀ; បរិយាកាស; ដៃទន្លេ; ភ្នំភ្លើង។,ប៉ង់សៀ -បរិយាកាសគឺជាឧស្ម័នដែលនៅជុំវិញផែនដី -ដៃទន្លេជាទឹកសាបដែលហូរចូលទៅក្នុងស្ទឹងបឹងនឹងមានទីតាំងជាវង្សប្រាំង -ភ្នំភ្លើងគឺជារន្ធមួយនៅសំបកផែនដីដែលតាមរយៈនោះកម្អែលផេះហូរចេញ,ដៃទន្លេគឺជាផ្នែកតូចមួយដែលវែង -ប៉៉ង់សៀ -បរិយាកាស -ភ្នំភ្លើង,8,1,0,0.125,0.1124267578125,0,1,0,0
334,តើសង្គមខ្មែរនៅសម័យអង្គរមានប៉ុន្មានវណ្ណៈ? វណ្ណៈអ្វីខ្លះ? ចូលរៀបរាប់។,សង្គមខ្មែរនៅសម័យអង្គរមានប្រាំវណ្ណៈគឺ -វណ្ណៈក្សត្រឬរាជវង្សនុវង្ស (ជាស្ដេចគ្រប់គ្រងប្រទេស -វណ្ណៈមន្ត្រី (អ្នករស់នៅក្នុងរាជវាំងបម្រើស្ដេច) -វណ្ណៈព្រាហ្ម៍ឬបុព្វជិត​(គឺជាអ្នកបួស) -វណ្ណៈអ្នកជាឬកសិករ (អ្នករស់នៅនឹងធ្វើស្រែចម្ការ) -វណ្ណៈអ្នកងារឬទាសករ(ទាសករបម្រើគេតកូនតចៅ)។,សង្គមខ្មែរនៅសម័យអង្គរមានប្រាំវណ្ណៈគឺ -វណ្ណៈក្សត្រ -វណ្ណៈមន្ត្រី -វណ្ណៈបុព្វជិត -វណ្ណៈអ្នកជា -វណ្ណៈទាសករ។,10,5,2,0.5,0.51416015625,2,5,0,0
335,តើគេចែកយុគសម័យបុរេប្រវត្តិសាស្ត្រកម្ពុជាជាប៉ុន្មានយុគសម័យ?អ្វីខ្លះ?,គេចែកយុគសម័យបុរេប្រវត្តិសាស្ត្រកម្ពុជាជាបីយុគសម័យគឺ -យុគថ្មបំបែក (600000 - 12000 ឆ្នាំមុនគ.ស) -យុគថ្មរលីងឬសំលៀង (8000 - 2000 ឆ្នាំមុនគ.ស) -យុគលោហៈ(2000-100 ឆ្នាំមុនគ.ស)។,គេចែកយុគសម័យបុរេប្រវត្តិសាស្ត្រកម្ពុជាជាបីយុគសម័យគឺ -យុគថ្មបំបែក (600000 - 12000 ឆ្នាំមុនគ.ស) -យុគថ្មរលីងឬសំលៀង (8000 - 2000 ឆ្នាំមុនគ.ស) -យុគលោហៈ(2000-100 ឆ្នាំមុនគ.ស)។,5,5,4,1.0,0.9912109375,4,5,0,0
336,តើព្រះបាទពញាយ៉ាតមានបុត្រប៉ុន្មានអង្គព្រះនាមអ្វីខ្លះ?ជាមួយអ្នកម្នាងណាខ្លះ?,ព្រះបាទពញាយ៉ាតមានបុត្របីអង្គគឺ នារាយណ៍រាជា ជាបុត្រជាមួយម្នាងទេវី ស្រីរាជាជាបុត្រជាមួយបុទុមកេសរ និងធម្មរាជាជាបុត្រជាមួយសុីសង៉ាម(បុត្រីស្ដេចសៀម)។,ព្រះបាទពញាយ៉ាតមានបុត្របីអង្គគឺ នារាយណ៍រាជា ជាបុត្រជាមួយម្នាងទេវី ស្រីរាជាជាបុត្រជាមួយបុទុមកេសរ និងធម្មរាជាជាបុត្រជាមួយសុីសង៉ាម(បុត្រីស្ដេចសៀម)។,5,5,4,1.0,0.9755859375,4,5,0,0
337,ចូររៀបរាប់អំពីទំនាក់ទំនងរវាងការដាំដុះអាជីវកម្មព្រៃឈើនិងនេសាទ។,ទំនាក់ទំនងរវាង ការដាំដុះអាជីវកម្មព្រៃឈើ និងការនេសាទ៖  _ ការដាំដុះអាជីវកម្មព្រៃឈើ និងការនេសាទ ជាភោគទ្រព្យយ៉ាងសំខាន់សម្រាប់ប្រជាជនក្នុងការទ្រទ្រង់ក្នុងជីវភាពរស់នៅនិងការអភិវឌ្ឍន៍ប្រទេសជាតិ   _ ដើម្បីបំពេញតម្រូវការក្នុងកសិកម្មផលិតកម្មនិងត្រូវការផ្សេងៗ មនុស្សនាំគ្នាកាប់ព្រៃឈើដើម្បីធ្វើអាជីវកម្មព្រៃឈើជាមូលហេតុធ្វើឲ្យអាកាសធាតុប្រែប្រួលប៉ះពាល់ដល់ជីវិតមនុស្ស សត្វ និងរុក្ខជាតិ  ​ _ អតិផលនៃប្រព័ន្ធកសិកម្ម នាំឲ្យមានកំណើននៃការប្រើប្រាស់គីមីនិងថ្នាំសម្លាប់សត្វល្អិត។ ជីគីមី និងថ្នាំសម្លាប់សត្វល្អិត ទាំងនោះហូរទៅផ្ដុំគ្នានៅតាមផ្លូវទឹកនានា បំផ្លាញជីវិតសត្វនិងពូជធម្មជាតិ។,រាបរាប់ពីទំនាក់ទំនងរវាង៖ +ការដាំដុះ   _ កាលណាមនុស្សនាំគ្នាកាប់ព្រៃឈើដែលជាហេតុនាំឲមានការប្រែប្រួលអាកាសធាតុ   _ អតិផលនៃប្រព័ន្ធផលិតកម្មនាំឲមានកំណើនការប្រែប្រួលថ្នាំសម្លាប់សត្វល្អិតនិងជីគីមី   _ ការដាំដុះមានធាតុពុលច្រើនបណ្តាលឲមានការប៉ះពាល់សុខភាពដូចជាហិត ការយកបន្លែមានជាតិគីមីមកបរិភោគ  +អាជីវកម្ម    _ ការកាប់ព្រៃឈើយកទៅធ្វើជំនួញ    _ គេកាប់ព្រៃឈើយកទៅធ្វើតុ ទូ កៅអីជាដើម    _ ការកាប់ព្រៃឈើប៉ះពាល់ដល់ជម្រកសត្វព្រៃ    _ បណ្ដាលឲគ្មានបរិយាកាសបរិសុទ្ធ  +ការនេសាទ    _ មានការនេសាទដោយស្របច្បាប់និងខុសច្បាប់    _ ការនេសាទត្រីចេញលក់នៅក្រៅប្រទេស    _ ផ្ដល់ប្រាក់ចំណូលដល់អ្នកនេសាទ    _ នេសាទត្រីដោយប្រើអគ្គីសនីឆក់ធ្វើឲត្រីស្លាប់ពេញផ្ទៃទឹក    _ ប៉ះពាល់ក្នុងការបំពុលទឹក។,15,5,1,0.3333333333333333,0.2763671875,1,4,0,1
338,ចូរនិយាយពីកំណកាម៉ែតញី។,ការស្ថិតនៅក្រោមសារពាង្គកាយនៃពងស្វាសមានសារៈសំខាន់ដូចជាដើម្បីរក្សាសីតុណ្ហភាពឲ្យ ទាបជាងសីតុណ្ហភាពក្នុងខ្លួន ប្រហែលពី(2-3)សីតុណ្ហភាពក្នុងខ្លួន37 ។,កំណកាម៉ែនញី ដំបូងកោសិកាពូជមួយរកចម្ងាយពីរដងទម្លាប់គ្នាបានកោសិកាអូវ៉ូកូនី4 ។អូវុលរីក មាឌក្លាយជាអូវូស៊ីត1 ។អូវ៉ូស៊ីតមួយរងចំណែកមួយនៃមេយ៉ូសហើយត្រូវបានជាប់គាំងនៅចុង វគ្គមួយ ។,10,5,2,0.5,0.427978515625,2,4,0,1
339,បុព្វហេតុអ្វីខ្លះដែលនាំឲ្យអាណាចក្រចេនឡាបែកបាក់ជាពីរគឺអាណាចក្រចេនឡាដីគោកនិងចេនឡាទឹកលិច?,បុព្វហេតុដែលនាំហើយអាណាចក្រចេនឡាបែកជាពីរគឺ -វិសាលភាពទឹកដីធំទូលាយ -ចម្បាំងអត់ឈប់ឈរ -សមន្ដរដ្ឋបះបោរចង់ផ្ដាច់ខ្លួន -វិបត្តិផ្ទៃក្នុង -ព្រះនាងជ័យទេវីគ្មានសមត្ថភាពគ្រប់គ្រង។,បុព្វហេតុដែលនាំហើយអាណាចក្រចេនឡាបែកជាពីរគឺ -សង្រ្គាមអត់ឈប់ឈរ -វិបត្តិផ្ទៃក្នុង -ព្រះនាងជ័យទេវីគ្មានសមត្ថភាពគ្រប់គ្រង។,7,5,3,0.7142857142857143,0.8310546875,3,6,0,1
340,ហេតុអ្វីបានជាមនុស្សស្រូបយកខ្យល់ដែលមានកាបូនម៉ណូអុកស៊ីតអាចបង្កគ្រោះថ្នាក់ដល់ស្លាប់បាន?,បានជាមនុស្សស្រូបយកខ្យល់ដែលមានកាបូនម៉ូណូអុកស៊ីដអាចបង្កឲ្យមានគ្រោះថ្នាក់ដល់ស្លាប់ បានព្រោះកាបូនម៉ូណូអុកស៊ីដមានសមត្ថភាពចាប់យក ក្នុងឈាមបានខ្លាំងជាងអុកស៊ីសែន វារារាំងឈាមមិនឲ្យដឹកនាំអុកស៊ីសែនទៅចិញ្ចឹមសរីរាង្គជាពិសេសខួរក្បាលដែលបណ្តាលឲ្យ ស្លាប់និង សន្លប់ ។,បានជាមនុស្សស្រូបយកខ្យល់ដែលមានកាបូនម៉ូណូអុកស៊ីដអាចបង្កឲ្យមានគ្រោះថ្នាក់ដល់ស្លាប់បាន ព្រោះ _កាបូនម៉ូណូអុកស៊ីដមានសមត្ថភាពចាប់យក ក្នុងឈាមបានខ្លាំងជាងអុកស៊ីសែន _រារាំងឈាមមិនឲ្យដឹកនាំអុកស៊ីសែនទៅចិញ្ចឹមសរីរាង្គជាពិសេសខួរក្បាលដែលបណ្តាលឲ្យស្លាប់និង សន្លប់ ។,5,4,3,0.8,0.73681640625,3,4,0,0
341,ចូរនិយាយពីកំណកាម៉ែតញី។,ការស្ថិតនៅក្រោមសារពាង្គកាយនៃពងស្វាសមានសារៈសំខាន់ដូចជាដើម្បីរក្សាសីតុណ្ហភាពឲ្យ ទាបជាងសីតុណ្ហភាពក្នុងខ្លួន ប្រហែលពី(2-3)សីតុណ្ហភាពក្នុងខ្លួន37 ។,កំណកាម៉ែតញីដំបូងកោសិកាពូជមួយរួមចំណែកពីរដងបន្តបន្ទាប់គ្នា បានកោសិកាអូវ៉ូកូរី4 ។ អូវ៉ូកូរីនីមួយៗរីកមាឌអាចជាអូវ៉ូស៊ីត1 ។អូវ៉ូស៊ីតមួយរងចំណែកមួយនៃមេយោធាហើយត្រូវបាន ឈប់គាំងនៅវគ្គប្រផ្ដាស1 ។ក្រោយមកពេលគ្រប់អូវ៉ូស៊ីតមួយបន្តធ្វើចំណែកហើយត្រូវបានបញ្ចប់ នៅរយៈពេល6ម៉ោង ។,10,5,2,0.5,0.425048828125,2,4,0,1
342,តើឧស្សាហកម្មមានតួនាទីដូចម្ដេចខ្លះចំពោះសេដ្ឋកិច្ចជាតិ?,ឧស្សាហកម្មមាន​តួនាទីចំពោះសេដ្ឋកិច្ចជាតិដូចជា ៖ ​ _ ជួយបង្កើតថវិការជាតិ ​ _ ជួយបង្កើតទិន្នផលជាតិ ​​ _ ជួយឲ្យសេដ្ឋកិច្ចជាតិរីកចម្រើន  _ ប្រជាជនសំបូរធូរធារ  _អភិវឌ្ឍគ្រប់វិស័យ  _ មានទំនាក់ទំនងល្អជាមួយអ្នកជិតខាង  _ មានភាពរុងរឿងនៅក្នុងប្រទេសជាតិ។,កសិករចែកចេញជា ៤ ប្រភេទ៖  • កសិករមិនទាន់ជឿនលឿន៖ ជាកសិករដែលមិនធ្វើដំណាំស្រូវតែធ្វើដំណាំផ្សេងៗទៀត  • កសិករធ្វើដំណាំស្រូវ៖ ជាកសិករដែលធ្វើដំណាំស្រូវតែមួយមុខគត់  • កសិករចិញ្ចឹមសត្វ៖ ជាកសិករដែលចិញ្ចឹមសត្វសម្រាប់បម្រើជីវភាពប្រចាំថ្ងៃ  • កសិករធ្វើចម្រុះមុខ៖ ជាកសិករដែលដាំដំណាំស្រូវផង ដាំដំណាំផ្សេងៗ និងចិញ្ចឹមសត្វផងដែរ។,15,15,4,1.0,0.900390625,4,14,0,1
343,តើព្រះអង្គឌួងមានស្នាព្រហស្ថអ្វីខ្លះចំពោះប្រទេសជាតិនិងប្រជារាស្ត្រខ្មែរ?,ព្រះបាទអង្គឌួងមានស្នាព្រហស្តដូចជាផ្នែករដ្ឋបាលរៀបចំប្រព័ន្ធរដ្ឋបាលនិងច្បាប់ទម្លាប់ស្ដារឡើងវិញមានរបៀបផ្នែកសេដ្ឋកិច្ចលើកស្ទួយវិស័យកសិកម្មជួសជុលប្រព័ន្ធ សេះនិងពាណិជ្ជកម្ម ភ្នែកបរទេសស្វែងរកជំនួយពីបារាំងដើម្បីទប់ទល់នឹងការត្រួតត្រាយួននិងសៀម ផ្នែកវប្បធម៌លើកស្ទួយវប្បធម៌អក្សរសាស្ត្រខ្មែរនិង សាសនា កត្តាផ្ទៃក្នុង ការបែកបាក់រាជវង្សានុវង្សបែកបាក់សាមគ្គី។,ព្រះបាទអង្គឌួងមានស្នាព្រះហស្ថចំពោះប្រទេសជាតិនិងប្រជារាស្ត្រខ្មែរដូចជា ផ្នែកអក្សរសាស្ត្រ កំណែទម្រង់ផ្នែករដ្ឋបាលបង្កើតបក្សថ្មីនិងកសាងហេដ្ឋារចនាសម្ព័ន្ធមានផ្លូវពីររហូតដល់ទៅកំពតដែលជាកំពង់ផែសមុទ្រថ្មី ការកសាងកំពង់ផែនេះដើម្បីជំនួសកំពង់ផែចាស់ក្នុងខេត្តពាមដែលប្រទេសអាណ្ណាមលេបយកទៅស្ដារមុខមាត់ប្រទេសកម្ពុជាក្នុងវិស័យពាណិជ្ជពាណិជ្ជកម្ម ជាតិតាមផ្លូវសមុទ្រឡើងវិញ។,15,12,3,0.8,0.8046875,3,12,0,0
344,បុព្វហេតុអ្វីខ្លះដែលនាំឲ្យអាណាចក្រចេនឡាបែកបាក់ជាពីរគឺអាណាចក្រចេនឡាដីគោកនិងចេនឡាទឹកលិច?,បុព្វហេតុដែលនាំហើយអាណាចក្រចេនឡាបែកជាពីរគឺ -វិសាលភាពទឹកដីធំទូលាយ -ចម្បាំងអត់ឈប់ឈរ -សមន្ដរដ្ឋបះបោរចង់ផ្ដាច់ខ្លួន -វិបត្តិផ្ទៃក្នុង -ព្រះនាងជ័យទេវីគ្មានសមត្ថភាពគ្រប់គ្រង។,បុព្វហេតុដែលនាំហើយអាណាចក្រចេនឡាបែកជាពីរគឺ -វិសាលភាពទឹកដីធំទូលាយ -ចម្បាំងអត់ឈប់ឈរ -សមន្ដរដ្ឋបះបោរចង់ផ្ដាច់ខ្លួន -វិបត្តិផ្ទៃក្នុង -ព្រះនាងជ័យទេវីគ្មានសមត្ថភាពគ្រប់គ្រង។,7,7,4,1.0,0.98779296875,4,7,0,0
345,តើអាណាចក្រភ្នំមានព្រំប្រទល់ជាប់ប្រទេសណាខ្លះ?,អាណាចក្រភ្នំមានព្រំប្រទល់ជាប់ប្រទេសដូចជា -ខាងជើងជាប់ចិន -ខាងត្បូងជាឈូងសមុទ្រខ្មែរ -ខាងកើតជាប់រដ្ឋចម្ប៉ា -ខាងលិចជាប់រដ្ធមនឬភូមា។,អាណាចក្រភ្នំមានព្រំប្រទល់ខាងជើងជាប់នឹងប្រទេសចិន(រដ្ឋណានឆាវនិងតុងតឹង)ខាងកើតជាប់រដ្ឋចម្ប៉ា(ឈូងសមុទ្រចិន)និងខាងត្បូងជាប់និងឈូងសមុទ្រខ្មែរ(នគរភ្នំ)និងខាងលិចជាប់រដ្ឋមនឬភូមា។,6,6,4,1.0,0.984375,4,6,0,0
346,តើកត្តាអ្វីខ្លះដែលបណ្ដាលឲ្យសៀមវាយបែកបន្ទាយលង្វែក?,កត្តាដែលបណ្ដាលឲ្យសៀមវាយបន្ទាយលង្វែកព្រះរាជាព្រះសត្ថាទីមួយឆោតល្ងង់ទៅជួយរំដោះក្រុងឰយុធ្យារបស់សៀមមកពីការត្រួតត្រាភូមាសៀមរមិលគុណប្រើល្បិចបញ្ជូនសល់ពីរអង្គ យកការវិបត្តិផ្ទៃក្នុងជាជួរជលសារលោករវល់ នាដើមម៉ឺនមន្ត្រីប្រជារាស្ត្រមិនពេញចិត្តដែលតែងទៅកូនអាយុដប់មួយវស្សា ឲ្យកូនរៀននៅ ក្នុងនាម មហាឧបរាជ ធ្វើឲ្យប្រជារាស្ត្របាត់បង់ស្មារតីប្រយុទ្ធប្រជារាស្ត្រខ្មែរក្រីក្រឆោតល្ងង់ចង់បានប្រាក់ដួលក៏នាំគ្នាកាប់ឆ្ការគុម្ពឫស្សីដែលជារបងការពារបន្ទាយលង្វែកដ៏រឹងមាំ រីប្រទេសខ្មែរហាក់បីដូចជាបាត់បង់សាមគ្គីដូចជាស្ថានីយមួយនាំកូនទាំងពីររត់ភៀសខ្លួនទៅប្រទេសឡាវមិនគិតពីប្រជារាស្ត្រនាំឲ្យប្រជាជន អស់ជំនឿ,កត្តាដែលបណ្តាលឲ្យសៀមវាយបែកបន្ទាយលង្វែក កត្តាចម្បងចម្បងរួមមាន ល្បិចកលសៀមបាញ់ប្រាក់ដួលចូលក្នុងរបងឫស្សីដើម្បីឲ្យប្រជាជនខ្មែរកាប់ឆ្ការរបងការពារខ្លួនឯង ភាពទន់ខ្សោយផ្ទៃក្នុងការបែកបាក់សាមគ្គីភាពរវាងមន្ត្រីនិងការធ្វេសប្រហែសរបស់ស្ដេចខ្មែរ អាវុធសៀមមានកម្លាំងកងទ័ពនិង គ្រឿងសព្វាវុធខ្លាំងខ្លានៅពេលនោះ។,10,6,2,0.6,0.71728515625,3,7,1,1
347,ហេតុអ្វីបានជាផ្នែកឯកជនជាកម្លាំងដ៏សំខាន់សម្រាប់វិនិយោគ និងធ្វើឲ្យមានកំណើនសេដ្ឋកិច្ចក្នុងប្រទេស?,បានជាផ្នែកឯកជនជាកម្លាំងដ៏សំខាន់សម្រាប់កំណើនសេដ្ឋកិច្ចកម្ពុជាព្រោះ -កម្ពុជាបានអនុវត្តសេដ្ឋកិច្ចទីផ្សារសេរីដោយបានធ្វើកំណែទម្រង់ពីសហគ្រាសរដ្ឋឲ្យក្លាយទៅជាកម្មសិទ្ធិឯកជន -សេដ្ឋកិច្ចទីផ្សារសេរីនាំឲ្យអ្នករកស៊ីចូលចិត្តមករកស៊ីនិងដាក់វិនិយោគទុន -កាលណាភ្នែកឯកជនរឹងមាំអាចជួយបំពេញបន្ថែមលើវិនិយោគសាធារណៈក្នុងវិស័យសេដ្ឋកិច្ចគឺផ្នែកឯកជនអាចស្រូបយកកម្លាំងពលកម្មកើនឡើង។,បានជាផ្នែកឯកជនជាកម្លាំងដ៏សំខាន់សម្រាប់វិនិយោគនិងធ្វើឲ្យមានកំណើនសេដ្ឋកិច្ចក្នុងប្រទេសដូចជា៖ -ធ្វើឲ្យងាយស្រួលដល់ជនបរទេសមកធ្វើវិនិយោគក្នុងប្រទេស -ក្រុមហ៊ុនឯកជនងាយស្រួលដល់រដ្ឋដោយរដ្ឋមិននង់ថ្លៃមើលថែរ -រដ្ឋអាចប្រមូលលុយពីក្រុមឯកជន -បង្កើនការងារជាច្រើនដល់ប្រជាជន -ប្រជាជនអាចធ្វើការងារបានងាយស្រួលមិនពិបាកដល់រដ្ឋដោយមិនចាំបាច់រៀនចំការងារជូនប្រជាជន -ធ្វើឲ្យទៅដោយអ្នករកស៊ីក្រៅនិងក្នុងប្រទេស -ទាក់ទាញដល់ជនបរទេសដែលចង់មកធ្វើវិនិយោគនៅក្នុងប្រទេសយើង -ធ្វើឲ្យអ្នកវិនិយោគក្នុងពិភពលោកងាលមកធ្វើវិនិយោគធ្វើកើនឡើងបាន។,15,8,2,0.5333333333333333,0.45361328125,2,7,0,1
348,តើសម័យឧដុង្គចាប់ពីឆ្នាំណាដល់ឆ្នាំណា?ហេតុអ្វីបានជាប្រទេសកម្ពុជាធ្លាក់ចុះខ្សោយកាន់តែខ្លាំងនៅសម័យឧដុង្គ។ចូរពន្យល់,សម័យឧដុង្គចាប់ពីឆ្នាំ បានជាប្រទេសកម្ពុជាធ្លាក់ចុះខ្សោយកាន់តែខ្លាំងនៅសម័យឧដុង្គព្រោះ សង្គ្រាមផ្ទៃក្នុងញឹកញាប់និងការជាវជ្រៀតជ្រែកពីសៀមនិងយួន ការប្រកួតប្រជែងដណ្ដើមរាជ្យបានឡើងក្នុងចំណោមព្រះរាជវង្សានុវង្ស បែកបាក់សាមគ្គីផ្ទៃក្នុងគ្មានការសាមគ្គីរួបរួមនៅក្នុងប្រទេសជិតខាង កម្ពុជាត្រូវបែកជាពីរផ្នែកដោយសារសៀមត្រួតត្រាផ្នែកខាងលិចបាត់ដំបងសៀមរាបត្រួតត្រាខាងត្បូង បាត់បង់ទឹកដីដោយសារខេត្តជាច្រើននៅភាគខាងលិចបាត់ដំបងសៀមរាបមង្គលបុរី ត្រូវបានធ្លាក់ក្នុងកណ្ដាប់ដៃសៀមនៅឆ្នាំនិងមុនបាត់បង់ដីភាគខាងកើតនៅវៀតណាម សេដ្ឋកិច្ចពឹងផ្អែកលើវិស័យកសិកម្មបុរាណដែល សួយសារអាករឲ្យគេ ចំណែកវប្បធម៌វិញវត្តអារាមត្រូវបានបំផ្លិចបំផ្លាញ ប្រទេសជាតិខ្សោយគ្មានកម្លាំងទប់ទល់នឹងការវាយលុកពីខាងក្រៅមន្ត្រីក្បត់ជាតិច្រើន ដោយសារ រាជវង្សផ្ទៃក្នុងការដណ្ដើមអំណាចគ្នា។,សម័យឧដុង្គឆ្នាំ១៦២០ដល់១៨៦៣ ប្រទេសធ្លាក់ចុះខ្សោយកាន់តែខ្លាំងក្នុងសម័យឧដុង្គដោយទំនាក់ទំនងផ្ទៃរាជវង្សការឈ្លានពានជាបន្តបន្ទាប់ពីសៀមនិងអ្នកនឹងការបាត់បង់ទឹកដី។,15,8,2,0.5333333333333333,0.3974609375,2,6,0,2
349,ចូររៀបរាប់ពីទំនាក់ទំនងរវាងការដាំដុះ​ អាជីវកម្មព្រៃឈើ និងការនេសាទ។,ទំនាក់ទំនងរវាងការដាំដុះ អាជីវកម្មព្រៃឈើ និងការនេសាទមានដូចជា៖ -ការដាំដុះដោយប្រើជីធម្មជាតិ -ការប្រើប្រាស់ជីគីមី -ដាំដុះនិងធ្វើតាមរដូវ -អាជីវកម្មព្រៃឈើ -ការកាប់បំផ្លាញព្រៃឈើ -ការដុតព្រៃឈើ -ការកាប់ឈើយកទៅធ្វើអាជីវកម្ម +ការនេសាទ -ការនេសាទត្រីពេលត្រីពក -ការនេសាទដោយប្រើអគ្គិសនី -ការនេសាទហួសកម្រិត -ការនេសាទគឺជាមុខរបរប្រចាំថ្ងៃាបស់ប្រជាជន -នឹងជាអាហារប្រចាំថ្ងៃរបស់ប្រជាជន -ការនេសាទធ្វើប្រជាជនមានមុខរបររកស៊ីត្រឹមត្រូវ -ការនេសាទប្រើប្រាស់ឧបករណ៍នេសាទខុសច្បាប់ -ការបំផ្លាញជំរកត្រី -ការបកហូរទឹកចេញពី,ទំនាក់ទំនងរវាងការដាំដុះ អាជីវកម្មព្រៃឈើ និងការនេសាទ៖ -ការដាំដុះ អាជីវកម្មព្រៃឈើ និងការនេសាទ ជាភាពទ្រពយ៉ាងសំខាន់សម្រាប់ប្រជាជនកម្ពុជាក្នុងការទ្រទ្រង់ជីវភាព រស់នៅ និងការអភិវឌ្ឍន៍ប្រទេសជាតិ -ដើម្បីបំពេញតម្រូវការក្នុងកសិកម្ម មិនត្រូវការផ្សេងៗនាំគ្នាកាប់ព្រៃឈើធ្វើអាជីវកម្មព្រៃឈើ​ដែលជាហេតុធ្វើឲ្យ អាកាសធាតុប្រែប្រួលប៉ះពាល់ដល់ជីវិតមនុស្សសត្វរុក្ខជាតិ។ -អតិផលនៃប្រព័ន្ធផលិតកម្ម កសិកម្មនាំឲ្យមានកំណើននៃការប្រើប្រាស់នូវជីគីមីនិងថ្នាំសម្លាប់សត្វ។ -ជីគីមីនិងថ្នាំសម្លាប់សត្វល្អិតបានផ្គុំចូលគ្នាទៅតាមទឹកបង្កឲ្យបំផ្លាញជីវិតសត្វនិងមនុស្ស មច្ឆាជាតិ។,15,15,4,1.0,0.79248046875,3,12,1,3
350,តើកត្តាអ្វីខ្លះដែលបណ្ដាលឲ្យសៀមវាយបែកបន្ទាយលង្វែក?,កត្តាដែលបណ្ដាលឲ្យសៀមវាយបន្ទាយលង្វែកព្រះរាជាព្រះសត្ថាទីមួយឆោតល្ងង់ទៅជួយរំដោះក្រុងឰយុធ្យារបស់សៀមមកពីការត្រួតត្រាភូមាសៀមរមិលគុណប្រើល្បិចបញ្ជូនសល់ពីរអង្គ យកការវិបត្តិផ្ទៃក្នុងជាជួរជលសារលោករវល់ នាដើមម៉ឺនមន្ត្រីប្រជារាស្ត្រមិនពេញចិត្តដែលតែងទៅកូនអាយុដប់មួយវស្សា ឲ្យកូនរៀននៅ ក្នុងនាម មហាឧបរាជ ធ្វើឲ្យប្រជារាស្ត្របាត់បង់ស្មារតីប្រយុទ្ធប្រជារាស្ត្រខ្មែរក្រីក្រឆោតល្ងង់ចង់បានប្រាក់ដួលក៏នាំគ្នាកាប់ឆ្ការគុម្ពឫស្សីដែលជារបងការពារបន្ទាយលង្វែកដ៏រឹងមាំ រីប្រទេសខ្មែរហាក់បីដូចជាបាត់បង់សាមគ្គីដូចជាស្ថានីយមួយនាំកូនទាំងពីររត់ភៀសខ្លួនទៅប្រទេសឡាវមិនគិតពីប្រជារាស្ត្រនាំឲ្យប្រជាជន អស់ជំនឿ,កត្តាដែលបណ្ដាលឲ្យសៀមវាយយកបន្ទាយលង្វែកព្រោះ សត្ថាទីមួយឆោតល្ងង់ទៅជួយរំដោះក្រុងឰយុធ្យារបស់ពួកសៀមពីការត្រួតត្រារបស់ភូមា សៀម ពួកវារមិលគុណប្រើល្បិចបញ្ជូនពីក្បាលមកយកការណ៍ក្នុងបន្ទាយលង្វែកនិងប្រើល្បិចបាចប្រាក់ដួងចូលក្នុងគុម្ពឫស្សី វិបត្តិផ្ទៃក្នុង រាជវង្សសានុវង្ស នាម៉ឺនមន្ត្រី ប្រជារាស្ត្រ មិនពេញចិត្តនឹងព្រះរាជា តែងតាំងកូនអាយុដប់មួយវស្សាឲ្យគ្រប់គ្រងរាជធានីនិងប្រាំមួយវស្សាជាមហាឧបរាជ បានធ្វើឲ្យប្រជារាស្ត្របាត់បង់ស្មារតីតតាំងប្រយុទ្ធនឹងសង្គ្រាម ប្រជារាស្ត្រខ្មែរ ក្នុងនោះចង់បានប្រាក់ដួងក៏នាំគ្នាកាប់ឆ្ការគុម្ពឫស្សីដែលជារបងការពារបន្ទាយលង្វែកដ៏រឹងមាំ សាមគ្គីភាពប្រជាជនខ្មែរហាក់ដូចជាបាត់បង់សាមគ្គីភាព ដូចជាសាខាទីមួយនាំកូនទាំងពីររត់ភៀសខ្លួនទៅប្រទេសឡាវដោយមិនដោយមិនគិតពីប្រជារាស្ត្រនាំឲ្យប្រជាជនអស់ជំនឿ។,10,10,4,1.0,0.931640625,4,9,0,1
351,តើគេចែកយុគសម័យបុរេប្រវត្តិសាស្ត្រកម្ពុជាជាប៉ុន្មានយុគសម័យ?អ្វីខ្លះ?,គេចែកយុគសម័យបុរេប្រវត្តិសាស្ត្រកម្ពុជាជាបីយុគសម័យគឺ -យុគថ្មបំបែក (600000 - 12000 ឆ្នាំមុនគ.ស) -យុគថ្មរលីងឬសំលៀង (8000 - 2000 ឆ្នាំមុនគ.ស) -យុគលោហៈ(2000-100 ឆ្នាំមុនគ.ស)។,គេចែកយុគសម័យបុរេប្រវត្តិសាស្ត្រកម្ពុជាជាបីយុគសម័យគឺ -យុគថ្មបំបែក (600000 - 12000 ឆ្នាំមុនគ.ស) -យុគថ្មរលីងឬសំលៀង  -យុគលោហៈ,5,3,2,0.6,0.662109375,3,3,1,0
352,តើកម្ពុជាមានបេតិកភណ្ឌអ្វីខ្លះ ដែលបានចុះបញ្ជីបេតិកភណ្ឌរូបី និង អរូបីពិភពលោករបស់អង្គការយូ ណេស្កូ? ចូររៀបរាប់ឲ្យបានប្រាំ។,បេតិកភណ្ឌរូបិយនិងអរូបិយមានដូចជា -ប្រាសាទព្រះវិហារ -ប្រាសាទអង្គវត្ត -ប្រាសាតសម្បូរព្រៃគុក -ប្រាសាទកោះកេរ្ត៍ -របាំព្រះរាជទ្រព្យ -ល្ខោនខោល -ល្បែងប្រជាប្រិយ។,ប្រាសាទព្រះវិហារ -ប្រាសាទអង្គវត្ត -ប្រាសាទកោះកេរ -ល្ខោនខោល -ល្ខោនស្បែកធំ,5,5,4,1.0,0.9580078125,4,5,0,0
353,តើប្រទេសកម្ពុជាចូលជាសមាជិក សហគមន៍អាស៊ីអាគ្នេយ៍ទទួលផលវិជ្ជមាននិងអវិជ្ជមានដូចម្តេចខ្លះ?,ពណ៌នាពីពីការអភិវឌ្ឍសេដ្ឋកិច្ច សង្គម នៅកម្ពុជាពីឆ្នាំ១៩៩៣ មកទល់សព្វថ្ងៃ .វិស័យសេដ្ឋកិច្ច:  +សេដ្ឋកិច្ចកម្ពុជាមានការរីកចម្រើនឡើងជាបន្តបន្ទាប់ដែលធ្វើឲ្យប្រទេសកម្ពុជាមានជីវភាពល្អប្រសើរ។ +កសិកម្មរីកចម្រើនខាងដាំដំណាំស្រូវទទួលបានទិន្នផលខ្ពស់ជាបន្តបន្ទាប់ +ឧស្សាហកម្មមានតំណាងរោងចក្រច្រើនកន្លែងនិងលើកឡើងនៅសហគ្រឿងធំៗដែលបានផ្ដល់ចំណូលដល់ប្រជាពលរដ្ឋ +ពាណិជ្ជកម្មកាលនាំចូលមកក្នុងប្រទេសនិងមានវិនិយោគក្នុងប្រទេស +គមនាគមន៍កសាងស្ពានផ្លូវថ្នល់អាកាសយានដ្ឋានផ្គត់ផ្គង់ប្រព័ន្ធទឹកពីទីក្រុងដល់ជនបទ កំពុងផែ +ហិរញ្ញវត្ថុមានស្ថេរភាពក្នុងអត្រាប្ដូរប្រាក់ +ធនាគារលើកឡើងនៅធនាគារជាតិហ្នឹងឯកជនជាច្រើន .វិស័យសង្គម +ការអប់រំសិក្សា បង្កើតសាលារៀនគ្រប់កម្រិតពីមត្តីរហូតដល់ឧត្តមសិក្សាបណ្ដុះបណ្ដាលធនធានមនុស្សនិងបញ្ជូននិស្សិតឲ្យទៅរៀននៅក្រៅប្រទេស។ +វប្បធម៌អរិយធម៌ ស្ដារវប្បធម៌ឡើងវិញនិងដាក់បញ្ចូលជាសម្បត្តិបេតិកភណ្ឌពិភពលោកចាប់ផ្ដើមប្រជាជនមានសិទ្ធិជឿលើសាសនា។ +សុខាភិបាលបង្កើតឲ្យមានមន្ទីរពេទ្យលោកសុខភាពនិងឱសថសាស្ត្រ +សិល្បៈបង្កើតឲ្យមានសាលាសាកលវិទ្យាល័យសិល្បៈ.,+ផលវិជ្ជមាន -កម្ពុជាលេងឯកោដដូចមុន -កម្ពុជាទទួលបានការជ្រោមជ្រែងពីប្រទេសផ្សេងៗ -កម្ពុជាអាចចូលរួមក្នុងការដោះស្រាយបញ្ហាផ្សេងៗ -កម្ពុជាអាចធ្វើកិច្ចសហប្រតិបត្តិការជាមួយប្រដាប្រទេសនៅក្នុងអាស៊ី -កម្ពុជាឯកអភិវឌ្ឍន៍សេដ្ឋកិច្ចរបស់ខ្លួនបានឆាប់រហ័ស -កម្ពុជាទទួលបានកំណែសហប្រតិបត្តិការនិងជំនួយពីសមាជិកអាស៊ាន -កម្ពុជាអាចធ្វើពាណិជ្ជកម្មជាមួយបណ្ដាប្រទេសនានាងាយស្រួល -កម្ពុជាអាចសង្ឃហេដ្ឋារចនាសម្ព័ន្ធនានាដោយទទួលបានជំនួយខ្លះៗ -កម្ពុជាអាចបញ្ជូនសិស្សនិស្សិតទៅបន្តការសិក្សារៀនសូត្រនៅប្រទេសជិតខាងបាន -កម្ពុជាអាចឈរមុខស្មើមាត់លើឆាកអន្តរជាតិ +អវិជ្ជមាន -ការនាំចេញនាំចូលរបស់កម្ពុជានៅមានកម្រិតទាបនៅឡើយ -កម្ពុជាត្រូវចូលរួមក្នុងការប្រកួតប្រជែងសេដ្ឋកិច្ចខាងខ្លាំងជាមួយប្រទេសដែលជាសមាជិកអាស៊ាន -កម្ពុជាខាតបង់ការយកពន្ធអាករ -កម្ពុជាត្រូវខិតខំប្រឹងប្រែងរកប្រាក់ចំណូលពន្ធចូលរដ្ឋ -កម្ពុជាមិនមើលដៃគូប្រកួតប្រជែងជាមួយប្រទេសមួយចំនួនទេ។,10,10,4,1.0,0.7548828125,3,8,1,2
354,ចូររៀបរាប់ពីទំនាក់ទំនងរវាងការដាំដុះ​ អាជីវកម្មព្រៃឈើ និងការនេសាទ។,ទំនាក់ទំនងរវាងការដាំដុះ អាជីវកម្មព្រៃឈើ និងការនេសាទមានដូចជា៖ -ការដាំដុះដោយប្រើជីធម្មជាតិ -ការប្រើប្រាស់ជីគីមី -ដាំដុះនិងធ្វើតាមរដូវ -អាជីវកម្មព្រៃឈើ -ការកាប់បំផ្លាញព្រៃឈើ -ការដុតព្រៃឈើ -ការកាប់ឈើយកទៅធ្វើអាជីវកម្ម +ការនេសាទ -ការនេសាទត្រីពេលត្រីពក -ការនេសាទដោយប្រើអគ្គិសនី -ការនេសាទហួសកម្រិត -ការនេសាទគឺជាមុខរបរប្រចាំថ្ងៃាបស់ប្រជាជន -នឹងជាអាហារប្រចាំថ្ងៃរបស់ប្រជាជន -ការនេសាទធ្វើប្រជាជនមានមុខរបររកស៊ីត្រឹមត្រូវ -ការនេសាទប្រើប្រាស់ឧបករណ៍នេសាទខុសច្បាប់ -ការបំផ្លាញជំរកត្រី -ការបកហូរទឹកចេញពី,រៀបរាប់ពីទំនាក់ទំនងនៃការដាំដុះ អាជីវកម្មព្រៃឈើ និងការនេសាទ៖ -ការដាំដុះមានការទទួលបានទិន្នន័យទៅតាមរដូវផ្សេងៗជួនទទួកបានតិចជួនទទួលបានច្រើន វាអាស្រ័យទៅតាមរដូវទាមទារឲ្យបាន ការថែទាំជានឿយៗ ហើយក៏មានផលពិបាកខ្លះដែរ។ -អាជីវកម្មព្រៃឈើ ការធ្វើអាជីវកម្មព្រៃឈើអាចធ្វើឲ្យ​បាត់បង់ព្រៃឈើមួយដ៏ធំនៅក្នុងប្រទេស។ អាជីវកម្មនេះបានធ្វើឲ្យបាត់បង់នូវ ជម្រកសត្វព្រៃអាចធ្វើឲ្យងាយជួបគ្រោះផ្សេងៗដែលនិងកើតឡើងប្រសិនបើការធ្វើអាជីវកម្មព្រៃឈើហួសហេតុពេក។ -ការនេសាទៈការនេសាទអាចជួយចិញ្ចឹមមនុស្ស។,15,2,1,0.13333333333333333,0.17822265625,1,3,0,1
355,ចូររៀបរាប់អំពីទំនាក់ទំនងរវាងការដាំដុះអាជីវកម្មព្រៃឈើនិងនេសាទ។,ទំនាក់ទំនងរវាង ការដាំដុះអាជីវកម្មព្រៃឈើ និងការនេសាទ៖  _ ការដាំដុះអាជីវកម្មព្រៃឈើ និងការនេសាទ ជាភោគទ្រព្យយ៉ាងសំខាន់សម្រាប់ប្រជាជនក្នុងការទ្រទ្រង់ក្នុងជីវភាពរស់នៅនិងការអភិវឌ្ឍន៍ប្រទេសជាតិ   _ ដើម្បីបំពេញតម្រូវការក្នុងកសិកម្មផលិតកម្មនិងត្រូវការផ្សេងៗ មនុស្សនាំគ្នាកាប់ព្រៃឈើដើម្បីធ្វើអាជីវកម្មព្រៃឈើជាមូលហេតុធ្វើឲ្យអាកាសធាតុប្រែប្រួលប៉ះពាល់ដល់ជីវិតមនុស្ស សត្វ និងរុក្ខជាតិ  ​ _ អតិផលនៃប្រព័ន្ធកសិកម្ម នាំឲ្យមានកំណើននៃការប្រើប្រាស់គីមីនិងថ្នាំសម្លាប់សត្វល្អិត។ ជីគីមី និងថ្នាំសម្លាប់សត្វល្អិត ទាំងនោះហូរទៅផ្ដុំគ្នានៅតាមផ្លូវទឹកនានា បំផ្លាញជីវិតសត្វនិងពូជធម្មជាតិ។,រៀបរាប់ពីទំនាក់ទំនងរវាងការដាំដុះ ការចិញ្ចឹមសត្វ និងការនេសាទ៖ -ការដាំដុះគឺជាការដាំដុះនូវដំណាំផ្សេងផ្សេងដូចជាស្រូវបន្លែជាច្រើនការដាំដុះនេះ ភាគច្រើនគេដាំវានៅតាមជនបទដើម្បីយកទៅលក់នៅទីផ្សារដើម្បីយកប្រាក់មកដោះដូរជីវភាព ប្រជាជនខ្លះដាំដុះនេះដើម្បីទុកបរិភោគខ្លួនឯងដោយកាត់បន្ថយទៅលើការចំណាយហើយការដាំដុះនេះ សារៈសំខាន់ចំពោះជាតិផងដែរការដាំដុះនេះអាចនាំចេញទៅក្រៅស្រុកបាន ផងដែរ អ្នកខ្លះទៀតយកការដាំដុះនេះជាមុខរបរនាំយកទៅទីក្រុងដើម្បីលក់ដូរ។ -អាជីវកម្មព្រៃឈើប្រជាជនមួយបានយកការកាប់ព្រៃឈើធ្វើជាអាជីវកម្មដើម្បីចិញ្ចឹមជីវិតហើយអាជីវកម្ម នេះមួយចំនួនអាចយកធ្វើជាអុសធ្យូងផ្ទះគ្រែកៅអីជាដើមគឺទាំងអស់នេះ ក៏ជាការសំខាន់ដែរដើម្បីយកទៅលក់ដូរដើម្បីដោះដូរជីវភាពបានប៉ុន្តែការធ្វើអាជីវកម្មព្រៃឈើនេះក៏អាចបង្កដល់អំពើខុសច្បាប់ដែរហើយអាចមានសំឡេងរំខានដល់អ្នកដទៃផងដែរ។ -ការនេសាទក៏អាចដោះដូរជីវភាពបានតែប្រជាជនមួយចំនួនបានយកការនេសាទនេះ ចិញ្ចឹមជីវិតនិងគ្រួសារការនេសាទឬមានច្រើនបែបណាដូចជាការនេសាទត្រីការនេសាទសត្វ ការនេសាទនៅសមុទ្រជាដើម។,15,5,1,0.3333333333333333,0.345458984375,1,5,0,0
356,តើសម័យឧដុង្គចាប់ពីឆ្នាំណាដល់ឆ្នាំណា?ហេតុអ្វីបានជាប្រទេសកម្ពុជាធ្លាក់ចុះខ្សោយកាន់តែខ្លាំងនៅសម័យឧដុង្គ។ចូរពន្យល់,សម័យឧដុង្គចាប់ពីឆ្នាំ បានជាប្រទេសកម្ពុជាធ្លាក់ចុះខ្សោយកាន់តែខ្លាំងនៅសម័យឧដុង្គព្រោះ សង្គ្រាមផ្ទៃក្នុងញឹកញាប់និងការជាវជ្រៀតជ្រែកពីសៀមនិងយួន ការប្រកួតប្រជែងដណ្ដើមរាជ្យបានឡើងក្នុងចំណោមព្រះរាជវង្សានុវង្ស បែកបាក់សាមគ្គីផ្ទៃក្នុងគ្មានការសាមគ្គីរួបរួមនៅក្នុងប្រទេសជិតខាង កម្ពុជាត្រូវបែកជាពីរផ្នែកដោយសារសៀមត្រួតត្រាផ្នែកខាងលិចបាត់ដំបងសៀមរាបត្រួតត្រាខាងត្បូង បាត់បង់ទឹកដីដោយសារខេត្តជាច្រើននៅភាគខាងលិចបាត់ដំបងសៀមរាបមង្គលបុរី ត្រូវបានធ្លាក់ក្នុងកណ្ដាប់ដៃសៀមនៅឆ្នាំនិងមុនបាត់បង់ដីភាគខាងកើតនៅវៀតណាម សេដ្ឋកិច្ចពឹងផ្អែកលើវិស័យកសិកម្មបុរាណដែល សួយសារអាករឲ្យគេ ចំណែកវប្បធម៌វិញវត្តអារាមត្រូវបានបំផ្លិចបំផ្លាញ ប្រទេសជាតិខ្សោយគ្មានកម្លាំងទប់ទល់នឹងការវាយលុកពីខាងក្រៅមន្ត្រីក្បត់ជាតិច្រើន ដោយសារ រាជវង្សផ្ទៃក្នុងការដណ្ដើមអំណាចគ្នា។,សម័យឧដុង្គចាប់ពីឆ្នាំ ១៦២០-១៨៦៣។ បានជាប្រទេសកម្ពុជាចុះខ្សោយកាន់តែខ្លាំងនៅសម័យនោះព្រោះបណ្ដាលមកពីជម្លោះដណ្ដើមរាជ្យសម្បត្តិក្នុងរាជវង្សខ្មែរនិងការធ្វើអន្តរាគមន៍ពីប្រទេសជិតខាង។,15,8,2,0.5333333333333333,0.470458984375,2,7,0,1
357,តើអ្វីជាសង្គ្រាមត្រជាក់? តើសង្គ្រាមត្រជាក់ផ្ដល់ផលវិបាកអ្វីខ្លះដល់កម្ពុជា?,សង្គ្រាមត្រជាក់ជាការប្រឈមមុខដាក់គ្នាដោយប្រយោលរវាងសហរដ្ឋអាមេរិចនិងសហភាពសូវៀត ដោយធ្វើការប្រណាំងប្រជែងគ្នាលើផ្នែក  សេដ្ឋកិច សព្វាវុធ យោធា និងបច្ចេកទេស។ សង្រ្គាមត្រជាក់បានផ្ដល់ផលវិបាកកម្ពុជាដូចជា៖ -គ្រាប់បែករបស់សហរដ្ឋអាមេរិក 1669 ដល់ 1973  -សង្គ្រាមស៊ីវិលក្នុងប្រទេសពីឆ្នាំ 1970 ដល់ 1975 និងកើតមានម្តងទៀតពីឆ្នាំ 1979 ដល់ឆ្នាំ 1991 ដែលកើតចេញពីការប្រឆាំងគ្នារវាងក្រុមកុម្មុយនិស្តនិងសេរីនិយម -ការសម្លាប់ប្រជាជនឯងក្រោមរបស់ប្រល័យពូជសាសន៍ឆ្នាំ 1975 និងឆ្នាំ 1979  -ការផ្លាស់ប្ដូរនយោបាយជាញឹកញាប់រហូតមានការមានកិច្ចព្រមព្រៀងសន្តិភាពក្រុងប៉ារីសថ្ងៃទី 23 តុលាឆ្នាំ 1991។,សង្គ្រាមត្រជាក់គឺជាការប្រគួតប្រជែងមួយឧត្តមភាពរវាងមនោគមន៍វិជ្ជាសេរី និងគម្មុយនីស ដែលឈានទៅរកការប្រណាំងខាងបច្ចេកវិទ្យានិងសព្វាវុធ  ពោលគឺជាការកាច់បំបាក់គ្នារវាងសហរដ្ឋអាមេរិកនិងសហភាពសូវៀត។  ផលវិបាកនៃសង្គ្រាមត្រជាក់ចំពោះប្រទេសកម្ពុជាមានដូច៖ -មានវិនាសកម្មការទម្លាក់គ្រាប់បែករបស់សហរដ្ឋអាមេរិក 1969 ដល់ 1973  -សង្រ្គាមស៊ីវិលក្នុងប្រទេសពីឆ្នាំ 1970 ដល់ឆ្នាំ 1975 និងកើតម្ដងទៀតពីឆ្នាំ 1975 ដល់ 1980 ដែលកើតចេញពីការប្រឆាំងគ្នារវាងក្រុមគម្មុយនីសនឹងសេរីនិយម,10,7,3,0.7,0.72509765625,3,7,0,0
358,តើប្រទេសកម្ពុជាចូលជាសមាជិក សហគមន៍អាស៊ីអាគ្នេយ៍ទទួលផលវិជ្ជមាននិងអវិជ្ជមានដូចម្តេចខ្លះ?,ពណ៌នាពីពីការអភិវឌ្ឍសេដ្ឋកិច្ច សង្គម នៅកម្ពុជាពីឆ្នាំ១៩៩៣ មកទល់សព្វថ្ងៃ .វិស័យសេដ្ឋកិច្ច:  +សេដ្ឋកិច្ចកម្ពុជាមានការរីកចម្រើនឡើងជាបន្តបន្ទាប់ដែលធ្វើឲ្យប្រទេសកម្ពុជាមានជីវភាពល្អប្រសើរ។ +កសិកម្មរីកចម្រើនខាងដាំដំណាំស្រូវទទួលបានទិន្នផលខ្ពស់ជាបន្តបន្ទាប់ +ឧស្សាហកម្មមានតំណាងរោងចក្រច្រើនកន្លែងនិងលើកឡើងនៅសហគ្រឿងធំៗដែលបានផ្ដល់ចំណូលដល់ប្រជាពលរដ្ឋ +ពាណិជ្ជកម្មកាលនាំចូលមកក្នុងប្រទេសនិងមានវិនិយោគក្នុងប្រទេស +គមនាគមន៍កសាងស្ពានផ្លូវថ្នល់អាកាសយានដ្ឋានផ្គត់ផ្គង់ប្រព័ន្ធទឹកពីទីក្រុងដល់ជនបទ កំពុងផែ +ហិរញ្ញវត្ថុមានស្ថេរភាពក្នុងអត្រាប្ដូរប្រាក់ +ធនាគារលើកឡើងនៅធនាគារជាតិហ្នឹងឯកជនជាច្រើន .វិស័យសង្គម +ការអប់រំសិក្សា បង្កើតសាលារៀនគ្រប់កម្រិតពីមត្តីរហូតដល់ឧត្តមសិក្សាបណ្ដុះបណ្ដាលធនធានមនុស្សនិងបញ្ជូននិស្សិតឲ្យទៅរៀននៅក្រៅប្រទេស។ +វប្បធម៌អរិយធម៌ ស្ដារវប្បធម៌ឡើងវិញនិងដាក់បញ្ចូលជាសម្បត្តិបេតិកភណ្ឌពិភពលោកចាប់ផ្ដើមប្រជាជនមានសិទ្ធិជឿលើសាសនា។ +សុខាភិបាលបង្កើតឲ្យមានមន្ទីរពេទ្យលោកសុខភាពនិងឱសថសាស្ត្រ +សិល្បៈបង្កើតឲ្យមានសាលាសាកលវិទ្យាល័យសិល្បៈ.,ផលវិជ្ជមាន +ខាងនយោបាយ -កម្ពុជាជាកន្លែងទាក់ទាញវិនិយោគទុនសំខាន់ -កម្ពុជាអាចឈរស្មើមុខជាមួយប្រទេសជាសមាជិក -អាចចូលរួមក្នុងការសម្រេចចិត្តនានាក្នុងតំបន់ -កម្ពុជាលេងឯកោទៅទៀត +ខាងសេដ្ឋកិច្ច -ការធ្វើពាណិជ្ជកម្មមានភាពងាយស្រួលជាងមុន -ប្រជាជនងាយស្រួលរកការងារធ្វើនៅក្នុងតំបន់នៅក្នុងប្រទេស -កំណើនភ្ញៀវទេសចរណ៍បង្កើនការងារប្រាក់ចំណូលដល់ប្រជាជន -កំណើនសេដ្ឋកិច្ចកម្ពុជាជារៀងរាល់ឆ្នាំ +ខាងសង្គម -លុបបំបាត់អំពើជួញដូរមនុស្សគ្រឿងញៀននិងអំពើអភិវកម្ម -ចាបជួបគ្នាទៅវិញទៅមកការប្រទេសបទពិសោធន៍ចំណេះដឹងការដាក់អាហារូបករសម្រាប់យុវជនកម្ពុជារៀនសូត្រនិងទទួលបានឱកាសជាច្រើន -ប្រទេសកម្ពុជាទទួលបានការការពារពីប្រទេសសមាជិកធ្វើឲ្យមានសុវត្ថិភាពនិងសន្តិភាពសង្គម -ធ្វើឱ្យមានការកសាងហេដ្ឋារចនាសម្ព័ន្ធផ្លូវជាតិផ្លូវដែកស្ពានកំពង់ផែអាកាសយាន្តដ្ឋានជាតិ,10,7,3,0.7,0.91455078125,4,9,1,2
359,តើសង្គមខ្មែរនៅសម័យអង្គរមានប៉ុន្មានវណ្ណៈ? វណ្ណៈអ្វីខ្លះ? ចូលរៀបរាប់។,សង្គមខ្មែរនៅសម័យអង្គរមានប្រាំវណ្ណៈគឺ -វណ្ណៈក្សត្រឬរាជវង្សនុវង្ស (ជាស្ដេចគ្រប់គ្រងប្រទេស -វណ្ណៈមន្ត្រី (អ្នករស់នៅក្នុងរាជវាំងបម្រើស្ដេច) -វណ្ណៈព្រាហ្ម៍ឬបុព្វជិត​(គឺជាអ្នកបួស) -វណ្ណៈអ្នកជាឬកសិករ (អ្នករស់នៅនឹងធ្វើស្រែចម្ការ) -វណ្ណៈអ្នកងារឬទាសករ(ទាសករបម្រើគេតកូនតចៅ)។,សង្គមខ្មែរនៅសម័យអង្គរមានប្រាំវណ្ណៈគឺ -វណ្ណៈក្សត្រឬរាជវង្សនុវង្ស: មានបុព្វសិទ្ធណាស់គ្មានការបង់ពន្ធ មានអំណាចគ្រប់គ្រាន់រស់នៅដោយស្រួលមិនចាំបាច់ធ្វើការងារ និងមិននឿយហត់ទេ -វណ្ណៈមន្ត្រី: ជាអ្នកដែលធ្វើការក្នុងវាំងនិងបម្រើព្រះរាជានិងមានសិទ្ធិអំណាចគ្រប់គ្រងលើការងារផ្សេងៗជំនួសព្រះរាជា។ -វណ្ណៈអ្នកបួសឬបុព្វជិត​: មានពួកប៉ាន់ឃាប ព្រាហ្ម៍បុរោហិត ជូគូនិងប៉ាវីស៊ី។ -វណ្ណៈអ្នកជា:ពួកមានឋន្តរនាមជាពួកឈ្មួញសិប្បករ កសិករនិងប្រជារាស្រ្ដសាមញ្ញ -វណ្ណៈអ្នកងារឬទាសករ:ពួកនេះជាអ្នកបម្រើគេអស់មួយជីវិតតកូនតចៅ។ភាគច្រើនពួកគេធ្វើការងារដូចជាសង់ប្រាសាទនិងបម្រើការងារក្នុងផ្ទះពួកអ្នកមាន។គេអាចលោះពួកនេះបានដោយប្រើសត្វពាហនទាំងពួង។,10,10,4,1.0,0.9794921875,4,10,0,0
360,ចូរនិយាយពីកំណកាម៉ែតញី។,ការស្ថិតនៅក្រោមសារពាង្គកាយនៃពងស្វាសមានសារៈសំខាន់ដូចជាដើម្បីរក្សាសីតុណ្ហភាពឲ្យ ទាបជាងសីតុណ្ហភាពក្នុងខ្លួន ប្រហែលពី(2-3)សីតុណ្ហភាពក្នុងខ្លួន37 ។,កំណកាម៉ែនញី ដំបូងកោសិកាពូជមួយរកចម្ងាយពីរដងទម្លាប់គ្នាបានកោសិកាអូវ៉ូកូនី4 ។អូវុលរីក មាឌក្លាយជាអូវូស៊ីត1 ។អូវ៉ូស៊ីតមួយរងចំណែកមួយនៃមេយ៉ូសហើយត្រូវបានជាប់គាំងនៅចុង វគ្គមួយ ។,10,5,2,0.5,0.427978515625,2,4,0,1
361,ចូររៀបរាប់អំពីទំនាក់ទំនងរវាងការដាំដុះអាជីវកម្មព្រៃឈើនិងនេសាទ។,ទំនាក់ទំនងរវាង ការដាំដុះអាជីវកម្មព្រៃឈើ និងការនេសាទ៖  _ ការដាំដុះអាជីវកម្មព្រៃឈើ និងការនេសាទ ជាភោគទ្រព្យយ៉ាងសំខាន់សម្រាប់ប្រជាជនក្នុងការទ្រទ្រង់ក្នុងជីវភាពរស់នៅនិងការអភិវឌ្ឍន៍ប្រទេសជាតិ   _ ដើម្បីបំពេញតម្រូវការក្នុងកសិកម្មផលិតកម្មនិងត្រូវការផ្សេងៗ មនុស្សនាំគ្នាកាប់ព្រៃឈើដើម្បីធ្វើអាជីវកម្មព្រៃឈើជាមូលហេតុធ្វើឲ្យអាកាសធាតុប្រែប្រួលប៉ះពាល់ដល់ជីវិតមនុស្ស សត្វ និងរុក្ខជាតិ  ​ _ អតិផលនៃប្រព័ន្ធកសិកម្ម នាំឲ្យមានកំណើននៃការប្រើប្រាស់គីមីនិងថ្នាំសម្លាប់សត្វល្អិត។ ជីគីមី និងថ្នាំសម្លាប់សត្វល្អិត ទាំងនោះហូរទៅផ្ដុំគ្នានៅតាមផ្លូវទឹកនានា បំផ្លាញជីវិតសត្វនិងពូជធម្មជាតិ។,រៀបរាប់ពីទំនាក់ទំនងរវាងការដាំដុះ ការចិញ្ចឹមសត្វ និងការនេសាទ៖ការដាំដុះអាជីវកម្មព្រៃឈើមានទំនាក់ទំនងការកាប់ឈើធ្វើ អាជីវកម្មលើឈើធ្វើតុទូកៅអីណានាំចេញទៅលួចកាប់ព្រៃឈើដើម្បីសាងអគារការដាំដុះនិង ការនេសាទមានទំនាក់ទំនង ឈើជាជម្រកត្រីពងព្រៃឈើជាកន្លែងដែលត្រីរស់នៅបង្កើតជាមនុស្សកុំទឹកក្ដៅពេកអាជីវកម្មព្រៃឈើនិង ការនេសាទបាត់បង់ជម្រកសម្រាប់ស្ត្រីពរបាត់បងប្អូនក្រអ្នកនេសាទងាយស្រួលដោយសារ,15,5,1,0.3333333333333333,0.1624755859375,1,2,0,3
362,តើសម័យឧដុង្គចាប់ពីឆ្នាំណាដល់ឆ្នាំណា?ហេតុអ្វីបានជាប្រទេសកម្ពុជាធ្លាក់ចុះខ្សោយកាន់តែខ្លាំងនៅសម័យឧដុង្គ។ចូរពន្យល់,សម័យឧដុង្គចាប់ពីឆ្នាំ បានជាប្រទេសកម្ពុជាធ្លាក់ចុះខ្សោយកាន់តែខ្លាំងនៅសម័យឧដុង្គព្រោះ សង្គ្រាមផ្ទៃក្នុងញឹកញាប់និងការជាវជ្រៀតជ្រែកពីសៀមនិងយួន ការប្រកួតប្រជែងដណ្ដើមរាជ្យបានឡើងក្នុងចំណោមព្រះរាជវង្សានុវង្ស បែកបាក់សាមគ្គីផ្ទៃក្នុងគ្មានការសាមគ្គីរួបរួមនៅក្នុងប្រទេសជិតខាង កម្ពុជាត្រូវបែកជាពីរផ្នែកដោយសារសៀមត្រួតត្រាផ្នែកខាងលិចបាត់ដំបងសៀមរាបត្រួតត្រាខាងត្បូង បាត់បង់ទឹកដីដោយសារខេត្តជាច្រើននៅភាគខាងលិចបាត់ដំបងសៀមរាបមង្គលបុរី ត្រូវបានធ្លាក់ក្នុងកណ្ដាប់ដៃសៀមនៅឆ្នាំនិងមុនបាត់បង់ដីភាគខាងកើតនៅវៀតណាម សេដ្ឋកិច្ចពឹងផ្អែកលើវិស័យកសិកម្មបុរាណដែល សួយសារអាករឲ្យគេ ចំណែកវប្បធម៌វិញវត្តអារាមត្រូវបានបំផ្លិចបំផ្លាញ ប្រទេសជាតិខ្សោយគ្មានកម្លាំងទប់ទល់នឹងការវាយលុកពីខាងក្រៅមន្ត្រីក្បត់ជាតិច្រើន ដោយសារ រាជវង្សផ្ទៃក្នុងការដណ្ដើមអំណាចគ្នា។,សម័យឧដុង្គចាប់ពីឆ្នាំ បានជាប្រទេសកម្ពុជាធ្លាក់ចុះខ្សោយកាន់តែខ្លាំងនៅសម័យឧដុង្គព្រោះ សង្គ្រាមផ្ទៃក្នុងញឹកញាប់និងការជាវជ្រៀតជ្រែកពីសៀមនិងយួន ការប្រកួតប្រជែងដណ្ដើមរាជ្យបានឡើងក្នុងចំណោមព្រះរាជវង្សានុវង្ស បែកបាក់សាមគ្គីផ្ទៃក្នុងគ្មានការសាមគ្គីរួបរួមនៅក្នុងប្រទេសជិតខាង កម្ពុជាត្រូវបែកជាពីរផ្នែកដោយសារសៀមត្រួតត្រាផ្នែកខាងលិចបាត់ដំបងសៀមរាបត្រួតត្រាខាងត្បូង បាត់បង់ទឹកដីដោយសារខេត្តជាច្រើននៅភាគខាងលិចបាត់ដំបងសៀមរាបមង្គលបុរី ត្រូវបានធ្លាក់ក្នុងកណ្ដាប់ដៃសៀមនៅឆ្នាំនិងមុនបាត់បង់ដីភាគខាងកើតនៅវៀតណាម សេដ្ឋកិច្ចពឹងផ្អែកលើវិស័យកសិកម្មបុរាណដែល សួយសារអាករឲ្យគេ ចំណែកវប្បធម៌វិញវត្តអារាមត្រូវបានបំផ្លិចបំផ្លាញ ប្រទេសជាតិខ្សោយគ្មានកម្លាំងទប់ទល់នឹងការវាយលុកពីខាងក្រៅមន្ត្រីក្បត់ជាតិច្រើន ដោយសារ រាជវង្សផ្ទៃក្នុងការដណ្ដើមអំណាចគ្នា។,15,15,4,1.0,0.931640625,4,14,0,1
363,ដូចម្តេចដែលហៅថាមេយ៉ូស? ចូរនិយាយពីវគ្គផ្សេងៗនៃមេយ៉ូស។,មេយ៉ូសជាសំណុំនៃចំណែកកោសិកាពីរដងបន្តបន្ទាប់គ្នាដែលបង្កើតបានជាកោសិកាអាលូអុីតបួន ហៅថាមេយ៉ូស ។ _តេឡូផាស1 ស៊ីតូប្លាសចែកខ្លួនបានជាកោសិកាកូនពីរ ។កោសិកាកូននីមួយៗទទួលបានក្រូម៉ូសូម តែមួយពីរគូអូម៉ូឡូក ។ _ប្រផាស1 មានរយៈពេលវែង ។ _អាណាផាស1 ក្រូម៉ូសូមដំរៀបលើផ្លាស់ភ្ជាប់នឹងក្រយ៉ូងក្រូម៉ាទិចដោយសង់ក្រូងទ័ររបស់វា ។ _តេឡូផាស2 ក្រូម៉ូមនីមួយៗបានមកដល់ប៉ូលភ្នាស _មេតាផាស2 ក្រូម៉ូសូមប្រេះតាមបណ្ដោយភ្ជាប់ខ្លួនទៅនិងក្រយ៉ងក្រូម៉ាទិចដោយសង់ _ប្រូដាស2 ត្តយ៉ងអាក្រូម៉ាទិតកើតមានក្នុងកោសិកាគូនីមួយៗ _អាណាផាស2 សង់ក្រូម៉ែធ្វើចំណែកដែលនាំអោយក្រូម៉ាទិចបងប្អូនដាច់ចេញពីគ្នា ។បន្ទាប់មក ក្រូម៉ូសូមកូនទាំង2ធ្វើដំណើរឆ្ពោះទៅប៉ូលផ្ទុយគ្នារបស់ត្រយ៉ូងអាក្រូម៉ាទិច ។,មេយ៉ូសជាសំណុំនៃចំណែកកោសិកាពីរដងបន្តបន្ទាប់គ្នាដែលបង្កើតបានជាកោសិកាអាលូអុីតបួន ហៅថាមេយ៉ូស ។ _ប្រផាស1 មានរយៈពេលវែង ។ _អាណាផាស1 ក្រូម៉ូសូមដំរៀបលើផ្លាស់ភ្ជាប់នឹងក្រយ៉ូងក្រូម៉ាទិចដោយសង់ក្រូងទ័ររបស់វា ។ _តេឡូផាស2 ក្រូម៉ូមនីមួយៗបានមកដល់ប៉ូលភ្នាស _មេតាផាស2 ក្រូម៉ូសូមប្រេះតាមបណ្ដោយភ្ជាប់ខ្លួនទៅនិងក្រយ៉ងក្រូម៉ាទិចដោយសង់ _ប្រូដាស2 ត្តយ៉ងអាក្រូម៉ាទិតកើតមានក្នុងកោសិកាគូនីមួយៗ,10,6,2,0.6,0.62451171875,2,6,0,0
364,ហេតុអ្វីបានជាផ្នែកឯកជនជាកម្លាំងដ៏សំខាន់សម្រាប់វិនិយោគ និងធ្វើឲ្យមានកំណើនសេដ្ឋកិច្ចក្នុងប្រទេស?,បានជាផ្នែកឯកជនជាកម្លាំងដ៏សំខាន់សម្រាប់កំណើនសេដ្ឋកិច្ចកម្ពុជាព្រោះ -កម្ពុជាបានអនុវត្តសេដ្ឋកិច្ចទីផ្សារសេរីដោយបានធ្វើកំណែទម្រង់ពីសហគ្រាសរដ្ឋឲ្យក្លាយទៅជាកម្មសិទ្ធិឯកជន -សេដ្ឋកិច្ចទីផ្សារសេរីនាំឲ្យអ្នករកស៊ីចូលចិត្តមករកស៊ីនិងដាក់វិនិយោគទុន -កាលណាភ្នែកឯកជនរឹងមាំអាចជួយបំពេញបន្ថែមលើវិនិយោគសាធារណៈក្នុងវិស័យសេដ្ឋកិច្ចគឺផ្នែកឯកជនអាចស្រូបយកកម្លាំងពលកម្មកើនឡើង។,បានជាផ្នែកឯកជនជាកម្លាំងដ៏សំខាន់សម្រាប់វិនិយោគនិងធ្វើឲ្យមានកំណើនសេដ្ឋកិច្ចក្នុងប្រទេសព្រោះ៖ -ធ្វើឲ្យចំណូលចូលជាតិច្រើន -ធ្វើឲ្យប្រទេសជាតិមានការអភិវឌ្ឍន៍សង្គមមានការទាក់ទាញចំណាប់អារម្មណ៍ពីភ្ញៀវទេសចរណ៍ -ទទួលការចាប់អារម្មណ៍ពីភ្ញៀវបរទេស -ព្រោះមានការធានានយោបាយ -ការមានសន្តិភាពលើការអ្នកវិនិយោគ -ធានាសុវត្ថិភាព -អនុវត្តផ្លូវមនាគមន៍។,15,6,2,0.4,0.2474365234375,1,4,1,2
365,ហេតុអ្វីបានជាផ្នែកឯកជនជាកម្លាំងដ៏សំខាន់សម្រាប់ការវិនិយោគសេដ្ឋកិច្ច?,សេដ្ឋកិច្ចកម្ពុជាពឹងផ្អែកលើវិស័យកសិកម្មជាសំខាន់ៗ 5 គឺឧស្សាហកម្មកសិកម្មពាណិជ្ជកម្មគមនាគមន៍និងទេសចរណ៍ ក៏បានជាគេនិយាយថាកម្ពុជាប្រទេសកសិកម្មនៅប្រទេសកម្ពុជាមនុស្សមួយចំនួនធំគឺធ្វើកសិកម្ម។ច្រើនសុទ្ធតែជាកសិករកម្ពុជាសម្បូរជីកសិកម្មមានជីវជាតិសម្រាប់ឲ្យយើងធ្វើកសិកម្មចិញ្ចឹមសត្វនិងការដណ្ដប់ជួយបង្កើនចំណូលជូនជាងការងារចេញនៅក្រៅប្រទេសស្ករស្រូវដំឡូងកៅស៊ូ ខ. គេចែកកសិករទាំងនេះជាបួនប្រភេទកសិករតំបន់វាលខ្ពស់កសិករធ្វើស្រែឬមិនធ្វើស្រែកសិករភូមិភាគឥសានកសិករធ្វើតែស្រែ,សេដ្ឋកិច្ចកម្ពុជាពឹងផ្អែកលើវិស័យកសិកម្មជាសំខាន់ៗ 5 គឺឧស្សាហកម្មកសិកម្មពាណិជ្ជកម្មគមនាគមន៍និងទេសចរណ៍ ក៏បានជាគេនិយាយថាកម្ពុជាប្រទេសកសិកម្មនៅប្រទេសកម្ពុជាមនុស្សមួយចំនួនធំគឺធ្វើកសិកម្ម។ច្រើនសុទ្ធតែជាកសិករកម្ពុជាសម្បូរជីកសិកម្មមានជីវជាតិសម្រាប់ឲ្យយើងធ្វើកសិកម្មចិញ្ចឹមសត្វនិងការដណ្ដប់ជួយបង្កើនចំណូលជូនជាងការងារចេញនៅក្រៅប្រទេសស្ករស្រូវដំឡូងកៅស៊ូ ខ. គេចែកកសិករទាំងនេះជាបួនប្រភេទកសិករតំបន់វាលខ្ពស់កសិករធ្វើស្រែឬមិនធ្វើស្រែកសិករភូមិភាគឥសានកសិករធ្វើតែស្រែ,15,15,4,1.0,0.7431640625,3,11,1,4
366,ចូរនិយាយពីកំណកាម៉ែតញី។,ការស្ថិតនៅក្រោមសារពាង្គកាយនៃពងស្វាសមានសារៈសំខាន់ដូចជាដើម្បីរក្សាសីតុណ្ហភាពឲ្យ ទាបជាងសីតុណ្ហភាពក្នុងខ្លួន ប្រហែលពី(2-3)សីតុណ្ហភាពក្នុងខ្លួន37 ។,កំណកាម៉ែនញី ដំបូងកោសិកាពូជមួយរកចម្ងាយពីរដងទម្លាប់គ្នាបានកោសិកាអូវ៉ូកូនី4 ។អូវុលរីក មាឌក្លាយជាអូវូស៊ីត1 ។អូវ៉ូស៊ីតមួយរងចំណែកមួយនៃមេយ៉ូសហើយត្រូវបានជាប់គាំងនៅចុង វគ្គមួយ ។,10,5,2,0.5,0.427978515625,2,4,0,1
367,តើឧស្សាហកម្មមានតួនាទីដូចម្ដេចខ្លះចំពោះសេដ្ឋកិច្ចជាតិ?,ឧស្សាហកម្មមាន​តួនាទីចំពោះសេដ្ឋកិច្ចជាតិដូចជា ៖ ​ _ ជួយបង្កើតថវិការជាតិ ​ _ ជួយបង្កើតទិន្នផលជាតិ ​​ _ ជួយឲ្យសេដ្ឋកិច្ចជាតិរីកចម្រើន  _ ប្រជាជនសំបូរធូរធារ  _អភិវឌ្ឍគ្រប់វិស័យ  _ មានទំនាក់ទំនងល្អជាមួយអ្នកជិតខាង  _ មានភាពរុងរឿងនៅក្នុងប្រទេសជាតិ។,ឧស្សាហកម្មមានតួនាទីចំពោះសេដ្ឋកិច្ចដូចជា៖ -ផ្តល់កាងារឲ្យប្រជាជនធ្វើ -ផ្ដល់ចំណូលដល់សេដ្ឋកិច្ចជាតិមាន២៣.៨%ឆ្នាំ២០០៨ -ផ្ដល់ផលិតផលសម្រាប់នាំចេញ -ផ្ដល់ផលិតផលសម្រាប់ប្រើប្រាស់ -ជួយរក្សាលំនឹងជញ្ជីងពាណិជ្ជកម្ម -និងផ្ដល់ប្រាក់ចំណូលដល់គ្រួសារ។,15,15,4,1.0,0.93017578125,4,14,0,1
368,ហេតុអ្វីបានជាមនុស្សស្រូបយកខ្យល់ដែលមានកាបូនម៉ណូអុកស៊ីតអាចបង្កគ្រោះថ្នាក់ដល់ស្លាប់បាន?,បានជាមនុស្សស្រូបយកខ្យល់ដែលមានកាបូនម៉ូណូអុកស៊ីដអាចបង្កឲ្យមានគ្រោះថ្នាក់ដល់ស្លាប់ បានព្រោះកាបូនម៉ូណូអុកស៊ីដមានសមត្ថភាពចាប់យក ក្នុងឈាមបានខ្លាំងជាងអុកស៊ីសែន វារារាំងឈាមមិនឲ្យដឹកនាំអុកស៊ីសែនទៅចិញ្ចឹមសរីរាង្គជាពិសេសខួរក្បាលដែលបណ្តាលឲ្យ ស្លាប់និង សន្លប់ ។,បានជាមនុស្សស្រូបយកខ្យល់ដែលមានកាបូនម៉ូណូអុកស៊ីដអាចបង្កឲ្យមានគ្រោះថ្នាក់ដល់ស្លាប់បាន ព្រោះកាបូនម៉ូណូអុកស៊ីដមានសមត្ថភាពចាប់យក ក្នុងឈាមបានខ្លាំងជាងអុកស៊ីសែនវារារាំង ឈាមមិនឲ្យដឹកនាំអុកស៊ីសែនទៅចិញ្ចឹមសរីរាង្គជាពិសេសខួរក្បាលដែលបណ្តាលឲ្យស្លាប់និង សន្លប់ ។,5,4,3,0.8,0.80078125,3,4,0,0
369,តើប្រព័ន្ធផលិតកម្មកសិកម្មនៅក្នុងប្រទេសកម្ពុជាមានអ្វីខ្លះ?ចូររៀបរាប់​ ។,ប្រព័ន្ធផលិតកម្មកសិកម្មនៅប្រទេសកម្ពុជាមាន៖    _ ដំណាំ : ដំណាំស្រូវ ដំណាំកៅស៊ូ ដំណាំផ្សេងៗទៀត    _ ការចិញ្ចឹមសត្វ : ការចិញ្ចឹមសត្វលើគោក ការចិញ្ចឹមសត្វក្នុងទឹក    _ ការនេសាទ : ការនេសាទទឹកសាប ការនេសាទទឹកប្រៃ  _ ព្រៃឈើ : ផលិតផលឈើ អនុផលព្រៃឈើ(រកឃ្មុំ ជ័រទឹក វល្លិ៍ ផ្តៅ) សត្វព្រៃ ។,ប្រព័ន្ធផលិតកម្មកសិកម្មនៅប្រទេសកម្ពុជាមាន៖    _ ដំណាំ : ដំណាំស្រូវ ដំណាំកៅស៊ូ ដំណាំផ្សេងៗទៀត    _ ការចិញ្ចឹមសត្វ : ការចិញ្ចឹមសត្វលើគោក ការចិញ្ចឹមសត្វក្នុងទឹក    _ ការនេសាទ : ការនេសាទទឹកសាប ការនេសាទទឹកប្រៃ  _ ព្រៃឈើ : ផលិតផលឈើ អនុផលព្រៃឈើ(រកឃ្មុំ ជ័រទឹក វល្លិ៍ ផ្តៅ) សត្វព្រៃ ។,10,10,4,1.0,0.94140625,4,9,0,1
370,តើអាណាចក្រភ្នំមានព្រំប្រទល់ជាប់ប្រទេសណាខ្លះ?,អាណាចក្រភ្នំមានព្រំប្រទល់ជាប់ប្រទេសដូចជា -ខាងជើងជាប់ចិន -ខាងត្បូងជាឈូងសមុទ្រខ្មែរ -ខាងកើតជាប់រដ្ឋចម្ប៉ា -ខាងលិចជាប់រដ្ធមនឬភូមា។,អាណាចក្រភ្នំមានព្រំប្រទល់ខាងជើងជាប់នឹងប្រទេសចិន(រដ្ឋណានឆាវនិងតុងតឹង)ខាងកើតជាប់រដ្ឋចម្ប៉ា(ឈូងសមុទ្រចិន)និងខាងត្បូងជាប់និងឈូងសមុទ្រខ្មែរ(នគរភ្នំ)និងខាងលិចជាប់រដ្ឋមនឬភូមា។,6,6,4,1.0,0.984375,4,6,0,0
371,សេដ្ឋកិច្ចកម្ពុជាពឹងផ្អែកលើវិស័យកសិកម្មជាសំខាន់៖ ​ក.​ ហេតុអ្វីបានជាគេនិយាយថាកម្ពុជាជាប្រទេសកសិកម្ម? ខ. តើគេចែកកសិករទាំងនោះជាប៉ុន្មានប្រភេទ?,សេដ្ឋកិច្ចកម្ពុជាបានផ្អែកលើវិស័យកសិកម្មជាសំខាន់៖ ក​. បានជាគេនិយាយថាប្រទេសកម្ពុជាជាប្រទេសកសិកម្មដោយសារ -ផ្ទៃដីនៅប្រទេសកម្ពុជាប្រហែល៩០ភាគរយសិតតែដំណាំស្រូវ -ប្រជាជនកកម្ពុជា ៧០.៣ភាគរយធ្វើកសិកម្ម -កសិកម្មជួយឲ្យប្រជាជនកម្ពុជាមានការងារធ្វើ -ប្រជាជននិយមធ្វើកសិកម្ម -ដីនៅកម្ពុជាប្រកបជាមួយកាធ្វើកសិកម្ម -កម្ពុជាមានអាកាសធាតុសមស្របសម្រាប់ធ្វើកសិកម្ម ខ. គេចែកកសិកម្មទាំងនោះជាពីរប្រភេទ៖ +កសិករខ្នាតតូច -ធ្វើកសិកម្មដើម្បីជីវិត -ធ្វើលក្ខណៈតិចតួច ទុកតែបរិភោគសម្រាប់គ្រួសារ -មិនលក់ឲ្យអ្នកណា +កសិករខ្នាតធំ -ធ្វើកសិកម្មច្រើនហើយទុកសម្រាប់លក់ឬនាំចេញទៅក្រៅប្រទេស -ធ្វើមួយឆ្នាំអាចទៅពីរលើក -ធ្វើលក្ខណៈច្រើន ដើម្បីលក់និងនាំចេញ។,សេដ្ឋកិច្ចកម្ពុជាបានផ្អែកលើវិស័យកសិកម្មជាសំខាន់៖ ក. បានជាគេនិយាយថាប្រទេសកម្ពុជាជាប្រទេសកសិកម្មព្រោះ៖ -ប្រទេសកម្ពុជាជាប្រទេសសម្បូរទៅដោយដីមានជីវជាតិ -អ្នករកស៊ីកសិកម្ម -កម្ពុជាជាប្រទេសដែលពឹងផ្អែកលើវិស័យកសិកម្ម -ការដាំដំណាំ ស្រូវ ម្ទេស ម្រិច ចម្ការកៅស៊ូ ដូងប្រេង ត្នោត... -កម្ពុជាជាប្រទេសដែលមានដី ទឹកល្អ ធ្វើកសិកម្មបាន -ទទួលផលបានច្រើន និងលក់បានជាច្រើនកុះករ -លក់បានតាមបណ្តាលខេត្ត​ ភូមិ ឬប្រទេសជិតខាងផងដែរ -ដីល្អ ជីមានគុណភាព -ប្រជាជនប្រកបមុខរបរកសិកម្មច្រើនគ្រួសារ -សេដ្ឋកិច្ចមានប្រាក់កំចៃគ្រប់គ្រាន់​ -គ្រួសារអាចចិញ្ចឹមកូនអាចឲ្យកូនជួយធ្វើកសិកម្ម ខ. គេចែកកសិកម្មទាំងនោះជា​ ៣ ប្រភេទ។ មានដូចជាៈ កសិករអចិន្ទ្រៃយ៍ កសិករនៅលើភ្នំចិន្ទ្រៃយ៍ភាគច្រើនដាំស្រូវរដូវវស្សា។,15,8,2,0.5333333333333333,0.47119140625,2,7,0,1
372,បុព្វហេតុអ្វីខ្លះដែលនាំឲ្យអាណាចក្រចេនឡាបែកបាក់ជាពីរគឺអាណាចក្រចេនឡាដីគោកនិងចេនឡាទឹកលិច?,បុព្វហេតុដែលនាំហើយអាណាចក្រចេនឡាបែកជាពីរគឺ -វិសាលភាពទឹកដីធំទូលាយ -ចម្បាំងអត់ឈប់ឈរ -សមន្ដរដ្ឋបះបោរចង់ផ្ដាច់ខ្លួន -វិបត្តិផ្ទៃក្នុង -ព្រះនាងជ័យទេវីគ្មានសមត្ថភាពគ្រប់គ្រង។,បុព្វហេតុដែលនាំហើយអាណាចក្រចេនឡាបែកជាពីរគឺ -វិសាលភាពទឹកដីធំទូលាយ -ចម្បាំងអត់ឈប់ឈរ -សមន្ដរដ្ឋបះបោរចង់ផ្ដាច់ខ្លួន -វិបត្តិផ្ទៃក្នុង -ព្រះនាងជ័យទេវីគ្មានសមត្ថភាពគ្រប់គ្រង។,7,7,4,1.0,0.98779296875,4,7,0,0
373,តើអាណាចក្រភ្នំមានព្រំប្រទល់ជាប់ប្រទេសណាខ្លះ?,អាណាចក្រភ្នំមានព្រំប្រទល់ជាប់ប្រទេសដូចជា -ខាងជើងជាប់ចិន -ខាងត្បូងជាឈូងសមុទ្រខ្មែរ -ខាងកើតជាប់រដ្ឋចម្ប៉ា -ខាងលិចជាប់រដ្ធមនឬភូមា។,អាណាចក្រភ្នំមានព្រំប្រទល់ខាងជើងជាប់នឹងប្រទេសចិន(រដ្ឋណានឆាវនិងតុងតឹង)ខាងកើតជាប់រដ្ឋចម្ប៉ា(ឈូងសមុទ្រចិន)និងខាងត្បូងជាប់និងឈូងសមុទ្រខ្មែរ(នគរភ្នំ)និងខាងលិចជាប់រដ្ឋមនឬភូមា។,6,6,4,1.0,0.984375,4,6,0,0
374,តើអាណាចក្រភ្នំមានព្រំប្រទល់ជាប់ប្រទេសណាខ្លះ?,អាណាចក្រភ្នំមានព្រំប្រទល់ជាប់ប្រទេសដូចជា -ខាងជើងជាប់ចិន -ខាងត្បូងជាឈូងសមុទ្រខ្មែរ -ខាងកើតជាប់រដ្ឋចម្ប៉ា -ខាងលិចជាប់រដ្ធមនឬភូមា។,អាណាចក្រភ្នំមានព្រំប្រទល់ជាប់ប្រទេសដូចជា -ខាងជើងជាប់ចិន(រដ្ឋណានឆាវតុងកឹង) -ខាងត្បូងជាឈូងសមុទ្រខ្មែរ(ឈូងសមុទ្រនគរភ្នំ) -ខាងកើតជាប់រដ្ឋចម្ប៉ា -ខាងលិចជាប់រដ្ឋមនឬភូមា។,6,6,4,1.0,0.98583984375,4,6,0,0
375,តើអាណាចក្រភ្នំមានព្រំប្រទល់ជាប់ប្រទេសណាខ្លះ?,អាណាចក្រភ្នំមានព្រំប្រទល់ជាប់ប្រទេសដូចជា -ខាងជើងជាប់ចិន -ខាងត្បូងជាឈូងសមុទ្រខ្មែរ -ខាងកើតជាប់រដ្ឋចម្ប៉ា -ខាងលិចជាប់រដ្ធមនឬភូមា។,អាណាចក្រភ្នំមានព្រំប្រទល់ខាងជើងជាប់នឹងប្រទេសចិន(រដ្ឋណានឆាវនិងតុងតឹង)ខាងកើតជាប់រដ្ឋចម្ប៉ា(ឈូងសមុទ្រចិន)និងខាងត្បូងជាប់និងឈូងសមុទ្រខ្មែរ(នគរភ្នំ)និងខាងលិចជាប់រដ្ឋមនឬភូមា។,6,6,4,1.0,0.984375,4,6,0,0
376,តើអាណាចក្រភ្នំមានព្រំប្រទល់ជាប់ប្រទេសណាខ្លះ?,អាណាចក្រភ្នំមានព្រំប្រទល់ជាប់ប្រទេសដូចជា -ខាងជើងជាប់ចិន -ខាងត្បូងជាឈូងសមុទ្រខ្មែរ -ខាងកើតជាប់រដ្ឋចម្ប៉ា -ខាងលិចជាប់រដ្ធមនឬភូមា។,អាណាចក្រភ្នំមានព្រំប្រទល់ជាប់ប្រទេសដូចជា -ខាងជើងជាប់ចិន(រដ្ឋណានឆាវតុងកឹង) -ខាងត្បូងជាឈូងសមុទ្រខ្មែរ(ឈូងសមុទ្រនគរភ្នំ) -ខាងកើតជាប់រដ្ឋចម្ប៉ា -ខាងលិចជាប់រដ្ឋមនឬភូមា។,6,6,4,1.0,0.98583984375,4,6,0,0
377,តើកត្តាអ្វីខ្លះដែលធ្វើអោយសម័យអង្គររីកចម្រើនដល់កំពូល?​ ចូលរៀបរាប់។,កត្តាដែលធ្វើអោយសម័យអង្គររីកចម្រើនគឺ: កត្តាព្រះរាជា:ព្រះរាជាចាប់ពីព្រះបាទជ័យវរ្ម័នទី 2 រហូតដល់ព្រះបាទជ័យវរ្ម័នទី 7 សុទ្ធតែជាស្ដេចខ្លាំងពូកែ កត្តានយោបាយ: នយោបាយក្នុងប្រទេសបង្រួបបង្រួមជាតិកសាងនិងការពារទឹកដី នយោបាយក្រៅប្រទេស:ចងសម្ព័ន្ធមិត្តជាមួយប្រទេសធំៗវាយយករដ្ឋតូចដាក់ជាចំណុះ កត្តាសេដ្ឋកិច្ច:រីកចម្រើនលើវិស័យកសិកម្មសិប្បកម្មគណនាគម កត្តាសាសនា:ការឯកភាពគ្នារវាងសាសនាព្រាហ្មនិងព្រះពុទ្ធ កត្តាធនធានមនុស្សបន្សល់ទុកតាំងពីសម័យនគរភ្នំនិងចេនឡាមក។,កត្តាដែលធ្វើអោយសម័យអង្គររីកចម្រើនគឺ: .កត្តាព្រះរាជា:ព្រះរាជាចាប់ពីព្រះបាទជ័យវរ្ម័នទី 2 រហូតដល់ព្រះបាទជ័យវរ្ម័នទី 7 សុទ្ធសឹងតែជាស្ដេចខ្លាំងពូកែ .កត្តានយោបាយ: +នយោបាយក្នុងប្រទេស:បង្រួបបង្រួម​ កសាង និងការពារ។ +នយោបាយក្រៅប្រទេស:ចងសម្ព័ន្ធមិត្តជាមួយប្រទេសធំៗដូចជាចិននិងឥណ្ឌា និងវាយយករដ្ឋតូចដាក់ជាចំណុះ .កត្តាសេដ្ឋកិច្ច:ការរីកចម្រើនលើវិស័យកសិកម្ម សិប្បកម្ម គណនាគមន៍ .កត្តាសាសនា:មានការឯកភាពគ្នារវាងសាសនាព្រាហ្មនិងព្រះពុទ្ធ .កត្តាធនធានមនុស្សបន្សល់ទុកតាំងពីសម័យនគរភ្នំនិងចេនឡាមក។,10,10,4,1.0,0.98486328125,4,10,0,0
378,តើការស្ថិតនៅក្រៅសារពាង្គកាយនៃពងស្វាសមានសារៈសំខាន់ដូចម្តេច?,ការស្ថិតនៅក្រោមសារពាង្គកាយនៃពងស្វាសមានសារៈសំខាន់ដូចជាដើម្បីរក្សាសីតុណ្ហភាពឲ្យ ទាបជាងសីតុណ្ហភាពក្នុងខ្លួន ប្រហែលពី(2-3)សីតុណ្ហភាពក្នុងខ្លួន37 ។,ការស្ថិតនៅក្រោមសារពាង្គកាយនៃពងស្វាសមានសារៈសំខាន់ក្នុងការផលិតអរម៉ូនភេទឈ្មោលនិង បង្កើតស្ពែម៉ាតូសូអ៊ីត ។,10,3,1,0.3,0.2088623046875,1,2,0,1
379,តើអាណាចក្រភ្នំមានព្រំប្រទល់ជាប់ប្រទេសណាខ្លះ?,អាណាចក្រភ្នំមានព្រំប្រទល់ជាប់ប្រទេសដូចជា -ខាងជើងជាប់ចិន -ខាងត្បូងជាឈូងសមុទ្រខ្មែរ -ខាងកើតជាប់រដ្ឋចម្ប៉ា -ខាងលិចជាប់រដ្ធមនឬភូមា។,អាណាចក្រភ្នំមានព្រំប្រទល់ជាប់ប្រទេសដូចជា -ខាងជើងជាប់ចិន -ខាងត្បូងជាឈូងសមុទ្រខ្មែរ -ខាងកើតជាប់រដ្ឋចម្ប៉ា -ខាងលិចជាប់រដ្ឋមនឬភូមា។,6,6,4,1.0,0.9853515625,4,6,0,0
380,តើសេដ្ឋកិច្ចកម្ពុជាពឹងផ្អែកលើវិស័យអ្វីជាសំខាន់?     ក/ ហេតុអ្វីបានជាគេនិយាយថាកម្ពុជាជាប្រទេសកសិកម្ម?     ខ/ តើគេចែកកសិករជាប៉ុន្មានប្រភេទ?អ្វីខ្លះ?,សេដ្ឋកិច្ចកម្ពុជាពឹងផ្អែកលើវិស័យកសិកម្មជាសំខាន់។   ក/ បានជាគេនិយាយថាកម្ពុជាជាប្រទេសឧស្សាហកម្មព្រោះ៖  _  សណ្ឋានដី : ដីមានជីវជាតិល្អនិងសម្បូរទំនាបល្បាប់   _ ផ្លូវទឹក : ផ្លូវទឹកខ្វាត់ខ្វែងងាយស្រួលដល់ការដាំដុះ  _ ប្រជាជន : ប្រជាជនខ្មែរភាគច្រើនចូលចិត្តធ្វើកសិកម្ម  _ អាកាសធាតុ : ទទួលអាកាសធាតុក្តៅសើម  _ កសិកម្មផ្តល់ផល50%នៃផលិតផលជាតិសរុប។  ខ/ គេចែកកសិករទាំងនោះជា4ប្រភេទគឺ៖  _ កសិករធ្វើស្រែឬអ្នកស្រែ : និយមធ្វើស្រែ ស្រូវប្រាំង ស្រូវវស្សា ស្រូវឡើងទឹក  _ កសិករតំបន់ដីខ្ពស់ : គេដាំដំណាំជាអចិន្ត្រៃយ៍(ពោត ដំឡូង ចេក កៅស៊ូសណ្តែក)  _ កសិករធ្វើចម្ការដំណាំស្រូវ : គេដាំដំណាំតាមមាត់ទន្លេ ចិញ្ចឹមសត្វនិងនេសាទ  _ កសិករភូមិភាគឦសាន: គេធ្វើដំណាំព្រៃដុតមានដូចជាពោត ដំឡូង ស្រូវរុក្ខជាតិយកមើមដទៃទៀត និងបរបាញ់សត្វផងដែរ។,សេដ្ឋកិច្ចកម្ពុជាពឹងផ្អែកលើវិស័យកសិកម្មសំខាន់សំខាន់ -បានជានិយាយថាកម្ពុជាជាប្រទេសកម្មកសិកម្មព្រោះកម្ពុជាស្ថិតនៅក្នុងតំបន់ត្រូពិកដែលមានអាកាសធាតុក្តៅហើយសើមទទួលនូវរបបខ្យល់មូសុងមានភ្លៀងធ្លាក់ច្រើននោះមានកម្ដៅគ្រប់គ្រាន់សម្រាប់ដាំដុះចិញ្ចឹមសត្វព្រៃឈើ  -គេចែកកសិករ3ទាំងនោះជាដីប្រភេទ -កសិករគ្រប់ផលិតផលស្រូវអ្នកស្រែមានចំនួនច្រើនជាងគេ ធ្វើស្រូវ -កសិករនៅតំបន់ខ្ពស់:ពួកគេនេះយកមកដាំដំណាំអចិន្ត្រៃយ៍នៅតាមរដូវដូចជាសណ្តែកពោតសត្វខ្លះទៀតចេញ សត្វ។,20,5,1,0.25,0.2022705078125,1,4,0,1
381,ហេតុអ្វីបានជាផ្នែកឯកជនជាកម្លាំងដ៏សំខាន់សម្រាប់ការវិនិយោគសេដ្ឋកិច្ច?,សេដ្ឋកិច្ចកម្ពុជាពឹងផ្អែកលើវិស័យកសិកម្មជាសំខាន់ៗ 5 គឺឧស្សាហកម្មកសិកម្មពាណិជ្ជកម្មគមនាគមន៍និងទេសចរណ៍ ក៏បានជាគេនិយាយថាកម្ពុជាប្រទេសកសិកម្មនៅប្រទេសកម្ពុជាមនុស្សមួយចំនួនធំគឺធ្វើកសិកម្ម។ច្រើនសុទ្ធតែជាកសិករកម្ពុជាសម្បូរជីកសិកម្មមានជីវជាតិសម្រាប់ឲ្យយើងធ្វើកសិកម្មចិញ្ចឹមសត្វនិងការដណ្ដប់ជួយបង្កើនចំណូលជូនជាងការងារចេញនៅក្រៅប្រទេសស្ករស្រូវដំឡូងកៅស៊ូ ខ. គេចែកកសិករទាំងនេះជាបួនប្រភេទកសិករតំបន់វាលខ្ពស់កសិករធ្វើស្រែឬមិនធ្វើស្រែកសិករភូមិភាគឥសានកសិករធ្វើតែស្រែ,សេដ្ឋកិច្ចកម្ពុជាប្រុងប្រែងលើវិស័យកសិកម្មវិធីសំខាន់ក៏បានជាគេនិយាយថាកម្ពុជាជាប្រទេសកសិកម្មព្រោះប្រជាជនកម្ពុជាភាគច្រើននិយមធ្វើស្រែចម្ការ។ហើយប្រទេសកម្ពុជាមានផ្ទៃដីធំទូលាយសម្បូរដីសម្បូរដីមានជីជាតិអាកាសធាតុអំណោយផលដល់ដំណាំស្រូវនិងប្រជាជនច្រើននៅតាមជនបទដំណាំមានទីផ្សារនាំចេញនិងអាចដាំដំណាំឬធ្វើស្រែចំការសម្រាប់ចិញ្ចឹមប្រមូលផលបានច្រើនសំបូរដីសម្រាប់ដាំដុះ។ ខគេចែកកសិធម៌ទាំងនោះជាពីប្រភេទកាស៊ូឧស្សាហកម្មណាកសិកម្មកសិករឧស្សាហកម្មសម្រាប់ដំណាំដែលមានអាចយកចូលទៅធ្វើឲ្យរោងចក្របានដូចជាដំណាំកៅស៊ូអាចយកទៅធ្វើជាកង់ឡានកង់ម៉ូតូដំណាំកប្បាលសម្រាប់យកទៅធ្វើខោអាវដំណាំផ្លែឈើយកទៅធ្វើជាផ្លែឈើកំប៉ុងដំណាំឈើយកធ្វើជាគ្រូសង្ហារឹមតុទូកៅអីកសិកម្មនេសាទត្រី យកធ្វើត្រីខកំប៉ុង ធ្វើជីកំប៉ុងកសិករកសិកម្មដាំបន្លែរកត្រីនេសាទដាំដើមកៅស៊ូដាំស្រូវធ្វើចំការធ្វើអាជីវកម្មដំណាំផ្លែឈើ។,15,14,4,0.9333333333333333,0.466552734375,2,7,2,7
382,តើអ្វីជាសង្គ្រាមត្រជាក់? តើសង្គ្រាមត្រជាក់ផ្ដល់ផលវិបាកអ្វីខ្លះដល់កម្ពុជា?,សង្គ្រាមត្រជាក់គឺជាការប្រកួតប្រជែងផ្នែកមនោគមវិទ្យារវាងសេដ្ឋកិច្ចនយោធានិងបច្ចេកវិទ្យា។សង្គ្រាមមជ្ឈមណ្ឌលផលវិបាកដល់កម្ពុជាដូចជា -ការអនុវត្តនយោបាយវិទ្យាក្រឹត្យរបស់សម្ដេចនរោត្តមសីហនុមិនចោទទិសដៅ -ប្រទេសកម្ពុជាធ្លាក់ក្នុងសង្គ្រាមស៊ីវល -ខ្មែរក្រហមឡើងកាន់អំណាច -ប្រទេសកម្ពុជាមានភាពអាណាធិបតេយ្យ -សេដ្ឋកិច្ចកម្ពុជាធ្លាក់ចុះ -ប្រទេសកម្ពុជារស់នៅដែលភាពភ័យខ្លាច -រោងចក្រឧស្សាហកម្មបិទទ្វារ -បែកបាក់សាមគ្គីផ្ទៃក្នុង,សង្គ្រាមត្រជាក់ជាការប្រកួតប្រជែងផ្នែកមនោគមន៍វិទ្យារវាងប្លង់កុម្មុយនីសនិងប្លុកសេរីដែលរកកូវីឆេងផ្នែកនយោបាយសេដ្ឋកិច្ចយោធានិងបច្ចេកវិទ្យា។ +សង្គ្រាមត្រជាក់ផ្ដល់ផលវិបាកដល់កម្ពុជាដូចជា -ការអនុវត្តនយោបាយវិទ្យាក្រឹត្យរបស់សម្ដេចសីហនុមិនចំទិសដៅ -ប្រទេសកម្ពុជាធ្លាក់ក្នុងសង្គ្រាមស៊ីវិល -ប្រទេសកម្ពុជាភាពអាណាធិបតេយ្យ,10,6,2,0.6,0.54638671875,2,5,0,1
383,តើអាណាចក្រភ្នំមានព្រំប្រទល់ជាប់ប្រទេសណាខ្លះ?,អាណាចក្រភ្នំមានព្រំប្រទល់ជាប់ប្រទេសដូចជា -ខាងជើងជាប់ចិន -ខាងត្បូងជាឈូងសមុទ្រខ្មែរ -ខាងកើតជាប់រដ្ឋចម្ប៉ា -ខាងលិចជាប់រដ្ធមនឬភូមា។,អាណាចក្រភ្នំមានព្រំប្រទល់ខាងជើងជាប់នឹងប្រទេសចិន(រដ្ឋណានឆាវនិងតុងតឹង)ខាងកើតជាប់រដ្ឋចម្ប៉ា(ឈូងសមុទ្រចិន)និងខាងត្បូងជាប់និងឈូងសមុទ្រខ្មែរ(នគរភ្នំ)និងខាងលិចជាប់រដ្ឋមនឬភូមា។,6,6,4,1.0,0.984375,4,6,0,0
384,តើសង្គមខ្មែរនៅសម័យអង្គរមានប៉ុន្មានវណ្ណៈ? វណ្ណៈអ្វីខ្លះ? ចូលរៀបរាប់។,សង្គមខ្មែរនៅសម័យអង្គរមានប្រាំវណ្ណៈគឺ -វណ្ណៈក្សត្រឬរាជវង្សនុវង្ស (ជាស្ដេចគ្រប់គ្រងប្រទេស -វណ្ណៈមន្ត្រី (អ្នករស់នៅក្នុងរាជវាំងបម្រើស្ដេច) -វណ្ណៈព្រាហ្ម៍ឬបុព្វជិត​(គឺជាអ្នកបួស) -វណ្ណៈអ្នកជាឬកសិករ (អ្នករស់នៅនឹងធ្វើស្រែចម្ការ) -វណ្ណៈអ្នកងារឬទាសករ(ទាសករបម្រើគេតកូនតចៅ)។,សង្គមខ្មែរនៅសម័យអង្គរមានប្រាំវណ្ណៈគឺ -វណ្ណៈក្សត្រឬរាជវង្សានុវង្ស -វណ្ណៈមន្ត្រី -វណ្ណៈបុព្វជិត -វណ្ណៈអ្នកជា -វណ្ណៈទាសករនិងអ្នកងារ។,10,6,2,0.6,0.513671875,2,5,0,1
385,តើកម្ពុជាមានបេតិកភណ្ឌអ្វីខ្លះ ដែលបានចុះបញ្ជីបេតិកភណ្ឌរូបី និង អរូបីពិភពលោករបស់អង្គការយូណេស្កូ? ចូររៀបរាប់ឱ្យបានប្រាំ។,កម្ពុជាមានបេតិកភណ្ឌដែលបានចុះបញ្ជីបេតិកភណ្ឌរូបី និង អរូបីពិភពលោករបស់អង្គការយូណេស្កូដូចជា     +ល្ខោនខោល     +រមណីយដ្ឋានអង្គរ     +ចាប៉ីដងវែង     +ប្រាសាទព្រះវិហហារ     +ល្ខោនស្រមោលស្បែកធំ     +របាំព្រះរាជទ្រព្យ     +ក្រមាខ្មែរ     +គុនល្បុកតោ     +រមណីយដ្ឋានសម្បូរព្រៃគុក,កម្ពុជាមានបេតិកភណ្ឌដែលបានចុះបញ្ជីបេតិ កភណ្ឌរូបិយនិងអរូបិយពិភពលោករបស់ អង្គការយូណេស្កូមានដូចជា÷ -ប្រាសាទអង្គរវត្ត  -ប្រាសាទព្រះវិហារ  -របាំអប្សរា -ល្ខោនខោល -ប្រាសាទកោះកេរ្ត៌ិ។,5,5,4,1.0,0.87890625,4,4,0,1
386,ហេតុអ្វីបានជាមនុស្សស្រូបយកខ្យល់ដែលមានកាបូនម៉ណូអុកស៊ីតអាចបង្កគ្រោះថ្នាក់ដល់ស្លាប់បាន?,បានជាមនុស្សស្រូបយកខ្យល់ដែលមានកាបូនម៉ូណូអុកស៊ីដអាចបង្កឲ្យមានគ្រោះថ្នាក់ដល់ស្លាប់ បានព្រោះកាបូនម៉ូណូអុកស៊ីដមានសមត្ថភាពចាប់យក ក្នុងឈាមបានខ្លាំងជាងអុកស៊ីសែន វារារាំងឈាមមិនឲ្យដឹកនាំអុកស៊ីសែនទៅចិញ្ចឹមសរីរាង្គជាពិសេសខួរក្បាលដែលបណ្តាលឲ្យ ស្លាប់និង សន្លប់ ។,បានជាមនុស្សស្រូបយកខ្យល់ដែលមានកាបូនម៉ូណូអុកស៊ីតអាចបង្កគ្រោះថ្នាក់ដល់ស្លាប់បានគឺ ឧស្ម័នកាបូនម៉ូណូអុកស៊ីតជាឧស្ម័នពុល ។,5,4,3,0.8,0.5234375,2,3,1,1
387,តើប្រទេសកម្ពុជាចូលជាសមាជិក សហគមន៍អាស៊ីអាគ្នេយ៍ទទួលផលវិជ្ជមាននិងអវិជ្ជមានដូចម្តេចខ្លះ?,ពណ៌នាពីពីការអភិវឌ្ឍសេដ្ឋកិច្ច សង្គម នៅកម្ពុជាពីឆ្នាំ១៩៩៣ មកទល់សព្វថ្ងៃ .វិស័យសេដ្ឋកិច្ច:  +សេដ្ឋកិច្ចកម្ពុជាមានការរីកចម្រើនឡើងជាបន្តបន្ទាប់ដែលធ្វើឲ្យប្រទេសកម្ពុជាមានជីវភាពល្អប្រសើរ។ +កសិកម្មរីកចម្រើនខាងដាំដំណាំស្រូវទទួលបានទិន្នផលខ្ពស់ជាបន្តបន្ទាប់ +ឧស្សាហកម្មមានតំណាងរោងចក្រច្រើនកន្លែងនិងលើកឡើងនៅសហគ្រឿងធំៗដែលបានផ្ដល់ចំណូលដល់ប្រជាពលរដ្ឋ +ពាណិជ្ជកម្មកាលនាំចូលមកក្នុងប្រទេសនិងមានវិនិយោគក្នុងប្រទេស +គមនាគមន៍កសាងស្ពានផ្លូវថ្នល់អាកាសយានដ្ឋានផ្គត់ផ្គង់ប្រព័ន្ធទឹកពីទីក្រុងដល់ជនបទ កំពុងផែ +ហិរញ្ញវត្ថុមានស្ថេរភាពក្នុងអត្រាប្ដូរប្រាក់ +ធនាគារលើកឡើងនៅធនាគារជាតិហ្នឹងឯកជនជាច្រើន .វិស័យសង្គម +ការអប់រំសិក្សា បង្កើតសាលារៀនគ្រប់កម្រិតពីមត្តីរហូតដល់ឧត្តមសិក្សាបណ្ដុះបណ្ដាលធនធានមនុស្សនិងបញ្ជូននិស្សិតឲ្យទៅរៀននៅក្រៅប្រទេស។ +វប្បធម៌អរិយធម៌ ស្ដារវប្បធម៌ឡើងវិញនិងដាក់បញ្ចូលជាសម្បត្តិបេតិកភណ្ឌពិភពលោកចាប់ផ្ដើមប្រជាជនមានសិទ្ធិជឿលើសាសនា។ +សុខាភិបាលបង្កើតឲ្យមានមន្ទីរពេទ្យលោកសុខភាពនិងឱសថសាស្ត្រ +សិល្បៈបង្កើតឲ្យមានសាលាសាកលវិទ្យាល័យសិល្បៈ.,ប្រទេសកម្ពុជាចូលជាសមាជិក សហគមន៍អាស៊ីអាគ្នេយ៍ទទួលផលវិជ្ជមាននិងអវិជ្ជមានដូចជា +ផលវិជ្ជមាន ក/ខាងវិស័យនយោបាយ -កម្ពុជាលែងជាប្រទេសឯកោ -កម្ពុជាមានមុខមាត់ឈរបណ្ដាប្រទេសជាមួយសមាជិកអាស៊ាន -កម្ពុជាមានទំនាក់ទំនងជាមួយប្រទេសនៅបណ្ដាលតំបន់និងពិភលោក ខ/ខាងសេដ្ឋកិច្ច -កម្ពុជាជាប្រទេសទាក់ទាញភ្ញៀវទេសចរណ៍ -កម្ពុជាអាចមានការរីកចម្រើន -រីកចម្រើនខាងវិស័យសេដ្ឋកិច្ច -មានផលិតផលនាំចេញ -រីកចម្រើនខាងភ្ញៀវទេសចរបង្កើនប្រាក់ចំណូលដល់ប្រជាជន គ/ខាងសង្គម,10,5,2,0.5,0.52685546875,2,5,0,0
388,ដូចម្តេចដែលហៅថាមេយ៉ូស? ចូរនិយាយពីវគ្គផ្សេងៗនៃមេយ៉ូស។,មេយ៉ូសជាសំណុំនៃចំណែកកោសិកាពីរដងបន្តបន្ទាប់គ្នាដែលបង្កើតបានជាកោសិកាអាលូអុីតបួន ហៅថាមេយ៉ូស ។ _តេឡូផាស1 ស៊ីតូប្លាសចែកខ្លួនបានជាកោសិកាកូនពីរ ។កោសិកាកូននីមួយៗទទួលបានក្រូម៉ូសូម តែមួយពីរគូអូម៉ូឡូក ។ _ប្រផាស1 មានរយៈពេលវែង ។ _អាណាផាស1 ក្រូម៉ូសូមដំរៀបលើផ្លាស់ភ្ជាប់នឹងក្រយ៉ូងក្រូម៉ាទិចដោយសង់ក្រូងទ័ររបស់វា ។ _តេឡូផាស2 ក្រូម៉ូមនីមួយៗបានមកដល់ប៉ូលភ្នាស _មេតាផាស2 ក្រូម៉ូសូមប្រេះតាមបណ្ដោយភ្ជាប់ខ្លួនទៅនិងក្រយ៉ងក្រូម៉ាទិចដោយសង់ _ប្រូដាស2 ត្តយ៉ងអាក្រូម៉ាទិតកើតមានក្នុងកោសិកាគូនីមួយៗ _អាណាផាស2 សង់ក្រូម៉ែធ្វើចំណែកដែលនាំអោយក្រូម៉ាទិចបងប្អូនដាច់ចេញពីគ្នា ។បន្ទាប់មក ក្រូម៉ូសូមកូនទាំង2ធ្វើដំណើរឆ្ពោះទៅប៉ូលផ្ទុយគ្នារបស់ត្រយ៉ូងអាក្រូម៉ាទិច ។,មេយ៉ូសជាសំណុំនៃចំណែកកោសិកាពីរដងបន្តបន្ទាប់គ្នាដែលបង្កើតបានជាកោសិកាអាលូអុីតបួន ហៅថាមេយ៉ូស ។មានបួនវគ្គគឺ ប្រូផាស អាណាផាស មេតាផាស និង តេឡូផាស ។,10,5,2,0.5,0.463623046875,2,5,0,0
389,តើគេចែកយុគសម័យបុរេប្រវត្តិសាស្ត្រកម្ពុជាជាប៉ុន្មានយុគសម័យ?អ្វីខ្លះ?,គេចែកយុគសម័យបុរេប្រវត្តិសាស្ត្រកម្ពុជាជាបីយុគសម័យគឺ -យុគថ្មបំបែក (600000 - 12000 ឆ្នាំមុនគ.ស) -យុគថ្មរលីងឬសំលៀង (8000 - 2000 ឆ្នាំមុនគ.ស) -យុគលោហៈ(2000-100 ឆ្នាំមុនគ.ស)។,គេចែកយុគសម័យបុរេប្រវត្តិសាស្ត្រកម្ពុជាជាបីយុគសម័យគឺ -យុគថ្មបំបែក (600000 - 12000 ឆ្នាំមុនគ.ស) -យុគថ្មរលីងឬសំលៀង (8000 - 2000 ឆ្នាំមុនគ.ស) -យុគលោហៈ(2000-100 ឆ្នាំមុនគ.ស)។,5,5,4,1.0,0.9912109375,4,5,0,0
390,តើកត្តាអ្វីខ្លះដែលធ្វើអោយសម័យអង្គររីកចម្រើនដល់កំពូល?​ ចូលរៀបរាប់។,កត្តាដែលធ្វើអោយសម័យអង្គររីកចម្រើនគឺ: កត្តាព្រះរាជា:ព្រះរាជាចាប់ពីព្រះបាទជ័យវរ្ម័នទី 2 រហូតដល់ព្រះបាទជ័យវរ្ម័នទី 7 សុទ្ធតែជាស្ដេចខ្លាំងពូកែ កត្តានយោបាយ: នយោបាយក្នុងប្រទេសបង្រួបបង្រួមជាតិកសាងនិងការពារទឹកដី នយោបាយក្រៅប្រទេស:ចងសម្ព័ន្ធមិត្តជាមួយប្រទេសធំៗវាយយករដ្ឋតូចដាក់ជាចំណុះ កត្តាសេដ្ឋកិច្ច:រីកចម្រើនលើវិស័យកសិកម្មសិប្បកម្មគណនាគម កត្តាសាសនា:ការឯកភាពគ្នារវាងសាសនាព្រាហ្មនិងព្រះពុទ្ធ កត្តាធនធានមនុស្សបន្សល់ទុកតាំងពីសម័យនគរភ្នំនិងចេនឡាមក។,កត្តាដែលធ្វើអោយសម័យអង្គររីកចម្រើនគឺ: .កត្តាព្រះរាជា:ព្រះរាជាចាប់ពីព្រះបាទជ័យវរ្ម័នទី 2 រហូតដល់ព្រះបាទជ័យវរ្ម័នទី 7 សុទ្ធសឹងតែជាស្ដេចខ្លាំងពូកែ .កត្តានយោបាយ: +នយោបាយក្នុងប្រទេស:បង្រួបបង្រួម​ កសាង និងការពារ។ +នយោបាយក្រៅប្រទេស:ចងសម្ព័ន្ធមិត្តជាមួយប្រទេសធំៗដូចជាចិននិងឥណ្ឌា និងវាយយករដ្ឋតូចដាក់ជាចំណុះ .កត្តាសេដ្ឋកិច្ច:ការរីកចម្រើនលើវិស័យកសិកម្ម សិប្បកម្ម គណនាគមន៍ .កត្តាសាសនា:មានការឯកភាពគ្នារវាងសាសនាព្រាហ្មនិងព្រះពុទ្ធ .កត្តាធនធានមនុស្សបន្សល់ទុកតាំងពីសម័យនគរភ្នំនិងចេនឡាមក។,10,10,4,1.0,0.98486328125,4,10,0,0
391,តើសេដ្ឋកិច្ចកម្ពុជាពឹងផ្អែកលើវិស័យអ្វីជាសំខាន់?     ក/ ហេតុអ្វីបានជាគេនិយាយថាកម្ពុជាជាប្រទេសកសិកម្ម?     ខ/ តើគេចែកកសិករជាប៉ុន្មានប្រភេទ?អ្វីខ្លះ?,សេដ្ឋកិច្ចកម្ពុជាពឹងផ្អែកលើវិស័យកសិកម្មជាសំខាន់។   ក/ បានជាគេនិយាយថាកម្ពុជាជាប្រទេសឧស្សាហកម្មព្រោះ៖  _  សណ្ឋានដី : ដីមានជីវជាតិល្អនិងសម្បូរទំនាបល្បាប់   _ ផ្លូវទឹក : ផ្លូវទឹកខ្វាត់ខ្វែងងាយស្រួលដល់ការដាំដុះ  _ ប្រជាជន : ប្រជាជនខ្មែរភាគច្រើនចូលចិត្តធ្វើកសិកម្ម  _ អាកាសធាតុ : ទទួលអាកាសធាតុក្តៅសើម  _ កសិកម្មផ្តល់ផល50%នៃផលិតផលជាតិសរុប។  ខ/ គេចែកកសិករទាំងនោះជា4ប្រភេទគឺ៖  _ កសិករធ្វើស្រែឬអ្នកស្រែ : និយមធ្វើស្រែ ស្រូវប្រាំង ស្រូវវស្សា ស្រូវឡើងទឹក  _ កសិករតំបន់ដីខ្ពស់ : គេដាំដំណាំជាអចិន្ត្រៃយ៍(ពោត ដំឡូង ចេក កៅស៊ូសណ្តែក)  _ កសិករធ្វើចម្ការដំណាំស្រូវ : គេដាំដំណាំតាមមាត់ទន្លេ ចិញ្ចឹមសត្វនិងនេសាទ  _ កសិករភូមិភាគឦសាន: គេធ្វើដំណាំព្រៃដុតមានដូចជាពោត ដំឡូង ស្រូវរុក្ខជាតិយកមើមដទៃទៀត និងបរបាញ់សត្វផងដែរ។,សេដ្ឋកិច្ចកម្ពុជាពឹងផ្អែកលើវិស័យកសិកម្មសំខាន់។  ក/ បានជាគេនិយាយថា កម្ពុជាជាប្រទេសកសិកម្មព្រោះខ្មែរយើងពីដើមនិយមធ្វើកសិកម្ម ដូចជា ដាំស្រូវ ដាំពោត ដាំចម្ការកៅស៊ូ ដាំដំឡូង។  ខ/ គេចែកកសិករទាំងនោះជា3ប្រភេទគឺ   _ កសិករនៅតំបន់ដីខ្ពស់ : ដំណាំអចិន្ត្រៃយ៍ឬតាមរដូវដូចជា ពោត ដំឡូង សណ្ដែក ឈូក   _ កសិករធ្វើចម្ការឬកសិករមិនដាំស្រូវដំណាំផ្សេងៗតាមមាត់ទន្លេ ស្ទឹងទីទួលនានា ដូចជាថ្នាំជក់ បន្លែ ផ្កា។   _ កសិករភូមិភាគឦសាន : ដាំដំណាំព្រៃដុតមាន ស្រូវ ដំឡូង និងរុក្ខជាតិផ្ដល់មើមផ្សេងៗស្វែងរកអុសនិងព្រៃឈើ។,20,9,2,0.45,0.31982421875,1,6,1,3
392,តើកម្ពុជាមានបេតិកភណ្ឌអ្វីខ្លះ ដែលបានចុះបញ្ជីបេតិកភណ្ឌរូបី និង អរូបីពិភពលោករបស់អង្គការយូណេស្កូ? ចូររៀបរាប់ឱ្យបានប្រាំ។,កម្ពុជាមានបេតិកភណ្ឌដែលបានចុះបញ្ជីបេតិកភណ្ឌរូបី និង អរូបីពិភពលោករបស់អង្គការយូណេស្កូដូចជា     +ល្ខោនខោល     +រមណីយដ្ឋានអង្គរ     +ចាប៉ីដងវែង     +ប្រាសាទព្រះវិហហារ     +ល្ខោនស្រមោលស្បែកធំ     +របាំព្រះរាជទ្រព្យ     +ក្រមាខ្មែរ     +គុនល្បុកតោ     +រមណីយដ្ឋានសម្បូរព្រៃគុក,កម្ពុជាមានបេតិកភណ្ឌដែលបានចុះបញ្ជីបេតិ កភណ្ឌរូបិយនិងអរូបិយពិភពលោករបស់ អង្គការយូណេស្កូមានដូចជា÷ -រមណីយដ្ឋានប្រាសាទអង្គរវត្ត  -ប្រាសាទព្រះវិហារ  -ប្រាសាទសំបូរព្រៃគុក -ល្ខោនស្បែក -ចាប៉ីដងវែង។,5,5,4,1.0,0.92138671875,4,5,0,0
393,តើសេដ្ឋកិច្ចកម្ពុជាពឹងផ្អែកលើវិស័យអ្វីជាសំខាន់?     ក/ ហេតុអ្វីបានជាគេនិយាយថាកម្ពុជាជាប្រទេសកសិកម្ម?     ខ/ តើគេចែកកសិករជាប៉ុន្មានប្រភេទ?អ្វីខ្លះ?,សេដ្ឋកិច្ចកម្ពុជាពឹងផ្អែកលើវិស័យកសិកម្មជាសំខាន់។   ក/ បានជាគេនិយាយថាកម្ពុជាជាប្រទេសឧស្សាហកម្មព្រោះ៖  _  សណ្ឋានដី : ដីមានជីវជាតិល្អនិងសម្បូរទំនាបល្បាប់   _ ផ្លូវទឹក : ផ្លូវទឹកខ្វាត់ខ្វែងងាយស្រួលដល់ការដាំដុះ  _ ប្រជាជន : ប្រជាជនខ្មែរភាគច្រើនចូលចិត្តធ្វើកសិកម្ម  _ អាកាសធាតុ : ទទួលអាកាសធាតុក្តៅសើម  _ កសិកម្មផ្តល់ផល50%នៃផលិតផលជាតិសរុប។  ខ/ គេចែកកសិករទាំងនោះជា4ប្រភេទគឺ៖  _ កសិករធ្វើស្រែឬអ្នកស្រែ : និយមធ្វើស្រែ ស្រូវប្រាំង ស្រូវវស្សា ស្រូវឡើងទឹក  _ កសិករតំបន់ដីខ្ពស់ : គេដាំដំណាំជាអចិន្ត្រៃយ៍(ពោត ដំឡូង ចេក កៅស៊ូសណ្តែក)  _ កសិករធ្វើចម្ការដំណាំស្រូវ : គេដាំដំណាំតាមមាត់ទន្លេ ចិញ្ចឹមសត្វនិងនេសាទ  _ កសិករភូមិភាគឦសាន: គេធ្វើដំណាំព្រៃដុតមានដូចជាពោត ដំឡូង ស្រូវរុក្ខជាតិយកមើមដទៃទៀត និងបរបាញ់សត្វផងដែរ។,សេដ្ឋកិច្ចកម្ពុជាពឹងផ្អែកលើវិស័យកសិកម្មសំខាន់ ក- ប្រទេសកម្ពុជាជាប្រទេសកសិកម្មពីព្រោះ -ផ្ទៃដីកម្ពុជាអំណោយផលដល់កសិកម្មគ្រប់ប្រភេទមានវាលទំនាបខ្ពង់រាបអាកាសធាតុទៀងទាត់ខ្យល់មូសុងដែលមានសំណើមនូវកម្ដៅគ្រប់គ្រាន់(ផ្ទៃដីកសិកម្មមាន៩០%) -ប្រជាជនធ្វើកសិកម្មច្រើនតែជួយផ្ដល់ការងារដល់ប្រជាជន(កសិករមាន៧២.៣%) -ជួយដល់សេដ្ឋកិច្ចគ្រួសារនិងជាតិ -សម្រាប់ផ្គត់ផ្គង់ក្នុងស្រុកនិងសសម្រាប់នាំចេញ  -ស្រូវជាអាហារចាំបាច់សម្រាប់ប្រជាជន -ផ្ដល់នូវវត្ថុធាតុដើមសម្រាប់ឧស្សាហកម្ម(កៅស៊ូដំឡូង..) -ការបន្ថយការធ្វើចលនាបម្លាស់ទីលំនៅរបស់ប្រជាជន(កសិកម្មនៅជនបទស្រាប់)...។ ខ.គេចែកកសិករទាំងនោះជាបួនប្រភេទ -កសិករអនុផលព្រៃឈើ(កៅស៊ូ វល្លិ៍ ផ្ដៅ…) -កសិករចិញ្ចឹមត្រី(វារីវប្បកម្មនិងនេសាទ) -កសិករចិញ្ចឹមសត្វ (គោ ជ្រូក ទា…) -កសិករដាំដំណាំ(ស្រូវ ពោត សណ្តែក…)។,20,10,2,0.5,0.470947265625,2,9,0,1
394,តើប្រព័ន្ធផលិតកម្មកសិកម្មនៅក្នុងប្រទេសកម្ពុជាមានអ្វីខ្លះ?ចូររៀបរាប់​ ។,ប្រព័ន្ធផលិតកម្មកសិកម្មនៅប្រទេសកម្ពុជាមាន៖    _ ដំណាំ : ដំណាំស្រូវ ដំណាំកៅស៊ូ ដំណាំផ្សេងៗទៀត    _ ការចិញ្ចឹមសត្វ : ការចិញ្ចឹមសត្វលើគោក ការចិញ្ចឹមសត្វក្នុងទឹក    _ ការនេសាទ : ការនេសាទទឹកសាប ការនេសាទទឹកប្រៃ  _ ព្រៃឈើ : ផលិតផលឈើ អនុផលព្រៃឈើ(រកឃ្មុំ ជ័រទឹក វល្លិ៍ ផ្តៅ) សត្វព្រៃ ។,ប្រព័ន្ធផលិតកម្មកសិកម្មនៅប្រទេសកម្ពុជាមាន៖    _ ដំណាំ : ដំណាំស្រូវ ដំណាំកៅស៊ូ ដំណាំផ្សេងៗទៀត    _ ការចិញ្ចឹមសត្វ : ការចិញ្ចឹមសត្វលើគោក ការចិញ្ចឹមសត្វក្នុងទឹក    _ ការនេសាទ : ការនេសាទទឹកសាប ការនេសាទទឹកប្រៃ  _ ព្រៃឈើ : ផលិតផលឈើ អនុផលព្រៃឈើ(រកឃ្មុំ ជ័រទឹក វល្លិ៍ ផ្តៅ) សត្វព្រៃ ។,10,10,4,1.0,0.94140625,4,9,0,1
395,តើកត្តាអ្វីខ្លះដែលធ្វើអោយសម័យអង្គររីកចម្រើនដល់កំពូល?​ ចូលរៀបរាប់។,កត្តាដែលធ្វើអោយសម័យអង្គររីកចម្រើនគឺ: កត្តាព្រះរាជា:ព្រះរាជាចាប់ពីព្រះបាទជ័យវរ្ម័នទី 2 រហូតដល់ព្រះបាទជ័យវរ្ម័នទី 7 សុទ្ធតែជាស្ដេចខ្លាំងពូកែ កត្តានយោបាយ: នយោបាយក្នុងប្រទេសបង្រួបបង្រួមជាតិកសាងនិងការពារទឹកដី នយោបាយក្រៅប្រទេស:ចងសម្ព័ន្ធមិត្តជាមួយប្រទេសធំៗវាយយករដ្ឋតូចដាក់ជាចំណុះ កត្តាសេដ្ឋកិច្ច:រីកចម្រើនលើវិស័យកសិកម្មសិប្បកម្មគណនាគម កត្តាសាសនា:ការឯកភាពគ្នារវាងសាសនាព្រាហ្មនិងព្រះពុទ្ធ កត្តាធនធានមនុស្សបន្សល់ទុកតាំងពីសម័យនគរភ្នំនិងចេនឡាមក។,កត្តាដែលធ្វើអោយសម័យអង្គររីកចម្រើនគឺ: កត្តាព្រះរាជា:ព្រះរាជាចាប់ពីព្រះបាទជ័យវរ្ម័នទី 2 រហូតដល់ព្រះបាទជ័យវរ្ម័នទី 7 សុទ្ធសឹងតែជាស្ដេចខ្លាំងពូកែ កត្តានយោបាយ: នយោបាយក្នុងប្រទេសបង្រួបបង្រួមជាតិកសាងនិងការពារទឹកដី នយោបាយក្រៅប្រទេស:ចងសម្ព័ន្ធមិត្តជាមួយប្រទេសធំៗវាយយករដ្ឋតូចដាក់ជាចំណុះ កត្តាសេដ្ឋកិច្ច:រីកចម្រើនលើវិស័យកសិកម្មសិប្បកម្មគណនាគមន៍ កត្តាសាសនា:ការឯកភាពគ្នារវាងសាសនាព្រាហ្មនិងព្រះពុទ្ធ កត្តាធនធានមនុស្ស:មនុស្សបន្សល់ទុកតាំងពីសម័យនគរភ្នំនិងចេនឡាមក។,10,10,4,1.0,0.9853515625,4,10,0,0
396,តើឧស្សាហកម្មមានតួនាទីចំពោះសេដ្ឋកិច្ចជាតិយ៉ាងដូចម្ដេច?,ឧស្សាហកម្មមានតួនាទីសម្រាប់សេដ្ឋកិច្ចជាតិដូចជា -ជួយបង្កើតប្រាក់ចំណូលចូលជាតិ -បង្កើតការងារដល់ប្រជាជន -បង្កើតប្រាក់ចំណូលចូលក្នុងគ្រួសារ -ប្រជាជនមានជីវភាពធូរធារ -ជួយរក្សាជញ្ជីងពាណិជ្ជកម្ម -ជួយបង្កើតទិន្នផលសម្រាប់ការនាំចេញនាំចូល -បង្កើននូវសង្ឃភារៈសម្រាប់ប្រើប្រាស់។,ឧស្សាហកម្មមានតួនាទីចំពោះសេដ្ឋកិច្ចជាតិដូចជា៖ -ជួយបង្កើតប្រាក់ចំណូលចូលជាតិ២៣.៨%ឆ្នាំ២០០៨ -បង្កើតការងារជូនប្រជាជន -ផ្ដល់ប្រាក់ចំណូលក្នុងគ្រួសារ -ប្រជាជនមានជីវភាពធូរធារ -ជួយថែរក្សាលំនឹងជញ្ជីងពាណិជ្ជកម្ម -ផ្ដល់ផលិតផលសម្រាប់នាំចេញ -ផ្ដល់ផលិតផលសម្រាប់ប្រើប្រាស់។,15,12,3,0.8,0.94287109375,4,14,1,2
397,ចូរពណ៏នាពីការអភិវឌ្ឍសេដ្ឋកិច្ច សង្គម នៅកម្ពុជាពីឆ្នាំ១៩៩៣ មកទល់សព្វថ្ងៃ?,ការអភិវឌ្ឈនៅកម្ពុជា +វិស័យសេដ្ឋកិច្ច -ជួយជំរុញវិស័យកសិកម្ម ឧស្សាហកម្ម ពាណិជ្ជកម្ម ទេសចរណ៌ មានការអភិវឌ្ឈ -មានកំណើនការវិនិយោគពីឯកជនបង្កើតទុនបរទេស -មានទំនាក់ទំនងពាណិជ្ជកម្មអន្តរជាតិជាមួយអាស៊ាននិងមហាអំណាចធំៗ -មានកំណើនភ្ញៀវទេសចរណ៌ជាតិនិងអន្តរជាតិ ផ្ដល់ចំណូលដល់ប្រជាជន -កសាងហេដ្ឋារចនាសម្ព័ន្ធ មានផ្លូវថ្នល់ ស្ពានដែក កំពង់ផែ អាកាសយាន្តដ្ឋាន ដោយបំពាក់ប្រព័ន្ធទឹកភ្លើងពីទីក្រុងទៅជនបទ +វិស័យសង្គម -មានការទប់ស្កាត់សង្គ្រាម -លើកស្ទួយការគោរពសិទ្ធិមនុស្ស -ទប់ស្កាត់អំពើពុករលួយ -ធ្វើឱ្យរដ្ឋាភិបាលមានលទ្ធភាពសម្រេចផែនការនានាតាមការកំណត់ -ជួយឱ្យមានរក្សាសន្តិភាព សុខសុវត្ថិភាព -មានការអភិវឌ្ឈសាលារៀន មន្ទីរពេទ្យ -មានសមភាពយែនឌ័រក្នុងសង្គម -កម្ពុជារៀបចំកម្មវិធីធំៗថ្នាក់ជាតិ។,ពណ៌នាពីការអភិវឌ្ឍសេដ្ឋកិច្ចសង្គមនៅកម្ពុជាពីឆ្នាំ 1993 មកទល់សព្វថ្ងៃ +នយោបាយឈ្នះ -នយោបាយឈ្នះបានធ្វើឲ្យរាជរដ្ឋាភិបាលបានដាក់ចេញនូវយុទ្ធសាស្ត្រត្រីកោណនិងយុទ្ធសាស្ត្រចតុកោណក្នុងការអភិវឌ្ឍសង្គមតាមរយៈកំណែទម្រង់សាធារណៈ វិមជ្ឈការកំណែទម្រង់ច្បាប់និងប្រព័ន្ធតុលាការសន្តិភាពនយោបាយហិរញ្ញវត្ថុលុបបំបាត់អំពើពុករលួយការគ្រប់គ្រងធនធានធម្មជាតិប្រកបដោយចីរភាព។ +សេដ្ឋកិច្ច -បង្កើតទំនាក់ទំនងពាណិជ្ជកម្មអន្តរជាតិអាស៊ាននិងមហាអំណាចធំៗលើពិភពលោក -អនុវត្តសេដ្ឋកិច្ចទីផ្សារសេរីកម្ពុជាក្លាយជាកន្លែងវិនិយោគទុនដ៏ទាក់ទាញ -ជំរុញនិងលើកទឹកចិត្តការវិនិយោគពីឯកជនបង្កើតទន់បរទេស -ធ្វើអោយអត្រាប្ដូរប្រាក់មានស្ថិរភាព +វិស័យសង្គម -ធ្វើឱ្យមានសមត្ថផលជាច្រើនកើតឡើងដូចជា -កសាងសាលារៀនពីមតេយ្យសិក្សាដល់សាកលវិទ្យាល័យ -កសាងមន្ទីរពេទ្យផ្លូវថ្នល់ស្ពានប្រព័ន្ធធារាសាស្រ្តជាពិសេសសេដ្ឋកិច្ចមានការរីកចម្រើន -ប្រជាជនមានជីវភាពកាន់តែប្រសើរ +ការអនុវត្តច្បាប់,10,9,4,0.9,0.95703125,4,10,0,1
398,ចូរនិយាយពីកំណកាម៉ែតញី។,ការស្ថិតនៅក្រោមសារពាង្គកាយនៃពងស្វាសមានសារៈសំខាន់ដូចជាដើម្បីរក្សាសីតុណ្ហភាពឲ្យ ទាបជាងសីតុណ្ហភាពក្នុងខ្លួន ប្រហែលពី(2-3)សីតុណ្ហភាពក្នុងខ្លួន37 ។,កំណកាម៉ែនញី ដំបូងកោសិកាពូជមួយរកចម្ងាយពីរដងទម្លាប់គ្នាបានកោសិកាអូវ៉ូកូនី4 ។ អូវុលរីកមាឌក្លាយជាអូវូស៊ីត1 ។អូវ៉ូស៊ីតមួយរងចំណែកមួយនៃមេយ៉ូសហើយត្រូវបានជាប់គាំងនៅចុង វគ្គមួយ ។,10,5,2,0.5,0.419677734375,2,4,0,1
399,តើប្រព័ន្ធផលិតកម្មកសិកម្មនៅប្រទេសកម្ពុជាមានអ្វីខ្លះ?,ប្រព័ន្ធផលិតកម្មកសិកម្មនៅកម្ពុជាមានដូចជាដំណាំដំណាំស្រូវនិងកៅស៊ូដឹកនាំផ្សេងៗទៀតការចិញ្ចឹមសត្វបានចិញ្ចឹមសត្វលើគោកការចិញ្ចឹមសត្វក្នុងទឹកការនេសាទការនេសាទទឹកសាបការនេសាទទឹកប្រៃ  ព្រៃឈើអនុផលព្រៃឈើរកឃ្មុំជ័រទឹកក្តៅសត្វព្រៃ,ប្រព័ន្ធផលិតកម្មកសិកម្មនៅប្រទេសកម្ពុជាមានដូចជាការនាំចេញនាំចូលផលិតការធ្វើស្រែចម្ការដំណាំស្រូវការដំណាំបន្លែនានាការនាំចេញផលិតផលទៅក្រៅប្រទេសការធ្វើអាជីវកម្មក្នុងស្រុកនឹងត្រូវស្រុក។ការធ្វើសេដ្ឋកិច្ចទីផ្សារដើម្បីអភិវឌ្ឍន៍ខ្ពស់។,15,2,1,0.13333333333333333,0.2001953125,1,3,0,1
400,តើប្រព័ន្ធផលិតកម្មកសិកម្មនៅប្រទេសកម្ពុជាមានអ្វីខ្លះ?,ប្រព័ន្ធផលិតកម្មកសិកម្មនៅកម្ពុជាមានដូចជាដំណាំដំណាំស្រូវនិងកៅស៊ូដឹកនាំផ្សេងៗទៀតការចិញ្ចឹមសត្វបានចិញ្ចឹមសត្វលើគោកការចិញ្ចឹមសត្វក្នុងទឹកការនេសាទការនេសាទទឹកសាបការនេសាទទឹកប្រៃ  ព្រៃឈើអនុផលព្រៃឈើរកឃ្មុំជ័រទឹកក្តៅសត្វព្រៃ,ប្រព័ន្ធផលិតកម្មកសិកម្មនៅកម្ពុជាមានដូចជាដំណាំដំណាំស្រូវនិងកៅស៊ូដឹកនាំផ្សេងៗទៀតការចិញ្ចឹមសត្វបានចិញ្ចឹមសត្វលើគោកការចិញ្ចឹមសត្វក្នុងទឹកការនេសាទការនេសាទទឹកសាបការនេសាទទឹកប្រៃ  ព្រៃឈើអនុផលព្រៃឈើរកឃ្មុំជ័រទឹកក្តៅសត្វព្រៃ,15,15,4,1.0,0.685546875,3,10,1,5
401,តើអាណាចក្រភ្នំមានព្រំប្រទល់ជាប់ប្រទេសណាខ្លះ?,អាណាចក្រភ្នំមានព្រំប្រទល់ជាប់ប្រទេសដូចជា -ខាងជើងជាប់ចិន -ខាងត្បូងជាឈូងសមុទ្រខ្មែរ -ខាងកើតជាប់រដ្ឋចម្ប៉ា -ខាងលិចជាប់រដ្ធមនឬភូមា។,អាណាចក្រភ្នំមានព្រំប្រទល់ជាប់ប្រទេសដូចជា -ខាងជើងជាប់ចិន -ខាងត្បូងជាឈូងសមុទ្រខ្មែរ -ខាងកើតជាប់រដ្ឋចម្ប៉ា -ខាងលិចជាប់រដ្ឋមនឬភូមា។,6,6,4,1.0,0.9853515625,4,6,0,0
402,តើកត្តាអ្វីខ្លះដែលធ្វើអោយសម័យអង្គររីកចម្រើនដល់កំពូល?​ ចូលរៀបរាប់។,កត្តាដែលធ្វើអោយសម័យអង្គររីកចម្រើនគឺ: កត្តាព្រះរាជា:ព្រះរាជាចាប់ពីព្រះបាទជ័យវរ្ម័នទី 2 រហូតដល់ព្រះបាទជ័យវរ្ម័នទី 7 សុទ្ធតែជាស្ដេចខ្លាំងពូកែ កត្តានយោបាយ: នយោបាយក្នុងប្រទេសបង្រួបបង្រួមជាតិកសាងនិងការពារទឹកដី នយោបាយក្រៅប្រទេស:ចងសម្ព័ន្ធមិត្តជាមួយប្រទេសធំៗវាយយករដ្ឋតូចដាក់ជាចំណុះ កត្តាសេដ្ឋកិច្ច:រីកចម្រើនលើវិស័យកសិកម្មសិប្បកម្មគណនាគម កត្តាសាសនា:ការឯកភាពគ្នារវាងសាសនាព្រាហ្មនិងព្រះពុទ្ធ កត្តាធនធានមនុស្សបន្សល់ទុកតាំងពីសម័យនគរភ្នំនិងចេនឡាមក។,កត្តាដែលធ្វើអោយសម័យអង្គររីកចម្រើនគឺ: .កត្តាព្រះរាជា:ព្រះរាជាចាប់ពីព្រះបាទជ័យវរ្ម័នទី 2 រហូតដល់ព្រះបាទជ័យវរ្ម័នទី 7 សុទ្ធសឹងតែជាស្ដេចខ្លាំងពូកែ .កត្តានយោបាយ: +នយោបាយក្នុងប្រទេស:បង្រួបបង្រួម​ កសាង និងការពារ។ +នយោបាយក្រៅប្រទេស:ចងសម្ព័ន្ធមិត្តជាមួយប្រទេសធំៗដូចជាចិននិងឥណ្ឌា និងវាយយករដ្ឋតូចដាក់ជាចំណុះ .កត្តាសេដ្ឋកិច្ច:ការរីកចម្រើនលើវិស័យកសិកម្ម សិប្បកម្ម គណនាគមន៍ .កត្តាសាសនា:មានការឯកភាពគ្នារវាងសាសនាព្រាហ្មនិងព្រះពុទ្ធ .កត្តាធនធានមនុស្សបន្សល់ទុកតាំងពីសម័យនគរភ្នំនិងចេនឡាមក។,10,10,4,1.0,0.98486328125,4,10,0,0
403,តើឧស្សាហកម្មមានតួនាទីដូចម្ដេចខ្លះចំពោះសេដ្ឋកិច្ចជាតិ?,ឧស្សាហកម្មមាន​តួនាទីចំពោះសេដ្ឋកិច្ចជាតិដូចជា ៖ ​ _ ជួយបង្កើតថវិការជាតិ ​ _ ជួយបង្កើតទិន្នផលជាតិ ​​ _ ជួយឲ្យសេដ្ឋកិច្ចជាតិរីកចម្រើន  _ ប្រជាជនសំបូរធូរធារ  _អភិវឌ្ឍគ្រប់វិស័យ  _ មានទំនាក់ទំនងល្អជាមួយអ្នកជិតខាង  _ មានភាពរុងរឿងនៅក្នុងប្រទេសជាតិ។,ឧស្សាហកម្មមានតួនាទីចំពោះសេដ្ឋកិច្ចព្រោះ៖  _ ផ្ដល់ប្រាក់កម្រៃ ជីវភាពរស់  _ ផ្ដល់ចំណូលចូលសេដ្ឋកិច្ច  _ ប្រជាជនមានការងារធ្វើ  _ សង្គមរីកចម្រើនគ្រប់វិស័យ  _ មានការវិនិយោគទុន  _ សម្បូរការដាំដុះ។,15,15,4,1.0,0.9296875,4,14,0,1
404,តើប្រព័ន្ធផលិតកម្មកសិកម្មនៅក្នុងប្រទេសកម្ពុជាមានអ្វីខ្លះ?ចូររៀបរាប់​ ។,ប្រព័ន្ធផលិតកម្មកសិកម្មនៅប្រទេសកម្ពុជាមាន៖    _ ដំណាំ : ដំណាំស្រូវ ដំណាំកៅស៊ូ ដំណាំផ្សេងៗទៀត    _ ការចិញ្ចឹមសត្វ : ការចិញ្ចឹមសត្វលើគោក ការចិញ្ចឹមសត្វក្នុងទឹក    _ ការនេសាទ : ការនេសាទទឹកសាប ការនេសាទទឹកប្រៃ  _ ព្រៃឈើ : ផលិតផលឈើ អនុផលព្រៃឈើ(រកឃ្មុំ ជ័រទឹក វល្លិ៍ ផ្តៅ) សត្វព្រៃ ។,ប្រព័ន្ធផលិតកម្មកសិកម្មនៅប្រទេសកម្ពុជាមាន៖    _ ដំណាំ : ដំណាំស្រូវ ដំណាំកៅស៊ូ ដំណាំផ្សេងៗទៀត    _ ការចិញ្ចឹមសត្វ : ការចិញ្ចឹមសត្វលើគោក ការចិញ្ចឹមសត្វក្នុងទឹក    _ ការនេសាទ : ការនេសាទក្នុងទឹកសាប ការនេសាទក្នុងទឹកប្រៃ  _ ព្រៃឈើ : ផលិតផលឈើ អនុផលព្រៃឈើ(ឃ្មុំ ជ័រទឹក វល្លិ៍ ផ្តៅ) សត្វព្រៃ ។,10,10,4,1.0,0.9365234375,4,9,0,1
405,តើមូលហេតុអ្វីបានជាព្រះបាទពញាយ៉ាត ជ្រើសរើសយកចតុមុខធ្វើជារាជធានី?,បានជាព្រះបាទពញាយ៉ាតជ្រើសរើសក្រុងចតុមុខជារាជធានីព្រោះ មានទីតាំងភូមិសាស្ត្រល្អ គេចពីសត្រូវឈ្លានពានសៀម ដីមានជីវជាតិងាយស្រួលក្នុងការធ្វើកសិកម្ម ជាទីប្រសព្វនៃជំនួសទាំងផ្លូវគោកនិងផ្លូវទឹក សម្បូរផ្លូវក្នុងការធ្វើកសិកម្មនិងជំនួញ ភាពខាងត្បូងដីមានប្រជាជនច្រើននិងធនធានដើម្បីកសាងសេដ្ឋកិច្ចជាតិ។,បានជាព្រះបាទពញាយ៉ាតជ្រើសរើសយកចតុមុខធ្វើជារាជធានីពីព្រោះជាទីតាំងដែលមានទន្លេបួនជាប់គ្នាទន្លេមេគង្គទន្លេសាបទន្លេបាសាក់និងទន្លេចតុមុខងាយស្រួលពាណិជ្ជកម្ម មានសុវត្ថិភាពខ្ពស់ជាងអង្ករ ជាការវាយប្រហារអស់សត្រូវ ងាយស្រួលក្នុងការការពារប្រទេស ជាកន្លែងមានដីសម្បូរបែបនិងអាចអភិវឌ្ឍទីក្រុងបានល្អ។,10,9,4,0.9,0.82958984375,3,8,1,1
406,តើកត្តាអ្វីខ្លះដែលធ្វើអោយសម័យអង្គររីកចម្រើនដល់កំពូល?​ ចូលរៀបរាប់។,កត្តាដែលធ្វើអោយសម័យអង្គររីកចម្រើនគឺ: កត្តាព្រះរាជា:ព្រះរាជាចាប់ពីព្រះបាទជ័យវរ្ម័នទី 2 រហូតដល់ព្រះបាទជ័យវរ្ម័នទី 7 សុទ្ធតែជាស្ដេចខ្លាំងពូកែ កត្តានយោបាយ: នយោបាយក្នុងប្រទេសបង្រួបបង្រួមជាតិកសាងនិងការពារទឹកដី នយោបាយក្រៅប្រទេស:ចងសម្ព័ន្ធមិត្តជាមួយប្រទេសធំៗវាយយករដ្ឋតូចដាក់ជាចំណុះ កត្តាសេដ្ឋកិច្ច:រីកចម្រើនលើវិស័យកសិកម្មសិប្បកម្មគណនាគម កត្តាសាសនា:ការឯកភាពគ្នារវាងសាសនាព្រាហ្មនិងព្រះពុទ្ធ កត្តាធនធានមនុស្សបន្សល់ទុកតាំងពីសម័យនគរភ្នំនិងចេនឡាមក។,កត្តាដែលធ្វើអោយសម័យអង្គររីកចម្រើនគឺ: កត្តាព្រះរាជា:ព្រះរាជាចាប់ពីព្រះបាទជ័យវរ្ម័នទី 2 រហូតដល់ព្រះបាទជ័យវរ្ម័នទី 7 សុទ្ធសឹងតែជាស្ដេចខ្លាំងពូកែ កត្តានយោបាយ: នយោបាយក្នុងប្រទេស:បង្រួបបង្រួម​ កសាង និងការពារ។ នយោបាយក្រៅប្រទេស:ចងសម្ព័ន្ធមិត្តជាមួយប្រទេសធំៗដូចជាចិននិងឥណ្ឌា និងវាយយករដ្ឋតូចដាក់ជាចំណុះ កត្តាសេដ្ឋកិច្ច:ការរីកចម្រើនលើវិស័យកសិកម្ម សិប្បកម្ម គណនាគមន៍ កត្តាសាសនា:មានការឯកភាពគ្នារវាងសាសនាព្រាហ្មនិងព្រះពុទ្ធ កត្តាធនធានមនុស្សបន្សល់ទុកតាំងពីសម័យនគរភ្នំនិងចេនឡាមក។,10,10,4,1.0,0.98486328125,4,10,0,0
407,ចូររៀបរាប់អំពីទំនាក់ទំនងរវាងការដាំដុះអាជីវកម្មព្រៃឈើនិងនេសាទ។,ទំនាក់ទំនងរវាង ការដាំដុះអាជីវកម្មព្រៃឈើ និងការនេសាទ៖  _ ការដាំដុះអាជីវកម្មព្រៃឈើ និងការនេសាទ ជាភោគទ្រព្យយ៉ាងសំខាន់សម្រាប់ប្រជាជនក្នុងការទ្រទ្រង់ក្នុងជីវភាពរស់នៅនិងការអភិវឌ្ឍន៍ប្រទេសជាតិ   _ ដើម្បីបំពេញតម្រូវការក្នុងកសិកម្មផលិតកម្មនិងត្រូវការផ្សេងៗ មនុស្សនាំគ្នាកាប់ព្រៃឈើដើម្បីធ្វើអាជីវកម្មព្រៃឈើជាមូលហេតុធ្វើឲ្យអាកាសធាតុប្រែប្រួលប៉ះពាល់ដល់ជីវិតមនុស្ស សត្វ និងរុក្ខជាតិ  ​ _ អតិផលនៃប្រព័ន្ធកសិកម្ម នាំឲ្យមានកំណើននៃការប្រើប្រាស់គីមីនិងថ្នាំសម្លាប់សត្វល្អិត។ ជីគីមី និងថ្នាំសម្លាប់សត្វល្អិត ទាំងនោះហូរទៅផ្ដុំគ្នានៅតាមផ្លូវទឹកនានា បំផ្លាញជីវិតសត្វនិងពូជធម្មជាតិ។,រៀបរាប់ពីទំនាក់ទំនងរវាងការដាំដុះ ការចិញ្ចឹមសត្វ និងការនេសាទ៖ +ការដាំដុះ -ការដាំដុះស្រូវដាំពោតសណ្ដែកល្ង ការងារជូនដល់ប្រជាជនជីវិតប្រចាំថ្ងៃការដាំដុះបានជាមធ្យមក្នុងមួយរយហិកតាប្រមូលផលបានពីរចុចហាសិបបួនមានក្នុងមួយឆ្នាំ គិតពីឆ្នាំពីរពាន់2008 -ការដាំដុះអាចប្រមូលផលបាន ជួយសម្រួលបន្ទុកក្នុងគ្រួសារប្រទេសជាតិដោយដាំស្រូវពោតសណ្ដែកល្ង ទោះគ្រងក្នុងស្រុកនិងក្រៅប្រទេស ក្រៅពីដំណាំស្រូវកសិករបានដាំបន្លែការដូចជា បីត្រកួនជាដើម។,15,5,1,0.3333333333333333,0.333740234375,1,5,0,0
408,តើសង្គមខ្មែរនៅសម័យអង្គរមានប៉ុន្មានវណ្ណៈ? វណ្ណៈអ្វីខ្លះ? ចូលរៀបរាប់។,សង្គមខ្មែរនៅសម័យអង្គរមានប្រាំវណ្ណៈគឺ -វណ្ណៈក្សត្រឬរាជវង្សនុវង្ស (ជាស្ដេចគ្រប់គ្រងប្រទេស -វណ្ណៈមន្ត្រី (អ្នករស់នៅក្នុងរាជវាំងបម្រើស្ដេច) -វណ្ណៈព្រាហ្ម៍ឬបុព្វជិត​(គឺជាអ្នកបួស) -វណ្ណៈអ្នកជាឬកសិករ (អ្នករស់នៅនឹងធ្វើស្រែចម្ការ) -វណ្ណៈអ្នកងារឬទាសករ(ទាសករបម្រើគេតកូនតចៅ)។,សង្គមខ្មែរនៅសម័យអង្គរមានប្រាំវណ្ណៈគឺ -វណ្ណៈក្សត្រ -វណ្ណៈមន្ត្រី -វណ្ណៈបុព្វជិត -វណ្ណៈអ្នកជា -វណ្ណៈទាសករ។,10,6,2,0.6,0.51416015625,2,5,0,1
409,តើឧស្សាហកម្មមានតួនាទីដូចម្ដេចខ្លះចំពោះសេដ្ឋកិច្ចជាតិ?,ឧស្សាហកម្មមាន​តួនាទីចំពោះសេដ្ឋកិច្ចជាតិដូចជា ៖ ​ _ ជួយបង្កើតថវិការជាតិ ​ _ ជួយបង្កើតទិន្នផលជាតិ ​​ _ ជួយឲ្យសេដ្ឋកិច្ចជាតិរីកចម្រើន  _ ប្រជាជនសំបូរធូរធារ  _អភិវឌ្ឍគ្រប់វិស័យ  _ មានទំនាក់ទំនងល្អជាមួយអ្នកជិតខាង  _ មានភាពរុងរឿងនៅក្នុងប្រទេសជាតិ។,ឧស្សាហកម្មមានតួនាទីចំពោះសេដ្ឋកិច្ចជាតិដូចជា ជួយបង្កើនប្រាក់ចំណូលម្ភៃបីក្បៀសប្រាំបីភាគរយឆ្នាំពីរពាន់ប្រាំបីជួយផ្ដល់ការងារដល់ប្រជាជន កាត់បន្ថយភាពក្រីក្រដល់ប្រជាជនត្ជួយរក្សាលំនឹងជញ្ជីងពាណិជ្ជកម្មផ្តល់ផលសម្រាប់ការនាំចេញ សម្រាប់ការប្រើប្រាស់។,15,2,1,0.13333333333333333,0.66650390625,3,10,2,8
410,ចូររៀបរាប់អំពីទំនាក់ទំនងរវាងការដាំដុះអាជីវកម្មព្រៃឈើនិងនេសាទ។,ទំនាក់ទំនងរវាង ការដាំដុះអាជីវកម្មព្រៃឈើ និងការនេសាទ៖  _ ការដាំដុះអាជីវកម្មព្រៃឈើ និងការនេសាទ ជាភោគទ្រព្យយ៉ាងសំខាន់សម្រាប់ប្រជាជនក្នុងការទ្រទ្រង់ក្នុងជីវភាពរស់នៅនិងការអភិវឌ្ឍន៍ប្រទេសជាតិ   _ ដើម្បីបំពេញតម្រូវការក្នុងកសិកម្មផលិតកម្មនិងត្រូវការផ្សេងៗ មនុស្សនាំគ្នាកាប់ព្រៃឈើដើម្បីធ្វើអាជីវកម្មព្រៃឈើជាមូលហេតុធ្វើឲ្យអាកាសធាតុប្រែប្រួលប៉ះពាល់ដល់ជីវិតមនុស្ស សត្វ និងរុក្ខជាតិ  ​ _ អតិផលនៃប្រព័ន្ធកសិកម្ម នាំឲ្យមានកំណើននៃការប្រើប្រាស់គីមីនិងថ្នាំសម្លាប់សត្វល្អិត។ ជីគីមី និងថ្នាំសម្លាប់សត្វល្អិត ទាំងនោះហូរទៅផ្ដុំគ្នានៅតាមផ្លូវទឹកនានា បំផ្លាញជីវិតសត្វនិងពូជធម្មជាតិ។,ទំនាក់ទំនងរវាងការដាំដូរអាជីវកម្ម​​​​​​​​​​ព្រៃឈើនិងការនេសាទ -ការដាំដុលអាជីវកម្មព្រៃឈើនិងការនេសាទជាភាគទ្រព្យដ៏សំខាន់សម្រាប់ទប់ទល់ជីវភាពរស់នៅប្រចាំថ្ងៃ -កម្រិតផ្នែកកសិកម្មក្នុងវិស័យផ្សេងៗទៀតដែលតម្រូវការរបស់មនុស្សរ៉ាប់រងក្នុងការផលិតការធ្វើអាជីវកម្មដែលបណ្តាលឲ្យមានការប្រើប្រាស់ថ្នាំសម្លាប់សត្វល្អិត និងជីគីមីបាន  ហូរចូលនាំផ្តុំគ្នានៅតាមទឹកនានាសម្លាប់ជីវិតសត្វត្រីនិងមច្ចាជាតិ -ទង្វើអាជីវកម្មព្រៃឈើហួសហែងអាចបណ្ដើរឲ្យមានគ្រោះថ្នាក់រាំងស្ងួតក្តៅហួតហែងព្រោះតម្រូវការមនុស្សកាន់តែច្រើនព្រៃឈើពិតថយចុះដែលមិនដែលឲ្យមិនមានភ្លៀងធ្លាក់ធ្វើឲ្យទឹកក្តៅត្រីមិនអាចរស់នៅបាន។ -តម្រូវការមនុស្សពីព្រៃឈើមានដូចជា(តុ ទូ កៅអីថែមទាំងគ្រឿងសង្ហាររឹម)។,15,14,4,0.9333333333333333,0.81494140625,3,12,1,2
411,តើគេចែកយុគសម័យបុរេប្រវត្តិសាស្ត្រកម្ពុជាជាប៉ុន្មានយុគសម័យ?អ្វីខ្លះ?,គេចែកយុគសម័យបុរេប្រវត្តិសាស្ត្រកម្ពុជាជាបីយុគសម័យគឺ -យុគថ្មបំបែក (600000 - 12000 ឆ្នាំមុនគ.ស) -យុគថ្មរលីងឬសំលៀង (8000 - 2000 ឆ្នាំមុនគ.ស) -យុគលោហៈ(2000-100 ឆ្នាំមុនគ.ស)។,គេចែកយុគសម័យបុរេប្រវត្តិសាស្ត្រកម្ពុជាជាបីយុគសម័យគឺ -យុគថ្មបំបែក -យុគថ្មរលីងឬសំលៀង -យុគលោហៈ។,5,3,2,0.6,0.59228515625,2,3,0,0
412,ដូចម្តេចដែលហៅថាមេយ៉ូស? ចូរនិយាយពីវគ្គផ្សេងៗនៃមេយ៉ូស។,មេយ៉ូសជាសំណុំនៃចំណែកកោសិកាពីរដងបន្តបន្ទាប់គ្នាដែលបង្កើតបានជាកោសិកាអាលូអុីតបួន ហៅថាមេយ៉ូស ។ _តេឡូផាស1 ស៊ីតូប្លាសចែកខ្លួនបានជាកោសិកាកូនពីរ ។កោសិកាកូននីមួយៗទទួលបានក្រូម៉ូសូម តែមួយពីរគូអូម៉ូឡូក ។ _ប្រផាស1 មានរយៈពេលវែង ។ _អាណាផាស1 ក្រូម៉ូសូមដំរៀបលើផ្លាស់ភ្ជាប់នឹងក្រយ៉ូងក្រូម៉ាទិចដោយសង់ក្រូងទ័ររបស់វា ។ _តេឡូផាស2 ក្រូម៉ូមនីមួយៗបានមកដល់ប៉ូលភ្នាស _មេតាផាស2 ក្រូម៉ូសូមប្រេះតាមបណ្ដោយភ្ជាប់ខ្លួនទៅនិងក្រយ៉ងក្រូម៉ាទិចដោយសង់ _ប្រូដាស2 ត្តយ៉ងអាក្រូម៉ាទិតកើតមានក្នុងកោសិកាគូនីមួយៗ _អាណាផាស2 សង់ក្រូម៉ែធ្វើចំណែកដែលនាំអោយក្រូម៉ាទិចបងប្អូនដាច់ចេញពីគ្នា ។បន្ទាប់មក ក្រូម៉ូសូមកូនទាំង2ធ្វើដំណើរឆ្ពោះទៅប៉ូលផ្ទុយគ្នារបស់ត្រយ៉ូងអាក្រូម៉ាទិច ។,ដែលហៅថាមេយ៉ូសគឺជាសំណុំនៃចំណែកកោសិកាពីដងបន្តបន្ទាប់គ្នាបង្កើតបានជាកោសិកា អាប្លូអុីត4 ។វគ្គផ្សេងនៃមេយ៉ូសមានដូចជា  _ប្រផាស1 មានរយៈពេលវែង ។ _អាណាផាស1 ក្រូម៉ូសូមដំរៀបលើផ្លាស់ភ្ជាប់នឹងក្រយ៉ូងក្រូម៉ាទិចដោយសង់ក្រូងទ័ររបស់វា ។ _តេឡូផាស1 ស៊ីតូប្លាសចែកខ្លួនបានជាកោសិកាកូនពីរ ។កោសិកាកូននីមួយៗទទួលបានក្រូម៉ូសូម តែមួយពីរគូអូម៉ូឡូក ។,10,6,2,0.6,0.62353515625,2,6,0,0
413,តើអាណាចក្រភ្នំមានព្រំប្រទល់ជាប់ប្រទេសណាខ្លះ?,អាណាចក្រភ្នំមានព្រំប្រទល់ជាប់ប្រទេសដូចជា -ខាងជើងជាប់ចិន -ខាងត្បូងជាឈូងសមុទ្រខ្មែរ -ខាងកើតជាប់រដ្ឋចម្ប៉ា -ខាងលិចជាប់រដ្ធមនឬភូមា។,អាណាចក្រភ្នំមានព្រំប្រទល់ជាប់ប្រទេសដូចជា -ខាងជើងជាប់ចិន -ខាងត្បូងជាឈូងសមុទ្រខ្មែរ -ខាងកើតជាប់រដ្ឋចម្ប៉ា -ខាងលិចជាប់រដ្ឋមនឬភូមា។,6,6,4,1.0,0.9853515625,4,6,0,0
414,ដូចម្តេចដែលហៅថាមេយ៉ូស? ចូរនិយាយពីវគ្គផ្សេងៗនៃមេយ៉ូស។,មេយ៉ូសជាសំណុំនៃចំណែកកោសិកាពីរដងបន្តបន្ទាប់គ្នាដែលបង្កើតបានជាកោសិកាអាលូអុីតបួន ហៅថាមេយ៉ូស ។ _តេឡូផាស1 ស៊ីតូប្លាសចែកខ្លួនបានជាកោសិកាកូនពីរ ។កោសិកាកូននីមួយៗទទួលបានក្រូម៉ូសូម តែមួយពីរគូអូម៉ូឡូក ។ _ប្រផាស1 មានរយៈពេលវែង ។ _អាណាផាស1 ក្រូម៉ូសូមដំរៀបលើផ្លាស់ភ្ជាប់នឹងក្រយ៉ូងក្រូម៉ាទិចដោយសង់ក្រូងទ័ររបស់វា ។ _តេឡូផាស2 ក្រូម៉ូមនីមួយៗបានមកដល់ប៉ូលភ្នាស _មេតាផាស2 ក្រូម៉ូសូមប្រេះតាមបណ្ដោយភ្ជាប់ខ្លួនទៅនិងក្រយ៉ងក្រូម៉ាទិចដោយសង់ _ប្រូដាស2 ត្តយ៉ងអាក្រូម៉ាទិតកើតមានក្នុងកោសិកាគូនីមួយៗ _អាណាផាស2 សង់ក្រូម៉ែធ្វើចំណែកដែលនាំអោយក្រូម៉ាទិចបងប្អូនដាច់ចេញពីគ្នា ។បន្ទាប់មក ក្រូម៉ូសូមកូនទាំង2ធ្វើដំណើរឆ្ពោះទៅប៉ូលផ្ទុយគ្នារបស់ត្រយ៉ូងអាក្រូម៉ាទិច ។,ដែលហៅថាមេយ៉ូសគឺជាសំណុំនៃចំណែកកោសិកាពីដងបន្តបន្ទាប់គ្នាបង្កើតបានជាកោសិកា អាប្លូអុីត4 ។វគ្គផ្សេងនៃមេយ៉ូសមានដូចជា  _ប្រផាស1 មានរយៈពេលវែង ។ _អាណាផាស1 ក្រូម៉ូសូមដំរៀបលើផ្លាស់ភ្ជាប់នឹងក្រយ៉ូងក្រូម៉ាទិចដោយសង់ក្រូងទ័ររបស់វា ។,10,5,2,0.5,0.478271484375,2,5,0,0
415,តើមូលហេតុអ្វីបានជាព្រះបាទពញាយ៉ាត ជ្រើសរើសយកចតុមុខធ្វើជារាជធានី?,បានជាព្រះបាទពញាយ៉ាតជ្រើសរើសក្រុងចតុមុខជារាជធានីព្រោះ មានទីតាំងភូមិសាស្ត្រល្អ គេចពីសត្រូវឈ្លានពានសៀម ដីមានជីវជាតិងាយស្រួលក្នុងការធ្វើកសិកម្ម ជាទីប្រសព្វនៃជំនួសទាំងផ្លូវគោកនិងផ្លូវទឹក សម្បូរផ្លូវក្នុងការធ្វើកសិកម្មនិងជំនួញ ភាពខាងត្បូងដីមានប្រជាជនច្រើននិងធនធានដើម្បីកសាងសេដ្ឋកិច្ចជាតិ។,បានជាព្រះបាទពញាយ៉ាតជ្រើសរើសក្រុងចតុមុខជារាជធានីព្រោះ មានទីតាំងភូមិសាស្ត្រល្អ គេចពីសត្រូវឈ្លានពានសៀម ដីមានជីវជាតិងាយស្រួលក្នុងការធ្វើកសិកម្ម ជាទីប្រសព្វនៃជំនួសទាំងផ្លូវគោកនិងផ្លូវទឹក សម្បូរផ្លូវក្នុងការធ្វើកសិកម្មនិងជំនួញ ភាពខាងត្បូងដីមានប្រជាជនច្រើននិងធនធានដើម្បីកសាងសេដ្ឋកិច្ចជាតិ។,10,10,4,1.0,0.96533203125,4,10,0,0
416,តើកត្តាអ្វីខ្លះដែលបណ្ដាលឲ្យសៀមវាយបែកបន្ទាយលង្វែក?,កត្តាដែលបណ្ដាលឲ្យសៀមវាយបន្ទាយលង្វែកព្រះរាជាព្រះសត្ថាទីមួយឆោតល្ងង់ទៅជួយរំដោះក្រុងឰយុធ្យារបស់សៀមមកពីការត្រួតត្រាភូមាសៀមរមិលគុណប្រើល្បិចបញ្ជូនសល់ពីរអង្គ យកការវិបត្តិផ្ទៃក្នុងជាជួរជលសារលោករវល់ នាដើមម៉ឺនមន្ត្រីប្រជារាស្ត្រមិនពេញចិត្តដែលតែងទៅកូនអាយុដប់មួយវស្សា ឲ្យកូនរៀននៅ ក្នុងនាម មហាឧបរាជ ធ្វើឲ្យប្រជារាស្ត្របាត់បង់ស្មារតីប្រយុទ្ធប្រជារាស្ត្រខ្មែរក្រីក្រឆោតល្ងង់ចង់បានប្រាក់ដួលក៏នាំគ្នាកាប់ឆ្ការគុម្ពឫស្សីដែលជារបងការពារបន្ទាយលង្វែកដ៏រឹងមាំ រីប្រទេសខ្មែរហាក់បីដូចជាបាត់បង់សាមគ្គីដូចជាស្ថានីយមួយនាំកូនទាំងពីររត់ភៀសខ្លួនទៅប្រទេសឡាវមិនគិតពីប្រជារាស្ត្រនាំឲ្យប្រជាជន អស់ជំនឿ,កត្តាដែលបណ្ដាលឲ្យសៀមវាយបែកបន្ទាយលង្វែក កង្វះការរួមផ្ទៃក្នុង ភាពទន់ខ្សោយនៃកងទ័ព សៀមប្រើល្បិចបោកប្រាស់របស់ប្រាក់ដួលចូលទៅក្នុងគុម្ពឫស្សីដែលជា សៀមប្រើល្បិចបែបប្រាក់ដួលចូលទៅក្នុងគុម្ពព្រៃដែល ជារនាំងការពារបន្ទាយប្រជាជនខ្វះការអប់រំនាំគ្នាកាប់ឆ្ការគុម្ពឫស្សីដើម្បីយកប្រាក់ដួលធ្វើឲ្យបែកបាក់រនាំងការពារសៀមវាយចូលបានយ៉ាងងាយ យុទ្ធសាស្ត្រវាយលុកដ៏ខ្លាំងរបស់សៀម។,10,7,3,0.7,0.409423828125,2,4,1,3
417,ចូរនិយាយពីកំណកាម៉ែតញី។,ការស្ថិតនៅក្រោមសារពាង្គកាយនៃពងស្វាសមានសារៈសំខាន់ដូចជាដើម្បីរក្សាសីតុណ្ហភាពឲ្យ ទាបជាងសីតុណ្ហភាពក្នុងខ្លួន ប្រហែលពី(2-3)សីតុណ្ហភាពក្នុងខ្លួន37 ។,កំណកាម៉ែតញីដំបូងកោសិកាពូជមួយរួមចំណែកពីរដងបន្តបន្ទាប់គ្នា បានកោសិកាអូវ៉ូកូរី4 ។ អូវ៉ូកូរីនីមួយៗរីកមាឌអាចជាអូវ៉ូស៊ីត1 ។អូវ៉ូស៊ីតមួយរងចំណែកមួយនៃមេយោធាហើយត្រូវបាន ឈប់គាំងនៅវគ្គប្រផ្ដាស1 ។ក្រោយមកពេលគ្រប់អូវ៉ូស៊ីតមួយបន្តធ្វើចំណែកហើយត្រូវបានបញ្ចប់ នៅរយៈពេល6ម៉ោង ។,10,6,2,0.6,0.425048828125,2,4,0,2
418,តើកត្តាអ្វីខ្លះដែលបណ្ដាលឲ្យសៀមវាយបែកបន្ទាយលង្វែក?,កត្តាដែលបណ្ដាលឲ្យសៀមវាយបន្ទាយលង្វែកព្រះរាជាព្រះសត្ថាទីមួយឆោតល្ងង់ទៅជួយរំដោះក្រុងឰយុធ្យារបស់សៀមមកពីការត្រួតត្រាភូមាសៀមរមិលគុណប្រើល្បិចបញ្ជូនសល់ពីរអង្គ យកការវិបត្តិផ្ទៃក្នុងជាជួរជលសារលោករវល់ នាដើមម៉ឺនមន្ត្រីប្រជារាស្ត្រមិនពេញចិត្តដែលតែងទៅកូនអាយុដប់មួយវស្សា ឲ្យកូនរៀននៅ ក្នុងនាម មហាឧបរាជ ធ្វើឲ្យប្រជារាស្ត្របាត់បង់ស្មារតីប្រយុទ្ធប្រជារាស្ត្រខ្មែរក្រីក្រឆោតល្ងង់ចង់បានប្រាក់ដួលក៏នាំគ្នាកាប់ឆ្ការគុម្ពឫស្សីដែលជារបងការពារបន្ទាយលង្វែកដ៏រឹងមាំ រីប្រទេសខ្មែរហាក់បីដូចជាបាត់បង់សាមគ្គីដូចជាស្ថានីយមួយនាំកូនទាំងពីររត់ភៀសខ្លួនទៅប្រទេសឡាវមិនគិតពីប្រជារាស្ត្រនាំឲ្យប្រជាជន អស់ជំនឿ,កត្តាដែលបណ្ដាលឲ្យសៀមវាយបន្ទាយលង្វែកព្រះរាជាព្រះសត្ថាទីមួយឆោតល្ងង់ទៅជួយរំដោះក្រុងឰយុធ្យារបស់សៀមមកពីការត្រួតត្រាភូមាសៀមរមិលគុណប្រើល្បិចបញ្ជូនសល់ពីរអង្គ យកការវិបត្តិផ្ទៃក្នុងជាជួរជលសារលោករវល់ នាដើមម៉ឺនមន្ត្រីប្រជារាស្ត្រមិនពេញចិត្តដែលតែងទៅកូនអាយុដប់មួយវស្សា ឲ្យកូនរៀននៅ ក្នុងនាម មហាឧបរាជ ធ្វើឲ្យប្រជារាស្ត្របាត់បង់ស្មារតីប្រយុទ្ធប្រជារាស្ត្រខ្មែរក្រីក្រឆោតល្ងង់ចង់បានប្រាក់ដួលក៏នាំគ្នាកាប់ឆ្ការគុម្ពឫស្សីដែលជារបងការពារបន្ទាយលង្វែកដ៏រឹងមាំ រីប្រទេសខ្មែរហាក់បីដូចជាបាត់បង់សាមគ្គីដូចជាសត្ថាទីមួយនាំកូនទាំងពីររត់ភៀសខ្លួនទៅប្រទេសឡាវមិនគិតពីប្រជារាស្ត្រនាំឲ្យប្រជាជន អស់ជំនឿ។,10,10,4,1.0,0.90966796875,4,9,0,1
419,បុព្វហេតុអ្វីខ្លះដែលនាំឲ្យអាណាចក្រចេនឡាបែកបាក់ជាពីរគឺអាណាចក្រចេនឡាដីគោកនិងចេនឡាទឹកលិច?,បុព្វហេតុដែលនាំហើយអាណាចក្រចេនឡាបែកជាពីរគឺ -វិសាលភាពទឹកដីធំទូលាយ -ចម្បាំងអត់ឈប់ឈរ -សមន្ដរដ្ឋបះបោរចង់ផ្ដាច់ខ្លួន -វិបត្តិផ្ទៃក្នុង -ព្រះនាងជ័យទេវីគ្មានសមត្ថភាពគ្រប់គ្រង។,បុព្វហេតុដែលនាំហើយអាណាចក្រចេនឡាបែកជាពីរគឺ -វិសាលភាពទឹកដីធំទូលាយ -ចម្បាំងអត់ឈប់ឈរ -សមន្ដរដ្ឋបះបោរចង់ផ្ដាច់ខ្លួន -វិបត្តិផ្ទៃក្នុង -ព្រះនាងជ័យទេវីគ្មានសមត្ថភាពគ្រប់គ្រង។,7,7,4,1.0,0.98779296875,4,7,0,0
420,តើឧស្សាហកម្មមានតួនាទីដូចម្ដេចខ្លះចំពោះសេដ្ឋកិច្ចជាតិ?,ឧស្សាហកម្មមាន​តួនាទីចំពោះសេដ្ឋកិច្ចជាតិដូចជា ៖ ​ _ ជួយបង្កើតថវិការជាតិ ​ _ ជួយបង្កើតទិន្នផលជាតិ ​​ _ ជួយឲ្យសេដ្ឋកិច្ចជាតិរីកចម្រើន  _ ប្រជាជនសំបូរធូរធារ  _អភិវឌ្ឍគ្រប់វិស័យ  _ មានទំនាក់ទំនងល្អជាមួយអ្នកជិតខាង  _ មានភាពរុងរឿងនៅក្នុងប្រទេសជាតិ។,ឧស្សាហកម្មមានតួនាទីចំពោះសេដ្ឋកិច្ចជាតិដូចជា ជួយបង្កើនប្រាក់ចំណូលចូលជាតិម្ភៃបីក្បៀសប្រាំបីភាគរយឆ្នាំពីរពាន់ប្រាំបី បង្កើតការងារដល់ប្រជាជន ផ្ដល់ប្រាក់ចំណូលជួយគ្រួសារប្រជាជនមានជីវភាពធូរធារ ជួយរក្សាលំនឹងជញ្ជីងពាណិជ្ជកម្ម ផ្ដល់ធនធានសម្រាប់ដាំចេកផ្តល់ផលិតផលសម្រាប់ប្រើប្រាស់។,15,5,1,0.3333333333333333,0.5634765625,2,8,1,3
421,តើឧស្សាហកម្មមានតួនាទីដូចម្ដេចខ្លះចំពោះសេដ្ឋកិច្ចជាតិ?,ឧស្សាហកម្មមាន​តួនាទីចំពោះសេដ្ឋកិច្ចជាតិដូចជា ៖ ​ _ ជួយបង្កើតថវិការជាតិ ​ _ ជួយបង្កើតទិន្នផលជាតិ ​​ _ ជួយឲ្យសេដ្ឋកិច្ចជាតិរីកចម្រើន  _ ប្រជាជនសំបូរធូរធារ  _អភិវឌ្ឍគ្រប់វិស័យ  _ មានទំនាក់ទំនងល្អជាមួយអ្នកជិតខាង  _ មានភាពរុងរឿងនៅក្នុងប្រទេសជាតិ។,ឧស្សាហកម្មមានតួនាទីចំពោះសេដ្ឋកិច្ចដូចជា៖ -ផ្តល់កាងារឲ្យប្រជាជនធ្វើ -ផ្ដល់ចំណូលដល់សេដ្ឋកិច្ចជាតិមាន២៣.៨%ឆ្នាំ២០០៨ -ផ្ដល់ផលិតផលសម្រាប់នាំចេញ -ផ្ដល់ផលិតផលសម្រាប់ប្រើប្រាស់ -ជួយរក្សាលំនឹងជញ្ជីងពាណិជ្ជកម្ម -និងផ្ដល់ប្រាក់ចំណូលដល់គ្រួសារ។,15,15,4,1.0,0.93017578125,4,14,0,1
422,តើឧស្សាហកម្មមានតួនាទីដូចម្ដេចខ្លះចំពោះសេដ្ឋកិច្ចជាតិ?,ឧស្សាហកម្មមាន​តួនាទីចំពោះសេដ្ឋកិច្ចជាតិដូចជា ៖ ​ _ ជួយបង្កើតថវិការជាតិ ​ _ ជួយបង្កើតទិន្នផលជាតិ ​​ _ ជួយឲ្យសេដ្ឋកិច្ចជាតិរីកចម្រើន  _ ប្រជាជនសំបូរធូរធារ  _អភិវឌ្ឍគ្រប់វិស័យ  _ មានទំនាក់ទំនងល្អជាមួយអ្នកជិតខាង  _ មានភាពរុងរឿងនៅក្នុងប្រទេសជាតិ។,ឧស្សាហកម្មមានតួនាទីចំពោះសេដ្ឋកិច្ចដូចជា៖ ផ្តល់កាងារឲ្យប្រជាជនធ្វើ -ផ្ដល់ចំណូលដល់សេដ្ឋកិច្ចជាតិមាន២៣.៨%ឆ្នាំ២០០៨ -ផ្ដល់ផលិតផលសម្រាប់នាំចេញ -ផ្ដល់ផលិតផលសម្រាប់ប្រើប្រាស់ -ជួយរក្សាលំនឹងជញ្ជីងពាណិជ្ជកម្ម។,15,15,4,1.0,0.90625,4,14,0,1
423,តើព្រះអង្គឌួងមានស្នាព្រហស្ថអ្វីខ្លះចំពោះប្រទេសជាតិនិងប្រជារាស្ត្រខ្មែរ?,ព្រះបាទអង្គឌួងមានស្នាព្រហស្តដូចជាផ្នែករដ្ឋបាលរៀបចំប្រព័ន្ធរដ្ឋបាលនិងច្បាប់ទម្លាប់ស្ដារឡើងវិញមានរបៀបផ្នែកសេដ្ឋកិច្ចលើកស្ទួយវិស័យកសិកម្មជួសជុលប្រព័ន្ធ សេះនិងពាណិជ្ជកម្ម ភ្នែកបរទេសស្វែងរកជំនួយពីបារាំងដើម្បីទប់ទល់នឹងការត្រួតត្រាយួននិងសៀម ផ្នែកវប្បធម៌លើកស្ទួយវប្បធម៌អក្សរសាស្ត្រខ្មែរនិង សាសនា កត្តាផ្ទៃក្នុង ការបែកបាក់រាជវង្សានុវង្សបែកបាក់សាមគ្គី។,ព្រះអង្គឌួងមានស្នាព្រហស្តដូចជា នយោបាយទាមទារទឹកដីដែលបាត់បង់មកវិញនិងស្វែងរកកិច្ចការពារពីប្រទេសពីរខែត្រួតត្រារបស់សៀមនិងយួន វប្បធម៌ លើកស្ទួយអក្សរសាស្ត្រខ្មែរនិពន្ធរឿងកាកីនិងជួសជុលវត្តអារាម សេដ្ឋកិច្ច បោះពុម្ពប្រាក់ឌួងប្រើប្រាស់និងសាងផ្លូវថ្នល់ផ្លូវពីឧត្តុង្គទៅកំពត។,15,13,3,0.8666666666666667,0.7822265625,3,12,0,1
424,តើសង្គមខ្មែរនៅសម័យអង្គរមានប៉ុន្មានវណ្ណៈ? វណ្ណៈអ្វីខ្លះ? ចូលរៀបរាប់។,សង្គមខ្មែរនៅសម័យអង្គរមានប្រាំវណ្ណៈគឺ -វណ្ណៈក្សត្រឬរាជវង្សនុវង្ស (ជាស្ដេចគ្រប់គ្រងប្រទេស -វណ្ណៈមន្ត្រី (អ្នករស់នៅក្នុងរាជវាំងបម្រើស្ដេច) -វណ្ណៈព្រាហ្ម៍ឬបុព្វជិត​(គឺជាអ្នកបួស) -វណ្ណៈអ្នកជាឬកសិករ (អ្នករស់នៅនឹងធ្វើស្រែចម្ការ) -វណ្ណៈអ្នកងារឬទាសករ(ទាសករបម្រើគេតកូនតចៅ)។,សង្គមខ្មែរនៅសម័យអង្គរមានប្រាំវណ្ណៈគឺ -វណ្ណៈក្សត្រឬរាជវង្សានុវង្ស -វណ្ណៈមន្ត្រី -វណ្ណៈបុព្វជិត -វណ្ណៈអ្នកជា -វណ្ណៈទាសករឬអ្នកងារ។,10,5,2,0.5,0.50634765625,2,5,0,0
425,ហេតុអ្វីបានជាផ្នែកឯកជនជាកម្លាំងដ៏សំខាន់សម្រាប់វិនិយោគនិងធ្វើឲ្យមានកំណើនសេដ្ឋកិច្ចក្នុងប្រទេស?,បានជាផ្នែកឯកជនជាកម្លាំងដ៏សំខាន់សម្រាប់វិនិយោគនិងធ្វើឲ្យមានកំណើនសេដ្ឋកិច្ចក្នុងប្រទេស ព្រោះប្រទេសកម្ពុជាជាប្រទេសអភិវឌ្ឍន៍ សេដ្ឋកិច្ចទីផ្សារដោយបានធ្វើកំណែទម្រង់សហគ្រាសឧស្សាហកម្មឲ្យក្លាយទៅជាកម្មសិទ្ធិឯកជន ។ សេដ្ឋកិច្ចទីផ្សារសេរីនេះនាំឲ្យអ្នករកស៊ីបរទេសចូលចិត្តមកវិនិយោគ ហើយកាលណាផ្នែកឯកជនរឹងមាំមកវិនិយោគ ហើយកាលណាផ្នែកឯកជនមិនរឹងមាំអាចបំពេញបន្ថែមវិនិយោគនិងវិស័យសង្គមកិច្ចមានន័យថាវិស័យឯកជនស្រូបយកកម្លាំងការងារកាន់តែកើនឡើង។,បានជាផ្នែកឯកជនជាកម្លាំងដ៏សំខាន់សម្រាប់វិនិយោគនិងធ្វើការបង្កើនសេដ្ឋកិច្ចក្នុងប្រទេសព្រោះ -កម្ពុជាពឹងផ្អែកអនុវត្តសេដ្ឋកិច្ចទីផ្សារសេរីពីឆ្នាំ 1993 និងផ្ដល់សហគ្រាសឲ្យឯកជនវើជាកម្មសិទ្ធិ -សេដ្ឋកិច្ចទីផ្សារសេរីនេះធ្វើឲ្យបរទេសចូលចិត្តវិនិយោគ -វិស័យឯកជនមានភាពរឹងមាំធ្វើឲ្យសេដ្ឋកិច្ចបន្ថែមវាយោគសាធារណៈក្នុងវិស័យសេដ្ឋកិច្ចមានន័យថាវិស័យឯកជនជួយដល់ប្រជាជនមានការងារធ្វើច្រើន។,15,15,4,1.0,0.64892578125,3,10,1,5
426,ចូរពន្យល់ពាក្យ : ប៉ង់សៀ; បរិយាកាស; ដៃទន្លេ; ភ្នំភ្លើង។,ប៉ង់សៀ -បរិយាកាសគឺជាឧស្ម័នដែលនៅជុំវិញផែនដី -ដៃទន្លេជាទឹកសាបដែលហូរចូលទៅក្នុងស្ទឹងបឹងនឹងមានទីតាំងជាវង្សប្រាំង -ភ្នំភ្លើងគឺជារន្ធមួយនៅសំបកផែនដីដែលតាមរយៈនោះកម្អែលផេះហូរចេញ,ប៉ង់សៀ -បរិយាកាស -ដៃទន្លេគឺជាប្រលាយស្ទឹងទន្លេនិងប្រេកជាដើម -ភ្នំភ្លើងជាបាតុភូតធម្មជាតិដែលកើតឡើងដោយភ្នែកតិចសូនិចប៉ះគ្នាបណ្ដាលឲ្យកើតមានបន្ទះសក្នុងភ្លើង,8,3,2,0.375,0.413330078125,2,3,0,0
427,តើគេចែកយុគសម័យបុរេប្រវត្តិសាស្ត្រកម្ពុជាជាប៉ុន្មានយុគសម័យ?អ្វីខ្លះ?,គេចែកយុគសម័យបុរេប្រវត្តិសាស្ត្រកម្ពុជាជាបីយុគសម័យគឺ -យុគថ្មបំបែក (600000 - 12000 ឆ្នាំមុនគ.ស) -យុគថ្មរលីងឬសំលៀង (8000 - 2000 ឆ្នាំមុនគ.ស) -យុគលោហៈ(2000-100 ឆ្នាំមុនគ.ស)។,គេចែកយុគសម័យបុរេប្រវត្តិសាស្ត្រកម្ពុជាជាបីយុគសម័យគឺ -យុគថ្មបំបែក (600000 - 12000 ឆ្នាំមុនគ.ស) -យុគថ្មរលីងឬសំលៀង (8000 - 2000 ឆ្នាំមុនគ.ស) -យុគលោហៈ(2000-100 ឆ្នាំមុនគ.ស)។,5,5,4,1.0,0.9912109375,4,5,0,0
428,តើឧស្សាហកម្មមានតួនាទីដូចម្ដេចខ្លះចំពោះសេដ្ឋកិច្ចជាតិ?,ឧស្សាហកម្មមាន​តួនាទីចំពោះសេដ្ឋកិច្ចជាតិដូចជា ៖ ​ _ ជួយបង្កើតថវិការជាតិ ​ _ ជួយបង្កើតទិន្នផលជាតិ ​​ _ ជួយឲ្យសេដ្ឋកិច្ចជាតិរីកចម្រើន  _ ប្រជាជនសំបូរធូរធារ  _អភិវឌ្ឍគ្រប់វិស័យ  _ មានទំនាក់ទំនងល្អជាមួយអ្នកជិតខាង  _ មានភាពរុងរឿងនៅក្នុងប្រទេសជាតិ។,ឧស្សាហកម្មមានតួនាទីចំពោះសេដ្ឋកិច្ចដូចជា៖ -ឧស្សាហកម្មជួយឲ្យប្រទេសមានការរីកចម្រើន -សេដ្ឋកិច្ចអភិវឌ្ឍន៍ប្រទេសក្រីក្រថាប្រទេស  -មានទំនាក់ទំនងជាមួយប្រទេសជិតខាងថាប្រទេសមានការរីកចម្រើនធ្វើឲ្យប្រទេស -នាំចូលឧស្សាហកម្មកាន់តែច្រើនឡើង មានការនាំចូលនាំចេញទៅក្រៅប្រទេសបង្កើតការងារឲ្យប្រជាជនថាប្រជាជនគ្មានការងារធ្វើ ច្រើនធ្វើឲ្យប្រទេសជាតិ ខាងវិស័យ មានតួនាទីសំខាន់ចំពោះប្រទេស,15,15,4,1.0,0.84033203125,3,13,1,2
429,ហេតុអ្វីបានជាផ្នែកឯកជនជាកម្លាំងដ៏សំខាន់សម្រាប់វិនិយោគ និងធ្វើឲ្យមានកំណើនសេដ្ឋកិច្ចក្នុងប្រទេស?,បានជាផ្នែកឯកជនជាកម្លាំងដ៏សំខាន់សម្រាប់កំណើនសេដ្ឋកិច្ចកម្ពុជាព្រោះ -កម្ពុជាបានអនុវត្តសេដ្ឋកិច្ចទីផ្សារសេរីដោយបានធ្វើកំណែទម្រង់ពីសហគ្រាសរដ្ឋឲ្យក្លាយទៅជាកម្មសិទ្ធិឯកជន -សេដ្ឋកិច្ចទីផ្សារសេរីនាំឲ្យអ្នករកស៊ីចូលចិត្តមករកស៊ីនិងដាក់វិនិយោគទុន -កាលណាភ្នែកឯកជនរឹងមាំអាចជួយបំពេញបន្ថែមលើវិនិយោគសាធារណៈក្នុងវិស័យសេដ្ឋកិច្ចគឺផ្នែកឯកជនអាចស្រូបយកកម្លាំងពលកម្មកើនឡើង។,បានជាផ្នែកឯកជនជាកម្លាំងដ៏សំខាន់សម្រាប់វិនិយោគនិងធ្វើឲ្យមានកំណើនសេដ្ឋកិច្ចក្នុងប្រទេស។,15,2,1,0.13333333333333333,0.128662109375,1,2,0,0
430,តើអាណាចក្រភ្នំមានព្រំប្រទល់ជាប់ប្រទេសណាខ្លះ?,អាណាចក្រភ្នំមានព្រំប្រទល់ជាប់ប្រទេសដូចជា -ខាងជើងជាប់ចិន -ខាងត្បូងជាឈូងសមុទ្រខ្មែរ -ខាងកើតជាប់រដ្ឋចម្ប៉ា -ខាងលិចជាប់រដ្ធមនឬភូមា។,អាណាចក្រភ្នំមានព្រំប្រទល់ជាប់ប្រទេសដូចជា -ខាងជើងជាប់ចិន -ខាងត្បូងជាឈូងសមុទ្រខ្មែរ -ខាងកើតជាប់រដ្ឋចម្ប៉ា -ខាងលិចជាប់រដ្ធមនឬភូមា។,6,6,4,1.0,0.98486328125,4,6,0,0
431,តើការស្ថិតនៅក្រៅសារពាង្គកាយនៃពងស្វាសមានសារៈសំខាន់ដូចម្តេច?,ការស្ថិតនៅក្រោមសារពាង្គកាយនៃពងស្វាសមានសារៈសំខាន់ដូចជាដើម្បីរក្សាសីតុណ្ហភាពឲ្យ ទាបជាងសីតុណ្ហភាពក្នុងខ្លួន ប្រហែលពី(2-3)សីតុណ្ហភាពក្នុងខ្លួន37 ។,ការស្ថិតនៅក្រោមសារពាង្គកាយនៃពងស្វាសមានសារៈសំខាន់ដូចជាដើម្បីរក្សាសីតុណ្ហភាពឲ្យ ទាបជាងសីតុណ្ហភាពក្នុងខ្លួន ប្រហែលពី(2-3)ដែលជាលក្ខខណ្ឌចាំបាច់សម្រាប់ការផលិត មេជីវិតឈ្មោល ។,10,8,3,0.8,0.8662109375,3,9,0,1
432,តើកម្ពុជាមានបេតិកភណ្ឌអ្វីខ្លះ ដែលបានចុះបញ្ជីបេតិកភណ្ឌរូបី និង អរូបីពិភពលោករបស់អង្គការយូ ណេស្កូ? ចូររៀបរាប់ឲ្យបានប្រាំ។,បេតិកភណ្ឌរូបិយនិងអរូបិយមានដូចជា -ប្រាសាទព្រះវិហារ -ប្រាសាទអង្គវត្ត -ប្រាសាតសម្បូរព្រៃគុក -ប្រាសាទកោះកេរ្ត៍ -របាំព្រះរាជទ្រព្យ -ល្ខោនខោល -ល្បែងប្រជាប្រិយ។,បេតិកភណ្ឌរូបិយនិងអរូបិយមានដូចជា -ប្រាសាទព្រះវិហារ -ប្រាសាទអង្គវត្ត -ប្រាសាតសម្បូរព្រៃគុក -ប្រាសាទកោះកេរ្ត៍ -របាំព្រះរាជទ្រព្យ -ល្ខោនខោល -ល្បែងប្រជាប្រិយ។,5,5,4,1.0,0.9716796875,4,5,0,0
433,តើប្រព័ន្ធផលិតកម្មកសិកម្មនៅក្នុងប្រទេសកម្ពុជាមានអ្វីខ្លះ?ចូររៀបរាប់​ ។,ប្រព័ន្ធផលិតកម្មកសិកម្មនៅប្រទេសកម្ពុជាមាន៖    _ ដំណាំ : ដំណាំស្រូវ ដំណាំកៅស៊ូ ដំណាំផ្សេងៗទៀត    _ ការចិញ្ចឹមសត្វ : ការចិញ្ចឹមសត្វលើគោក ការចិញ្ចឹមសត្វក្នុងទឹក    _ ការនេសាទ : ការនេសាទទឹកសាប ការនេសាទទឹកប្រៃ  _ ព្រៃឈើ : ផលិតផលឈើ អនុផលព្រៃឈើ(រកឃ្មុំ ជ័រទឹក វល្លិ៍ ផ្តៅ) សត្វព្រៃ ។,ប្រព័ន្ធផលិតកម្មនៅប្រទេសកម្ពុជារួមមាន៖ -ឧស្សាហកម្មជួយឲ្យប្រទេសមានការរីកចម្រើន -សេដ្ឋកិច្ចអភិវឌ្ឍន៍ប្រទេសក្រីក្រថាប្រទេស មានទំនាក់ទំនងជាមួយប្រទេសជិតខាង -ប្រទេសមានការរីកចម្រើនធ្វើឲ្យប្រទេសនាំចូលឧស្សាហកម្ -មកាន់តែច្រើនឡើង មានការនាំចូលនាំចេញទៅក្រៅប្រទេសបង្កើតការងារឲ្យប្រជាជន -ប្រជាជនគ្មានការងារធ្វើ ច្រើនធ្វើឲ្យប្រទេសជាតិ ខាងវិស័យ មានតួនាទីសំខាន់ចំពោះប្រទេស,10,7,3,0.7,0.4375,2,4,1,3
434,តើសេដ្ឋកិច្ចកម្ពុជាពឹងផ្អែកលើវិស័យអ្វីជាសំខាន់?     ក/ ហេតុអ្វីបានជាគេនិយាយថាកម្ពុជាជាប្រទេសកសិកម្ម?     ខ/ តើគេចែកកសិករជាប៉ុន្មានប្រភេទ?អ្វីខ្លះ?,សេដ្ឋកិច្ចកម្ពុជាពឹងផ្អែកលើវិស័យកសិកម្មជាសំខាន់។   ក/ បានជាគេនិយាយថាកម្ពុជាជាប្រទេសឧស្សាហកម្មព្រោះ៖  _  សណ្ឋានដី : ដីមានជីវជាតិល្អនិងសម្បូរទំនាបល្បាប់   _ ផ្លូវទឹក : ផ្លូវទឹកខ្វាត់ខ្វែងងាយស្រួលដល់ការដាំដុះ  _ ប្រជាជន : ប្រជាជនខ្មែរភាគច្រើនចូលចិត្តធ្វើកសិកម្ម  _ អាកាសធាតុ : ទទួលអាកាសធាតុក្តៅសើម  _ កសិកម្មផ្តល់ផល50%នៃផលិតផលជាតិសរុប។  ខ/ គេចែកកសិករទាំងនោះជា4ប្រភេទគឺ៖  _ កសិករធ្វើស្រែឬអ្នកស្រែ : និយមធ្វើស្រែ ស្រូវប្រាំង ស្រូវវស្សា ស្រូវឡើងទឹក  _ កសិករតំបន់ដីខ្ពស់ : គេដាំដំណាំជាអចិន្ត្រៃយ៍(ពោត ដំឡូង ចេក កៅស៊ូសណ្តែក)  _ កសិករធ្វើចម្ការដំណាំស្រូវ : គេដាំដំណាំតាមមាត់ទន្លេ ចិញ្ចឹមសត្វនិងនេសាទ  _ កសិករភូមិភាគឦសាន: គេធ្វើដំណាំព្រៃដុតមានដូចជាពោត ដំឡូង ស្រូវរុក្ខជាតិយកមើមដទៃទៀត និងបរបាញ់សត្វផងដែរ។,"សេដ្ឋកិច្ចជាតិផ្អែកលើវិស័យកសិកម្មជាសំខាន់ព្រោះវិស័យនេះសំខាន់ដល់ជាតិដូចជា៖ -ប្រទេសកម្ពុជាគឺជាប្រទេសដែលមានសណ្ឋានដីងាយស្រួលក្នុងការដាំដំណាំនិងទទួលផលច្រើន -នៅប្រទេសកម្ពុជាការដាំដុះទទួលបានផលរីកចម្រើន ដូចជាស្រូវពោតសណ្តែកកៅស៊ូជាប្រទេសងាយស្រួលក្នុងការ សាច់គោ , សត្វគោក្របីជាដើម -ក្នុងវិស័យផលិតកម្មកសិកម្មនិងឧស្សាហកម្មមាន ការដំណើរការបានល្អដីសម្បូរទៅដោយជីវវិទ្យាដែល ភាពជោគជ័យយ៉ាងសំខាន់សម្រាប់ប្រទេសជាតិ -ប្រទេសកម្ពុជានៅក្រោមអាកាសធាតុត្រូពិក មូសុងក្រៅហើយសើមធ្វើឲ្យងាយស្រួលក្នុងការដាំដំណាំនិងធ្វើស្រែចម្ការ -កសិករភាគច្រើនចូលចិត្តដាំដំណាំនិងធ្វើស្រែចម្ការតាមរដូវវស្សារដូវប្រាំងនិងរដូវទឹកឡើង +គេបែងចែកកសិករជាបីប្រភេទដូចជា  -កសិករដាំស្រូវឬអ្នកធ្វើស្រែក -កសិករតំបន់ដីខ្ពស់ កសិករធ្វើចម្ការនិងកសិករមិនស្រូវ។",20,10,2,0.5,0.360107421875,1,7,1,3
435,តើសេដ្ឋកិច្ចកម្ពុជាពឹងផ្អែកលើវិស័យអ្វីជាសំខាន់?     ក/ ហេតុអ្វីបានជាគេនិយាយថាកម្ពុជាជាប្រទេសកសិកម្ម?     ខ/ តើគេចែកកសិករជាប៉ុន្មានប្រភេទ?អ្វីខ្លះ?,សេដ្ឋកិច្ចកម្ពុជាពឹងផ្អែកលើវិស័យកសិកម្មជាសំខាន់។   ក/ បានជាគេនិយាយថាកម្ពុជាជាប្រទេសឧស្សាហកម្មព្រោះ៖  _  សណ្ឋានដី : ដីមានជីវជាតិល្អនិងសម្បូរទំនាបល្បាប់   _ ផ្លូវទឹក : ផ្លូវទឹកខ្វាត់ខ្វែងងាយស្រួលដល់ការដាំដុះ  _ ប្រជាជន : ប្រជាជនខ្មែរភាគច្រើនចូលចិត្តធ្វើកសិកម្ម  _ អាកាសធាតុ : ទទួលអាកាសធាតុក្តៅសើម  _ កសិកម្មផ្តល់ផល50%នៃផលិតផលជាតិសរុប។  ខ/ គេចែកកសិករទាំងនោះជា4ប្រភេទគឺ៖  _ កសិករធ្វើស្រែឬអ្នកស្រែ : និយមធ្វើស្រែ ស្រូវប្រាំង ស្រូវវស្សា ស្រូវឡើងទឹក  _ កសិករតំបន់ដីខ្ពស់ : គេដាំដំណាំជាអចិន្ត្រៃយ៍(ពោត ដំឡូង ចេក កៅស៊ូសណ្តែក)  _ កសិករធ្វើចម្ការដំណាំស្រូវ : គេដាំដំណាំតាមមាត់ទន្លេ ចិញ្ចឹមសត្វនិងនេសាទ  _ កសិករភូមិភាគឦសាន: គេធ្វើដំណាំព្រៃដុតមានដូចជាពោត ដំឡូង ស្រូវរុក្ខជាតិយកមើមដទៃទៀត និងបរបាញ់សត្វផងដែរ។,សេដ្ឋកិច្ចជាតិផ្អែកលើវិស័យកសិកម្មជាសំខាន់ព្រោះវិស័យនេះសំខាន់ដល់ជាតិដូចជា៖ -និយាយថាកម្ពុជាជាប្រទេសកសិកម្មព្រោះសម្បូរទៅដោយដីមានជីវជាតិល្អ -អនុផលការដាំដុះក្នុងព្រៃឈើដំណាំស្រូវអង្ករជាងគេនៅក្នុងប្រទេសជុំវិញអាស៊ី -កសិកម្មព្រៃដុតគឺដុតព្រៃឈើកសិកម្ម -អាកាសធាតុអំណោយផលដល់ការដាំដុះ -ការចិញ្ចឹមត្រី -កសិកម្មនេសាទត្រីមាសទីបីកក្កដា តាមព្រៃ  ដាំដុះស្រូវក៏គោលបំណងនៃការចិញ្ចឹមសត្វមាន់ទា  +គេបែងចែក៤នោះមួយគឺ -កសិករមិនដាំស្រូវគឺ -ជាកសិករតែធ្វើការដាំដំណាំផ្សេងផ្សេង តែចាំសួរនៅឡើយ  -កសិករធ្វើស្រែចម្ការគឺជាកសិករធ្វើស្រែដាំស្រូវតាមរដូវនិងដាំដំណាំផ្សេងៗផងដែរ,20,14,3,0.7,0.58447265625,2,12,1,2
436,តើឧស្សាហកម្មមានតួនាទីចំពោះសេដ្ឋកិច្ចជាតិយ៉ាងដូចម្ដេច?,ឧស្សាហកម្មមានតួនាទីសម្រាប់សេដ្ឋកិច្ចជាតិដូចជា -ជួយបង្កើតប្រាក់ចំណូលចូលជាតិ -បង្កើតការងារដល់ប្រជាជន -បង្កើតប្រាក់ចំណូលចូលក្នុងគ្រួសារ -ប្រជាជនមានជីវភាពធូរធារ -ជួយរក្សាជញ្ជីងពាណិជ្ជកម្ម -ជួយបង្កើតទិន្នផលសម្រាប់ការនាំចេញនាំចូល -បង្កើននូវសង្ឃភារៈសម្រាប់ប្រើប្រាស់។,ឧស្សាហកម្មមានតួនាទីចំពោះសេដ្ឋកិច្ចជាតិដូចជា៖ -ជួយបង្កើនប្រាក់ចំណូលចូលជាំតិ២៣.៨%ឆ្នាំ២០០៨ -បង្កើតការងារជួយដល់ប្រជាជន -ផ្ដល់ប្រាក់ចំណូលក្នុងគ្រួសារ -ប្រជាជនមានជីវភាពធូរធារ -ផ្ដល់ផលិតផលសម្រាប់នាំចេញ -ផ្ដល់ផលិតផលសម្រាប់ប្រើប្រាស់។,15,15,4,1.0,0.93408203125,4,14,0,1
437,សេដ្ឋកិច្ចកម្ពុជាពឹងផ្អែកលើវិស័យកសិកម្មជាសំខាន់៖ ​ក.​ ហេតុអ្វីបានជាគេនិយាយថាកម្ពុជាជាប្រទេសកសិកម្ម? ខ. តើគេចែកកសិករទាំងនោះជាប៉ុន្មានប្រភេទ?,សេដ្ឋកិច្ចកម្ពុជាបានផ្អែកលើវិស័យកសិកម្មជាសំខាន់៖ ក​. បានជាគេនិយាយថាប្រទេសកម្ពុជាជាប្រទេសកសិកម្មដោយសារ -ផ្ទៃដីនៅប្រទេសកម្ពុជាប្រហែល៩០ភាគរយសិតតែដំណាំស្រូវ -ប្រជាជនកកម្ពុជា ៧០.៣ភាគរយធ្វើកសិកម្ម -កសិកម្មជួយឲ្យប្រជាជនកម្ពុជាមានការងារធ្វើ -ប្រជាជននិយមធ្វើកសិកម្ម -ដីនៅកម្ពុជាប្រកបជាមួយកាធ្វើកសិកម្ម -កម្ពុជាមានអាកាសធាតុសមស្របសម្រាប់ធ្វើកសិកម្ម ខ. គេចែកកសិកម្មទាំងនោះជាពីរប្រភេទ៖ +កសិករខ្នាតតូច -ធ្វើកសិកម្មដើម្បីជីវិត -ធ្វើលក្ខណៈតិចតួច ទុកតែបរិភោគសម្រាប់គ្រួសារ -មិនលក់ឲ្យអ្នកណា +កសិករខ្នាតធំ -ធ្វើកសិកម្មច្រើនហើយទុកសម្រាប់លក់ឬនាំចេញទៅក្រៅប្រទេស -ធ្វើមួយឆ្នាំអាចទៅពីរលើក -ធ្វើលក្ខណៈច្រើន ដើម្បីលក់និងនាំចេញ។,សេដ្ឋកិច្ចកម្ពុជាបានផ្អែកលើវិស័យកសិកម្មជាសំខាន់ដូចជា៖ -វិស័យកសិកម្ម -ការនេសាទ -ការដាំដុះ -ការធ្វើស្រែ -ការធ្វើជីធម្មជាតិ។ ក. បានជាគេនិយាយថាកម្ពុជាជាប្រទេសកសិកម្មព្រោះ ខ. គេចែកកសិកម្មទាំងនោះជា២ប្រភេទគឺ៖ -កសិកម្ម -ការនេសាទ។,15,2,1,0.13333333333333333,0.1199951171875,0,2,1,0
438,តើប្រព័ន្ធផលិតកម្មកសិកម្មនៅប្រទេសកម្ពុជាមានអ្វីខ្លះ?,ប្រព័ន្ធផលិតកម្មកសិកម្មនៅកម្ពុជាមានដូចជាដំណាំដំណាំស្រូវនិងកៅស៊ូដឹកនាំផ្សេងៗទៀតការចិញ្ចឹមសត្វបានចិញ្ចឹមសត្វលើគោកការចិញ្ចឹមសត្វក្នុងទឹកការនេសាទការនេសាទទឹកសាបការនេសាទទឹកប្រៃ  ព្រៃឈើអនុផលព្រៃឈើរកឃ្មុំជ័រទឹកក្តៅសត្វព្រៃ,ប្រព័ន្ធផលិតកម្មកសិកម្មនៅប្រទេសកម្ពុជាមាន​ដូចជា៖ -កៅស៊ូ -ដំឡូងមី -ក្រចៅ -កប្បាស -ម្រេច -ស្រូវ។,15,3,1,0.2,0.1578369140625,1,2,0,1
439,តើឧស្សាហកម្មមានតួនាទីចំពោះសេដ្ឋកិច្ចជាតិយ៉ាងដូចម្ដេច?,ឧស្សាហកម្មមានតួនាទីសម្រាប់សេដ្ឋកិច្ចជាតិដូចជា -ជួយបង្កើតប្រាក់ចំណូលចូលជាតិ -បង្កើតការងារដល់ប្រជាជន -បង្កើតប្រាក់ចំណូលចូលក្នុងគ្រួសារ -ប្រជាជនមានជីវភាពធូរធារ -ជួយរក្សាជញ្ជីងពាណិជ្ជកម្ម -ជួយបង្កើតទិន្នផលសម្រាប់ការនាំចេញនាំចូល -បង្កើននូវសង្ឃភារៈសម្រាប់ប្រើប្រាស់។,ឧស្សាហកម្មមានតួនាទីចំពោះសេដ្ឋកិច្ចជាតិដូចជា៖ -ជួយរក្សាលំនឹងជញ្ជឹងសេដ្ឋកិច្ចជាតិ -ជួយផ្ដល់ការងារដល់ប្រជាជន -មានការងារច្រើនសម្រាប់ប្រជាជន -កាត់បន្ថយការនាំចូលពីបរទេស -ជួយឲ្យសេដ្ឋកិច្ចរីកចម្រើន។,15,15,4,1.0,0.86083984375,3,13,1,2
440,ហេតុអ្វីបានជាផ្នែកឯកជនជាកម្លាំងដ៏សំខាន់សម្រាប់វិនិយោគនិងធ្វើឲ្យមានកំណើនសេដ្ឋកិច្ចក្នុងប្រទេស?,បានជាផ្នែកឯកជនជាកម្លាំងដ៏សំខាន់សម្រាប់វិនិយោគនិងធ្វើឲ្យមានកំណើនសេដ្ឋកិច្ចក្នុងប្រទេស ព្រោះប្រទេសកម្ពុជាជាប្រទេសអភិវឌ្ឍន៍ សេដ្ឋកិច្ចទីផ្សារដោយបានធ្វើកំណែទម្រង់សហគ្រាសឧស្សាហកម្មឲ្យក្លាយទៅជាកម្មសិទ្ធិឯកជន ។ សេដ្ឋកិច្ចទីផ្សារសេរីនេះនាំឲ្យអ្នករកស៊ីបរទេសចូលចិត្តមកវិនិយោគ ហើយកាលណាផ្នែកឯកជនរឹងមាំមកវិនិយោគ ហើយកាលណាផ្នែកឯកជនមិនរឹងមាំអាចបំពេញបន្ថែមវិនិយោគនិងវិស័យសង្គមកិច្ចមានន័យថាវិស័យឯកជនស្រូបយកកម្លាំងការងារកាន់តែកើនឡើង។,កម្ពុជាជាប្រទេសដែលអនុបានជាផ្នែកឯកជនជាកម្លាំងដ៏សំខាន់សម្រាប់វិនិយោគធ្វើឲ្យមានការកំណើនសេដ្ឋកិច្ចក្នុងប្រទេសព្រោះ៖ សេដ្ឋកិច្ចទីផ្សារសេរីចាប់ពីឆ្នាំ 1993 ដោយកំណែទម្រង់សហគ្រាសសេរីទៅកាន់សហគ្រាសសេរីទើបជាកម្មសិទ្ធិឯកជននេះធ្វើឲ្យ អ្នករកស៊ីបរទេសចូលចិត្តមកពីប្រយោគកាលណាផ្នែកឯកជនរឹងមាំអាចបន្ថែមវិនិយោគសាធារណៈក្នុងវិស័យសង្គមកិច្ចមានន័យថាវិស័យឯកជនត្រូវស្រូបយកកម្លាំងការងារកាន់តែច្រើនឡើង។,15,15,4,1.0,0.71923828125,3,11,1,4
441,សេដ្ឋកិច្ចកម្ពុជាពឹងផ្អែកលើវិស័យកសិកម្មជាសំខាន់៖ ​ក.​ ហេតុអ្វីបានជាគេនិយាយថាកម្ពុជាជាប្រទេសកសិកម្ម? ខ. តើគេចែកកសិករទាំងនោះជាប៉ុន្មានប្រភេទ?,សេដ្ឋកិច្ចកម្ពុជាបានផ្អែកលើវិស័យកសិកម្មជាសំខាន់៖ ក​. បានជាគេនិយាយថាប្រទេសកម្ពុជាជាប្រទេសកសិកម្មដោយសារ -ផ្ទៃដីនៅប្រទេសកម្ពុជាប្រហែល៩០ភាគរយសិតតែដំណាំស្រូវ -ប្រជាជនកកម្ពុជា ៧០.៣ភាគរយធ្វើកសិកម្ម -កសិកម្មជួយឲ្យប្រជាជនកម្ពុជាមានការងារធ្វើ -ប្រជាជននិយមធ្វើកសិកម្ម -ដីនៅកម្ពុជាប្រកបជាមួយកាធ្វើកសិកម្ម -កម្ពុជាមានអាកាសធាតុសមស្របសម្រាប់ធ្វើកសិកម្ម ខ. គេចែកកសិកម្មទាំងនោះជាពីរប្រភេទ៖ +កសិករខ្នាតតូច -ធ្វើកសិកម្មដើម្បីជីវិត -ធ្វើលក្ខណៈតិចតួច ទុកតែបរិភោគសម្រាប់គ្រួសារ -មិនលក់ឲ្យអ្នកណា +កសិករខ្នាតធំ -ធ្វើកសិកម្មច្រើនហើយទុកសម្រាប់លក់ឬនាំចេញទៅក្រៅប្រទេស -ធ្វើមួយឆ្នាំអាចទៅពីរលើក -ធ្វើលក្ខណៈច្រើន ដើម្បីលក់និងនាំចេញ។,សេដ្ឋកិច្ចកម្ពុជាបានផ្អែកលើវិស័យកសិកម្មជាសំខាន់។ ក. បានជាគេនិយាយថាកម្ពុជាជាប្រទេសកសិកម្មព្រោះ៖ -ប្រជាជន៨៥%ទៅ៩០%ជាអ្នកធ្វើស្រែ -កសិកម្ម៧២.៣%ជាដំណាំស្រូវ -ប្រទេសកម្ពុជាស្ថិតនៅតំបន់ត្រូពិចក្ដៅហើយសើមដែលទទួលរងណីខ្យល់ព្យុះមូសុងដែលអនុគ្រោះដល់ដំណាំស្រូវកៅស៊ូនិងបន្លែ ផ្លែឈើ -កម្ពុជាពឹងផ្អែកលើវិស័យកសិកម្មធំជាងគេ -ជួយកាត់បន្ថយប្រជាជនចំណាត់ស្រុក -ជាដំណាំចិញ្ចឹមពោះ។ ខ. គេចែកកសិករជាពីរប្រភេទ៖ -កសិករធ្វើស្រែដើម្បីចិញ្ចឹមពោះនិងសម្រាប់លក់ នាំចេញទៅក្រៅប្រទេស -កសិករចិញ្ចឹមសត្វ គោរ ក្របី មាន់ទា និងត្រីសម្រាប់ជីវភានឲពរស់នៅលក់ទៅកាន់ផ្សារ។,15,12,3,0.8,0.775390625,3,12,0,0
442,តើការស្ថិតនៅក្រៅសារពាង្គកាយនៃពងស្វាសមានសារៈសំខាន់ដូចម្តេច?,ការស្ថិតនៅក្រោមសារពាង្គកាយនៃពងស្វាសមានសារៈសំខាន់ដូចជាដើម្បីរក្សាសីតុណ្ហភាពឲ្យ ទាបជាងសីតុណ្ហភាពក្នុងខ្លួន ប្រហែលពី(2-3)សីតុណ្ហភាពក្នុងខ្លួន37 ។,ការស្ថិតនៅក្រោមសារពាង្គកាយនៃពងស្វាសមានសារៈសំខាន់ក្នុងការផលិតអរម៉ូនភេទឈ្មោលនិង បង្កើតស្ពែម៉ាតូសូអ៊ីត ។,10,3,1,0.3,0.2088623046875,1,2,0,1
443,ហេតុអ្វីបានជាផ្នែកឯកជនជាកម្លាំងដ៏សំខាន់សម្រាប់វិនិយោគនិងធ្វើឲ្យមានកំណើនសេដ្ឋកិច្ចក្នុងប្រទេស?,បានជាផ្នែកឯកជនជាកម្លាំងដ៏សំខាន់សម្រាប់វិនិយោគនិងធ្វើឲ្យមានកំណើនសេដ្ឋកិច្ចក្នុងប្រទេស ព្រោះប្រទេសកម្ពុជាជាប្រទេសអភិវឌ្ឍន៍ សេដ្ឋកិច្ចទីផ្សារដោយបានធ្វើកំណែទម្រង់សហគ្រាសឧស្សាហកម្មឲ្យក្លាយទៅជាកម្មសិទ្ធិឯកជន ។ សេដ្ឋកិច្ចទីផ្សារសេរីនេះនាំឲ្យអ្នករកស៊ីបរទេសចូលចិត្តមកវិនិយោគ ហើយកាលណាផ្នែកឯកជនរឹងមាំមកវិនិយោគ ហើយកាលណាផ្នែកឯកជនមិនរឹងមាំអាចបំពេញបន្ថែមវិនិយោគនិងវិស័យសង្គមកិច្ចមានន័យថាវិស័យឯកជនស្រូបយកកម្លាំងការងារកាន់តែកើនឡើង។,បានជាផ្នែកឯកជនជាកំណើនដ៏សំខាន់សម្រាប់វិនិយោគនិងធ្វើឲ្យមានកំណើនសេដ្ឋកិច្ចក្នុងប្រទេសដោយសារ -ទីផ្សារសេរីធ្វើសហគ្រាសមានសេដ្ឋកិច្ចឯកជន -ផ្នែកឯកជនផ្ដល់កូនចូលសេដ្ឋកិច្ចជាតិ -ជួយបំពេញទីផ្សារសង្គមឲ្យរីកចម្រើន  -សហគ្រាសឯកជនមានឧស្សាហកម្មសិប្បកម្មដែលជួយបំពេញតម្រូវការក្នុងស្រុក -ផ្តល់ការងារដល់ប្រជាជន -ទាក់ទាញឲ្យបរទេសចូលចិត្តមកវិនិយោគក្នុងប្រទេស -ការកាត់បន្ថយប្រជាជនធ្វើចលនាបំផ្លាស់លំនៅ -ឯកជនមានកម្លាំងកាត់បន្ថយបន្ទុកសម្រាប់ជាតិឬកាត់បន្ថយភាពក្រីក្ររបស់ប្រជាជន -ឯកជនរីកចម្រើនធ្វើឲ្យឧស្សាហកម្មមានកម្រិតខ្ពស់ដែលធ្វើប្រទេសអភិវឌ្ឍន៍លឿន.....។,15,8,2,0.5333333333333333,0.465576171875,2,7,0,1
444,ចូរនិយាយពីកំណកាម៉ែតញី។,ការស្ថិតនៅក្រោមសារពាង្គកាយនៃពងស្វាសមានសារៈសំខាន់ដូចជាដើម្បីរក្សាសីតុណ្ហភាពឲ្យ ទាបជាងសីតុណ្ហភាពក្នុងខ្លួន ប្រហែលពី(2-3)សីតុណ្ហភាពក្នុងខ្លួន37 ។,កំណកាម៉ែតញីដំបូងកោសិកាពូជមួយរួមចំណែកពីរដងបន្តបន្ទាប់គ្នា បានកោសិកាអូវ៉ូកូរី4 ។ អូវ៉ូកូរីនីមួយៗរីកមាឌអាចជាអូវ៉ូស៊ីត1 ។អូវ៉ូស៊ីតមួយរងចំណែកមួយនៃមេយោធាហើយត្រូវបាន ឈប់គាំងនៅវគ្គប្រផ្ដាស1 ។,10,5,2,0.5,0.39453125,2,4,0,1
445,តើសេដ្ឋកិច្ចកម្ពុជាពឹងផ្អែកលើវិស័យអ្វីជាសំខាន់?     ក/ ហេតុអ្វីបានជាគេនិយាយថាកម្ពុជាជាប្រទេសកសិកម្ម?     ខ/ តើគេចែកកសិករជាប៉ុន្មានប្រភេទ?អ្វីខ្លះ?,សេដ្ឋកិច្ចកម្ពុជាពឹងផ្អែកលើវិស័យកសិកម្មជាសំខាន់។   ក/ បានជាគេនិយាយថាកម្ពុជាជាប្រទេសឧស្សាហកម្មព្រោះ៖  _  សណ្ឋានដី : ដីមានជីវជាតិល្អនិងសម្បូរទំនាបល្បាប់   _ ផ្លូវទឹក : ផ្លូវទឹកខ្វាត់ខ្វែងងាយស្រួលដល់ការដាំដុះ  _ ប្រជាជន : ប្រជាជនខ្មែរភាគច្រើនចូលចិត្តធ្វើកសិកម្ម  _ អាកាសធាតុ : ទទួលអាកាសធាតុក្តៅសើម  _ កសិកម្មផ្តល់ផល50%នៃផលិតផលជាតិសរុប។  ខ/ គេចែកកសិករទាំងនោះជា4ប្រភេទគឺ៖  _ កសិករធ្វើស្រែឬអ្នកស្រែ : និយមធ្វើស្រែ ស្រូវប្រាំង ស្រូវវស្សា ស្រូវឡើងទឹក  _ កសិករតំបន់ដីខ្ពស់ : គេដាំដំណាំជាអចិន្ត្រៃយ៍(ពោត ដំឡូង ចេក កៅស៊ូសណ្តែក)  _ កសិករធ្វើចម្ការដំណាំស្រូវ : គេដាំដំណាំតាមមាត់ទន្លេ ចិញ្ចឹមសត្វនិងនេសាទ  _ កសិករភូមិភាគឦសាន: គេធ្វើដំណាំព្រៃដុតមានដូចជាពោត ដំឡូង ស្រូវរុក្ខជាតិយកមើមដទៃទៀត និងបរបាញ់សត្វផងដែរ។,សេដ្ឋកិច្ចជាតិផ្អែកលើវិស័យកសិកម្មជាសំខាន់ព្រោះវិស័យនេះសំខាន់ដល់ជាតិដូចជា៖ -និយាយថាកម្ពុជាជាប្រទេសកសិកម្មព្រោះសម្បូរទៅដោយដីមានជីវជាតិល្អ -អនុផលការដាំដុះក្នុងព្រៃឈើដំណាំស្រូវអង្ករជាងគេនៅក្នុងប្រទេសជុំវិញអាស៊ី -កសិកម្មព្រៃដុតគឺដុតព្រៃឈើ -កសិកម្ម អាកាសធាតុអំណោយផលដល់ការដាំដុះ -ការចិញ្ចឹមត្រី -កសិកម្មនេសាទត្រីមាសទីបីកក្កដា តាមព្រៃ -កសិករដាំដុះស្រូវក៏គោលបំណងនៃការចិញ្ចឹម(សត្វមាន់ទា)  +គេបែងចែក៤នោះមួយគឺ -កសិករមិនដាំស្រូវគឺជាកសិករតែធ្វើការដាំដំណាំផ្សេងផ្សេង តែចាំសួរនៅឡើយ  -កសិករធ្វើស្រែចម្ការគឺជាកសិករធ្វើស្រែដាំស្រូវតាមរដូវនិងដាំដំណាំផ្សេងៗផងដែរ -កសិករដាំស្រូវ,20,15,3,0.75,0.58740234375,2,12,1,3
446,ហេតុអ្វីបានជាមនុស្សស្រូបយកខ្យល់ដែលមានកាបូនម៉ណូអុកស៊ីតអាចបង្កគ្រោះថ្នាក់ដល់ស្លាប់បាន?,បានជាមនុស្សស្រូបយកខ្យល់ដែលមានកាបូនម៉ូណូអុកស៊ីដអាចបង្កឲ្យមានគ្រោះថ្នាក់ដល់ស្លាប់ បានព្រោះកាបូនម៉ូណូអុកស៊ីដមានសមត្ថភាពចាប់យក ក្នុងឈាមបានខ្លាំងជាងអុកស៊ីសែន វារារាំងឈាមមិនឲ្យដឹកនាំអុកស៊ីសែនទៅចិញ្ចឹមសរីរាង្គជាពិសេសខួរក្បាលដែលបណ្តាលឲ្យ ស្លាប់និង សន្លប់ ។,បានជាមនុស្សស្រូបយកខ្យល់ដែលមានកាបូនម៉ូណូអុកស៊ីដអាចបង្កឲ្យមានគ្រោះថ្នាក់ដល់ស្លាប់ បានព្រោះកាបូនម៉ូណូអុកស៊ីដមានសមត្ថភាពចាប់យក ក្នុងឈាមបានខ្លាំងជាងអុកស៊ីសែន វារារាំងឈាមមិនឲ្យដឹកនាំអុកស៊ីសែនទៅចិញ្ចឹមសរីរាង្គជាពិសេសខួរក្បាលដែលបណ្តាលឲ្យ ស្លាប់និង សន្លប់ ។,5,4,3,0.8,0.76025390625,3,4,0,0
447,តើកត្តាអ្វីខ្លះដែលធ្វើអោយសម័យអង្គររីកចម្រើនដល់កំពូល?​ ចូលរៀបរាប់។,កត្តាដែលធ្វើអោយសម័យអង្គររីកចម្រើនគឺ: កត្តាព្រះរាជា:ព្រះរាជាចាប់ពីព្រះបាទជ័យវរ្ម័នទី 2 រហូតដល់ព្រះបាទជ័យវរ្ម័នទី 7 សុទ្ធតែជាស្ដេចខ្លាំងពូកែ កត្តានយោបាយ: នយោបាយក្នុងប្រទេសបង្រួបបង្រួមជាតិកសាងនិងការពារទឹកដី នយោបាយក្រៅប្រទេស:ចងសម្ព័ន្ធមិត្តជាមួយប្រទេសធំៗវាយយករដ្ឋតូចដាក់ជាចំណុះ កត្តាសេដ្ឋកិច្ច:រីកចម្រើនលើវិស័យកសិកម្មសិប្បកម្មគណនាគម កត្តាសាសនា:ការឯកភាពគ្នារវាងសាសនាព្រាហ្មនិងព្រះពុទ្ធ កត្តាធនធានមនុស្សបន្សល់ទុកតាំងពីសម័យនគរភ្នំនិងចេនឡាមក។,កត្តាដែលធ្វើអោយសម័យអង្គររីកចម្រើនគឺ: កត្តាព្រះរាជា:ព្រះរាជាចាប់ពីព្រះបាទជ័យវរ្ម័នទី 2 រហូតដល់ព្រះបាទជ័យវរ្ម័នទី 7 សុទ្ធសឹងតែជាស្ដេចខ្លាំងពូកែ កត្តានយោបាយ: នយោបាយក្នុងប្រទេសបង្រួបបង្រួមជាតិកសាងនិងការពារទឹកដី នយោបាយក្រៅប្រទេស:ចងសម្ព័ន្ធមិត្តជាមួយប្រទេសធំៗវាយយករដ្ឋតូចដាក់ជាចំណុះ កត្តាសេដ្ឋកិច្ច:រីកចម្រើនលើវិស័យកសិកម្មសិប្បកម្មគណនាគមន៍ កត្តាសាសនា:ការឯកភាពគ្នារវាងសាសនាព្រាហ្មនិងព្រះពុទ្ធ កត្តាធនធាន:មនុស្សបន្សល់ទុកតាំងពីសម័យនគរភ្នំនិងចេនឡាមក។,10,10,4,1.0,0.98486328125,4,10,0,0
448,តើសេដ្ឋកិច្ចកម្ពុជាពឹងផ្អែកលើវិស័យអ្វីជាសំខាន់?     ក/ ហេតុអ្វីបានជាគេនិយាយថាកម្ពុជាជាប្រទេសកសិកម្ម?     ខ/ តើគេចែកកសិករជាប៉ុន្មានប្រភេទ?អ្វីខ្លះ?,សេដ្ឋកិច្ចកម្ពុជាពឹងផ្អែកលើវិស័យកសិកម្មជាសំខាន់។   ក/ បានជាគេនិយាយថាកម្ពុជាជាប្រទេសឧស្សាហកម្មព្រោះ៖  _  សណ្ឋានដី : ដីមានជីវជាតិល្អនិងសម្បូរទំនាបល្បាប់   _ ផ្លូវទឹក : ផ្លូវទឹកខ្វាត់ខ្វែងងាយស្រួលដល់ការដាំដុះ  _ ប្រជាជន : ប្រជាជនខ្មែរភាគច្រើនចូលចិត្តធ្វើកសិកម្ម  _ អាកាសធាតុ : ទទួលអាកាសធាតុក្តៅសើម  _ កសិកម្មផ្តល់ផល50%នៃផលិតផលជាតិសរុប។  ខ/ គេចែកកសិករទាំងនោះជា4ប្រភេទគឺ៖  _ កសិករធ្វើស្រែឬអ្នកស្រែ : និយមធ្វើស្រែ ស្រូវប្រាំង ស្រូវវស្សា ស្រូវឡើងទឹក  _ កសិករតំបន់ដីខ្ពស់ : គេដាំដំណាំជាអចិន្ត្រៃយ៍(ពោត ដំឡូង ចេក កៅស៊ូសណ្តែក)  _ កសិករធ្វើចម្ការដំណាំស្រូវ : គេដាំដំណាំតាមមាត់ទន្លេ ចិញ្ចឹមសត្វនិងនេសាទ  _ កសិករភូមិភាគឦសាន: គេធ្វើដំណាំព្រៃដុតមានដូចជាពោត ដំឡូង ស្រូវរុក្ខជាតិយកមើមដទៃទៀត និងបរបាញ់សត្វផងដែរ។,សេដ្ឋកិច្ចកម្ពុជាពឹងផ្អែកលើវិស័យកសិកម្មជាសំខាន់។ ក/ បានជាគេនិយាយថា កម្ពុជាជាប្រទេសកសិកម្មពីព្រោះដោយសារតែប្រទេសកម្ពុជាស្ថិតនៅក្នុងតំបន់ត្រូពិចទទួលរងនៅរបបខ្យល់ម៉ូសុងដែលមានអាកាសធាតុក្តៅហើយសើម និងមានភ្លៀងធ្លាក់កន្លះឆ្នាំដែលធ្វើឪ្យប្រទេសកម្ពុជាក្លាយជាប្រទេសដែលគេនិយាយថាកម្ពុជាជាប្រទេសកសិកម្មដែលនៅតំបន់ប្រទេសកម្ពុជាជាសម្បូរនៅដីដែលមានជីវជាតិសម្រាប់ការដាំដុះ ការចិញ្ចឹមសត្វ និងព្រៃឈើ។  _ ផ្ទៃដីប្រមាណ 72.3% ជាកសិករ  _ ផ្តល់ថវិការដល់ជាតិប្រមាណ 34.4%  _ ផ្តល់អាហារដល់មនុស្ស និងសត្វគ្រប់គ្រាន់  _ ផ្តល់វត្ថុធាតុដើម។ ខ/ គេចែកកសិករទាំងអស់ជា ៤ ប្រភេទដូចជា៖  _ ការនេសាទ  _ កសិករដាំស្រូវ ឬធ្វើស្រែ  _ កសិករតំបន់ដីខ្ពស់ តំបន់វាលទំនាបនិងខ្ពង់រាប  _ កសិករធ្វើចំការផ្សេងៗ។,20,12,2,0.6,0.385986328125,2,8,0,4
449,បុព្វហេតុអ្វីខ្លះដែលនាំឲ្យអាណាចក្រចេនឡាបែកបាក់ជាពីរគឺអាណាចក្រចេនឡាដីគោកនិងចេនឡាទឹកលិច?,បុព្វហេតុដែលនាំហើយអាណាចក្រចេនឡាបែកជាពីរគឺ -វិសាលភាពទឹកដីធំទូលាយ -ចម្បាំងអត់ឈប់ឈរ -សមន្ដរដ្ឋបះបោរចង់ផ្ដាច់ខ្លួន -វិបត្តិផ្ទៃក្នុង -ព្រះនាងជ័យទេវីគ្មានសមត្ថភាពគ្រប់គ្រង។,បុព្វហេតុដែលនាំហើយអាណាចក្រចេនឡាបែកជាពីរគឺ -វិសាលភាពទឹកដីធំទូលាយ -ចម្បាំងអត់ឈប់ឈរ -សមន្ដរដ្ឋបះបោរចង់ផ្ដាច់ខ្លួន -វិបត្តិផ្ទៃក្នុង -ព្រះនាងជ័យទេវីគ្មានសមត្ថភាពគ្រប់គ្រង។,7,7,4,1.0,0.98779296875,4,7,0,0
450,តើកម្ពុជាមានបេតិកភណ្ឌអ្វីខ្លះ ដែលបានចុះបញ្ជីបេតិកភណ្ឌរូបី និង អរូបីពិភពលោករបស់អង្គការយូ ណេស្កូ? ចូររៀបរាប់ឲ្យបានប្រាំ។,បេតិកភណ្ឌរូបិយនិងអរូបិយមានដូចជា -ប្រាសាទព្រះវិហារ -ប្រាសាទអង្គវត្ត -ប្រាសាតសម្បូរព្រៃគុក -ប្រាសាទកោះកេរ្ត៍ -របាំព្រះរាជទ្រព្យ -ល្ខោនខោល -ល្បែងប្រជាប្រិយ។,+បេតិកភណ្ឌរូបី -ប្រាសាទព្រះវិហារ -ប្រាសាទអង្គវត្ត -ប្រាសាតសម្បូរព្រៃគុក -ប្រាសាទកោះកេរ្ត៍ -ប្រាសាទតាក្របី '+បេតិកអភណ្ឌរូបី -ប្រាសាទព្រះវិហារ -ប្រាសាទអង្គវត្ត -ប្រាសាតសម្បូរព្រៃគុក -ប្រាសាទកោះកេរ្ត៍ -ល្ខោនស្បែកតូចស្បែកធំ -ក្រមារ -ស្បៃ -ចាបុីដងវែង -របាំព្រះរាជទ្រព្យ,5,5,4,1.0,0.955078125,4,5,0,0
451,តើប្រទេសកម្ពុជាចូលជាសមាជិក សហគមន៍អាសុីអាគ្នេយ៍ទទួលបានផលវិជ្ជមាននិងផលអវិជ្ជមានដូចម្ដេចខ្លះ?,ប្រទេសកម្ពុជាចូលជាសមាជិកសាមាសហគមន៍អាស៊ីអាគ្នេយ៍ទទួលផលវិជ្ជមាននឹងអវិជ្ជមានដូចជា៖ +ផលវិជ្ជមាន៖ -កម្ពុជាលែងឯកោទៅទៀត -បានចូលរួមនៅរាល់ការសម្រេចចិត្តនានាក្នុងតំបន់ -កម្ពុជាបានឈរស្មើមុខមាត់ជាមួយបណ្ដាប្រទេសជាសមាជិកអាស៊ាន -កម្ពុជាមានដៃគូច្រើនទាំងក្នុងតំបន់និងពិភព -កម្ពុជាអាចពង្រីកអនុភាពនិងបង្កើតតួនាទីរបស់ខ្លួនកាន់តែសកម្មភាពដែលក្នុងតំបន់នៃអន្តរជាតិ -កម្ពុជាមានសិទ្ធពេញលេញក្រោមការរៀបចំកិច្ចប្រជុំធំៗក្នុងប្រទេសខ្លួនលក្ខណៈតំបន់និងពិភពលោក -ការលើកលែងទិដ្ឋការ -កម្ពុជាក្លាយជាកន្លែងវិនិយោគដ៏មានសក្តានុពលពាណិជ្ជកម្មរវាងពាណិជ្ជកម្មនិងស្រួលជាងមុនចំពោះទីផ្សារ -សេដ្ឋកិច្ចកម្ពុជាមានកំណើនរៀងរាល់ឆ្នាំ -ប្រជាជនអាចរកការងារធ្វើទាំងក្នុងប្រទេសក្នុងតំបន់និងក្រៅតំបន់ -កំណើនភ្ញៀវទេសចរជាច្រើន +ផលអវិជ្ជមាន៖ -ពាណិជ្ជកម្មសេដ្ឋកិច្ចដំណើរការមិនល្អ -កម្ពុជាបាត់បង់ជំនឿសាសនាប្រពៃណីទំនៀមទម្លាប់,ប្រទេសកម្ពុជាចូលជាសមាជិកសាមាសហគមន៍អាស៑ននៅថ្ងៃទី 30 មេសា 1999 ទទួលផលវិជ្ជមាននឹងអវិជ្ជមានដូចជា៖ +ផលវិជ្ជមាន៖ -កម្ពុជាលែងឯកោតទៅទៀត -បានចូលរួមអភិវឌ្ឈ -បានចូលរួមនៅរាល់ការសម្រេចចិត្តនានាក្នុងតំបន់ -មានទំនាក់ទំនងល្អជាមួយប្រតេសក្នុងតំបន់អាស៑ាន -កម្ពុជាឈរស្មផមុខស្មើមាត់ជាមួយបណ្ដាប្រទេសនានា -កម្ពុជាមានដៃគូច្រើនទាំងក្នុងតំបន់និងពិភព -កម្ពុជាមានឱកាសពេញលេញក្នុងការរៀបចំកិច្ចប្រជុំធំៗ -កម្ពុជាក្លាយជាកន្លែងវិនិយោគដ៏មានសក្តានុពល -ពាណិជ្ជកម្មងាយស្រួលជាងមុនព្រោះសម្បូរទីផ្សារ -កម្ពុជាអាចពង្រីកអានុភាព និងបង្កើតតួនាទីរបស់ខ្លួន។,10,6,2,0.6,0.833984375,3,8,1,2
452,តើសេដ្ឋកិច្ចកម្ពុជាពឹងផ្អែកលើវិស័យអ្វីជាសំខាន់?     ក/ ហេតុអ្វីបានជាគេនិយាយថាកម្ពុជាជាប្រទេសកសិកម្ម?     ខ/ តើគេចែកកសិករជាប៉ុន្មានប្រភេទ?អ្វីខ្លះ?,សេដ្ឋកិច្ចកម្ពុជាពឹងផ្អែកលើវិស័យកសិកម្មជាសំខាន់។   ក/ បានជាគេនិយាយថាកម្ពុជាជាប្រទេសឧស្សាហកម្មព្រោះ៖  _  សណ្ឋានដី : ដីមានជីវជាតិល្អនិងសម្បូរទំនាបល្បាប់   _ ផ្លូវទឹក : ផ្លូវទឹកខ្វាត់ខ្វែងងាយស្រួលដល់ការដាំដុះ  _ ប្រជាជន : ប្រជាជនខ្មែរភាគច្រើនចូលចិត្តធ្វើកសិកម្ម  _ អាកាសធាតុ : ទទួលអាកាសធាតុក្តៅសើម  _ កសិកម្មផ្តល់ផល50%នៃផលិតផលជាតិសរុប។  ខ/ គេចែកកសិករទាំងនោះជា4ប្រភេទគឺ៖  _ កសិករធ្វើស្រែឬអ្នកស្រែ : និយមធ្វើស្រែ ស្រូវប្រាំង ស្រូវវស្សា ស្រូវឡើងទឹក  _ កសិករតំបន់ដីខ្ពស់ : គេដាំដំណាំជាអចិន្ត្រៃយ៍(ពោត ដំឡូង ចេក កៅស៊ូសណ្តែក)  _ កសិករធ្វើចម្ការដំណាំស្រូវ : គេដាំដំណាំតាមមាត់ទន្លេ ចិញ្ចឹមសត្វនិងនេសាទ  _ កសិករភូមិភាគឦសាន: គេធ្វើដំណាំព្រៃដុតមានដូចជាពោត ដំឡូង ស្រូវរុក្ខជាតិយកមើមដទៃទៀត និងបរបាញ់សត្វផងដែរ។,បានជាសេដ្ឋកិច្ចពឹងផ្អែកលើវិស័យកសិកម្មជាសំខាន់លើវិស័យនេះអំណោយផលជាងគេ ក.បានជាគេនិយាយថាកម្ពុជាជាប្រទេសកសិកម្មរួច +សណ្ឋានដីប្រទេសកម្ពុជាស្ថិតនៅលើទំនាបដែលអំណោយផលដល់កសិកម្ម -ប្រទេសកម្ពុជាមានកសិករ ចិតសិបចាញ់សាមសិបបីភាគរយជាដំណាំ -ប្រទេសកម្ពុជាស្ថិតនៅតំបន់ម៉ូស៊ុលក្ដៅសល់តែអនុគ្រោះដល់កសិករដែលធ្វើឲ្យមានរដូវពីរគឺប្រើអំពើហិង្សា -ជាប្រទេសហូបសម្រាប់មនុស្សគ្រប់គ្នា  +កាត់បន្ថយអត្រាអត់ការងារ -កាត់បន្ថយភាពក្រីក្ររបស់ប្រជាជន -ជាវត្ថុធាតុដើមសម្រាប់ប្រើក្នុងឧស្សាហកម្ឯ -ជាអាហារចម្បងសម្រាប់មនុស្ស។ +កម្ពុជាមានប្រព័ន្ធផ្លូវទឹកខ្វាត់ខ្វែងដូចសរសៃឈាម ងាយស្រួលក្នុងការធ្វើអាជីវកម្ម មានទឹកគ្រប់គ្រាន់គមនាគមន៍ ងាយស្រួលដឹកជញ្ជូនមានផ្លូវសម្រាប់ដឹកជញ្ជូន ដោយស្រួល ក្នុងការនាំចេញទៅលក់បន្តថា +ការចែកកសិករជាបួនប្រភេទគឺ -កសិករធ្វើដំណើរជាកសិករដែលធ្វើដំណាំស្រូវ=តែមួយមុខគត់មិនដំណាំផ្សេងផ្សេងទៀតឡើយ -កសិករមិនដាំស្រូវ:ជាកសិករដែលមិនធ្វើដំណាំស្រូវតែធ្វើដំណាំផ្សេងផ្សេង ស្រែចម្ការគឺជា -កសិករដែលធ្វើស្រែដាំស្រូវតាមរដូវនិងដាំដំណាំផ្សេងផ្សេងផងដែរ -កសិករចិញ្ចឹមសត្វគឺជាកសិករដែលចិញ្ចឹមតែសត្វមួយសម្រាប់ទ្រទ្រង់ជីវភាពរស់នៅប្រចាំថ្ងៃ។។,20,16,3,0.8,0.8037109375,3,16,0,0
453,បុព្វហេតុអ្វីខ្លះដែលនាំឲ្យអាណាចក្រចេនឡាបែកបាក់ជាពីរគឺអាណាចក្រចេនឡាដីគោកនិងចេនឡាទឹកលិច?,បុព្វហេតុដែលនាំហើយអាណាចក្រចេនឡាបែកជាពីរគឺ -វិសាលភាពទឹកដីធំទូលាយ -ចម្បាំងអត់ឈប់ឈរ -សមន្ដរដ្ឋបះបោរចង់ផ្ដាច់ខ្លួន -វិបត្តិផ្ទៃក្នុង -ព្រះនាងជ័យទេវីគ្មានសមត្ថភាពគ្រប់គ្រង។,បុព្វហេតុដែលនាំហើយអាណាចក្រចេនឡាបែកជាពីរគឺ -វិសាលភាពទឹកដីធំទូលាយ -ចម្បាំងអត់ឈប់ឈរ -សមន្ដរដ្ឋបះបោរចង់ផ្ដាច់ខ្លួន -វិបត្តិផ្ទៃក្នុង -ព្រះនាងជ័យទេវីគ្មានសមត្ថភាពគ្រប់គ្រង។,7,7,4,1.0,0.98779296875,4,7,0,0
454,តើអ្វីជាសង្គ្រាមត្រជាក់? តើសង្គ្រាមត្រជាក់ផ្ដល់ផលវិបាកអ្វីខ្លះដល់កម្ពុជា?,សង្គ្រាមត្រជាក់គឺជាការប្រឈមមុខដាក់គ្នាដោយប្រយោលរវាងប្លុកលោកខាងលិចដែលប្រកាន់យលលទ្ធិសេរីនិយមដឹកនាំដោយសាហរដ្ឋអាមេរិក ដែលខាងកើតប្រកាន់យកលទ្ធិគុម្មុយនីសដឹកនាំដោយសហភាពសូវៀត។ការប្រឈមមុខគ្នារវាងប្លុកទាំងពីរនេះបង្កើតមានក្នុងវិស័យមនោគមន៍វិជ្ជា នយោបាយ  សេដ្ឋកិច្ច ពាណិជ្ជកម្ម និងទំនាក់ទំនងអន្តរជាតិ។ ផលវិបាកមានដូច៖ -មានវិនាសកម្មការទម្លាក់គ្រាប់បែករបស់សហរដ្ឋអាមេរិក 1969 ដល់ 1973  -សង្រ្គាមស៊ីវិលក្នុងប្រទេសពីឆ្នាំ 1970 ដល់ឆ្នាំ 1975 និងកើតម្ដងទៀតពីឆ្នាំ 1975 ដល់ 1980 ដែលកើតចេញពីការប្រឆាំងគ្នារវាងក្រុមគម្មុយនីសនឹងសេរីនិយម -ការកាប់សម្លាប់ប្រជាជនឯងក្រោមរបបប្រល័យពូជសាសន៍ឆ្នាំ 1975 ដល់ឆ្នាំ 1979  -ការផ្លាស់ប្ដូរនយោបាយញឹកញាប់រហូតដល់មានកិច្ចព្រមព្រៀងសន្តិភាពទីក្រុងប៉ារីស 23 តុលាឆ្នាំ 1991។,សង្គ្រាមត្រជាក់គឺជាការប្រឈមមុខដាក់គ្នាដោយប្រយោលរវាងប្លុកលោកខាងលិចដែលប្រកាន់យលលទ្ធិសេរីនិយមដឹកនាំដោយសាហរដ្ឋអាមេរិក ដែលខាងកើតប្រកាន់យកលទ្ធិគុម្មុយនីសដឹកនាំដោយសហភាពសូវៀត។ការប្រឈមមុខគ្នារវាងប្លុកទាំងពីរនេះបង្កើតមានក្នុងវិស័យមនោគមន៍វិជ្ជា នយោបាយ  សេដ្ឋកិច្ច ពាណិជ្ជកម្ម និងទំនាក់ទំនងអន្តរជាតិ។ ផលវិបាកមានដូច៖ -មានវិនាសកម្មការទម្លាក់គ្រាប់បែករបស់សហរដ្ឋអាមេរិក 1969 ដល់ 1973  -សង្រ្គាមស៊ីវិលក្នុងប្រទេសពីឆ្នាំ 1970 ដល់ឆ្នាំ 1975 និងកើតម្ដងទៀតពីឆ្នាំ 1975 ដល់ 1980 ដែលកើតចេញពីការប្រឆាំងគ្នារវាងក្រុមគម្មុយនីសនឹងសេរីនិយម -ការកាប់សម្លាប់ប្រជាជនឯងក្រោមរបបប្រល័យពូជសាសន៍ឆ្នាំ 1975 ដល់ឆ្នាំ 1979  -ការផ្លាស់ប្ដូរនយោបាយញឹកញាប់រហូតដល់មានកិច្ចព្រមព្រៀងសន្តិភាពទីក្រុងប៉ារីស 23 តុលាឆ្នាំ 1991។,10,9,4,0.9,0.9384765625,4,9,0,0
455,តើប្រព័ន្ធផលិតកម្មកសិកម្មនៅប្រទេសកម្ពុជាមានអ្វីខ្លះ?,ប្រព័ន្ធផលិតកម្មកសិកម្មនៅកម្ពុជាមានដូចជាដំណាំដំណាំស្រូវនិងកៅស៊ូដឹកនាំផ្សេងៗទៀតការចិញ្ចឹមសត្វបានចិញ្ចឹមសត្វលើគោកការចិញ្ចឹមសត្វក្នុងទឹកការនេសាទការនេសាទទឹកសាបការនេសាទទឹកប្រៃ  ព្រៃឈើអនុផលព្រៃឈើរកឃ្មុំជ័រទឹកក្តៅសត្វព្រៃ,ប្រព័ន្ធផលិតកម្មកសិកម្មនៅប្រទេសកម្ពុជាមាន​៖ -ដំណាំស្រូវ -ដំណាំកៅស៊ូ -ការចិញ្ចឹមសត្វលើគោក -ការចិញ្ចឹមសត្វក្នងទឹក -ព្រៃឈើសម្រាប់សម្ភារៈប្រើប្រាស់ -ការនេសាទ។,15,9,2,0.6,0.49169921875,2,7,0,2
456,តើឧស្សាហកម្មមានតួនាទីដូចម្ដេចខ្លះចំពោះសេដ្ឋកិច្ចជាតិ?,ឧស្សាហកម្មមាន​តួនាទីចំពោះសេដ្ឋកិច្ចជាតិដូចជា ៖ ​ _ ជួយបង្កើតថវិការជាតិ ​ _ ជួយបង្កើតទិន្នផលជាតិ ​​ _ ជួយឲ្យសេដ្ឋកិច្ចជាតិរីកចម្រើន  _ ប្រជាជនសំបូរធូរធារ  _អភិវឌ្ឍគ្រប់វិស័យ  _ មានទំនាក់ទំនងល្អជាមួយអ្នកជិតខាង  _ មានភាពរុងរឿងនៅក្នុងប្រទេសជាតិ។,ឧស្សាហកម្មមានតួនាទីចំពោះសេដ្ឋកិច្ចដូចជា៖ -ធ្វើឲ្យសេដ្ឋកិច្ចសង្កេតការណ៍ជាតិរីកចម្រើន  -ធ្វើឲ្យវាមានកំណើនសេដ្ឋកិច្ចគិតថាជាតិ  -ធ្វើឲ្យអ្នកវិនិយោគទុនតាមមកវិនិយោគច្រើនលើផ្នែកសេដ្ឋកិច្ចកិច្ចជាតិ  -ធ្វើឲ្យសេដ្ឋកិច្ចជាតិមានច្រើនជាងមុន -ធ្វើឲ្យសេដ្ឋកិច្ចមានការអភិវឌ្ឍធ្វើឲ្យសេដ្ឋកិច្ចជាតិដើរទៅមុខព្រោះ ប្រជាជនមានការងារធ្វើ ជញ្ជីងឃើញមានសកម្មភាព  -ការឡើង ធ្វើឲ្យផ្នែកផ្សេងរីកចម្រើនសេដ្ឋកិច្ចជាតិកើនឡើងធ្វើឲ្យមាន -ការនាំចេញនាំចូលច្រើនជាង កំណើនសេដ្ឋកិច្ចជាតិ ។,15,15,4,1.0,0.890625,4,13,0,2
457,តើគេចែកយុគសម័យបុរេប្រវត្តិសាស្ត្រកម្ពុជាជាប៉ុន្មានយុគសម័យ?អ្វីខ្លះ?,គេចែកយុគសម័យបុរេប្រវត្តិសាស្ត្រកម្ពុជាជាបីយុគសម័យគឺ -យុគថ្មបំបែក (600000 - 12000 ឆ្នាំមុនគ.ស) -យុគថ្មរលីងឬសំលៀង (8000 - 2000 ឆ្នាំមុនគ.ស) -យុគលោហៈ(2000-100 ឆ្នាំមុនគ.ស)។,គេចែកយុគសម័យបុរេប្រវត្តិសាស្ត្រកម្ពុជាជាបីយុគសម័យគឺ -យុគថ្មបំបែក (600000 - 12000 ឆ្នាំមុនគ.ស) -យុគថ្មរលីងឬសំលៀង (8000 - 2000 ឆ្នាំមុនគ.ស) -យុគលោហៈ(2000-100 ឆ្នាំមុនគ.ស)។,5,5,4,1.0,0.9912109375,4,5,0,0
458,ដូចម្តេចដែលហៅថាមេយ៉ូស? ចូរនិយាយពីវគ្គផ្សេងៗនៃមេយ៉ូស។,មេយ៉ូសជាសំណុំនៃចំណែកកោសិកាពីរដងបន្តបន្ទាប់គ្នាដែលបង្កើតបានជាកោសិកាអាលូអុីតបួន ហៅថាមេយ៉ូស ។ _តេឡូផាស1 ស៊ីតូប្លាសចែកខ្លួនបានជាកោសិកាកូនពីរ ។កោសិកាកូននីមួយៗទទួលបានក្រូម៉ូសូម តែមួយពីរគូអូម៉ូឡូក ។ _ប្រផាស1 មានរយៈពេលវែង ។ _អាណាផាស1 ក្រូម៉ូសូមដំរៀបលើផ្លាស់ភ្ជាប់នឹងក្រយ៉ូងក្រូម៉ាទិចដោយសង់ក្រូងទ័ររបស់វា ។ _តេឡូផាស2 ក្រូម៉ូមនីមួយៗបានមកដល់ប៉ូលភ្នាស _មេតាផាស2 ក្រូម៉ូសូមប្រេះតាមបណ្ដោយភ្ជាប់ខ្លួនទៅនិងក្រយ៉ងក្រូម៉ាទិចដោយសង់ _ប្រូដាស2 ត្តយ៉ងអាក្រូម៉ាទិតកើតមានក្នុងកោសិកាគូនីមួយៗ _អាណាផាស2 សង់ក្រូម៉ែធ្វើចំណែកដែលនាំអោយក្រូម៉ាទិចបងប្អូនដាច់ចេញពីគ្នា ។បន្ទាប់មក ក្រូម៉ូសូមកូនទាំង2ធ្វើដំណើរឆ្ពោះទៅប៉ូលផ្ទុយគ្នារបស់ត្រយ៉ូងអាក្រូម៉ាទិច ។,មេយ៉ូសជាសំណុំនៃចំណែកកោសិកាពីរដងបន្តបន្ទាប់គ្នាដែលបង្កើតបានជាកោសិកាអាលូអុីតបួន ហៅថាមេយ៉ូស ។ _តេឡូផាស1 _ប្រផាស1  _អាណាផាស1 _មេតាផាស2  _ប្រូដាស2,10,5,2,0.5,0.479248046875,2,5,0,0
459,ហេតុអ្វីបានជាផ្នែកឯកជនជាកម្លាំងដ៏សំខាន់សម្រាប់វិនិយោគនិងធ្វើឲ្យមានកំណើនសេដ្ឋកិច្ចក្នុងប្រទេស?,បានជាផ្នែកឯកជនជាកម្លាំងដ៏សំខាន់សម្រាប់វិនិយោគនិងធ្វើឲ្យមានកំណើនសេដ្ឋកិច្ចក្នុងប្រទេស ព្រោះប្រទេសកម្ពុជាជាប្រទេសអភិវឌ្ឍន៍ សេដ្ឋកិច្ចទីផ្សារដោយបានធ្វើកំណែទម្រង់សហគ្រាសឧស្សាហកម្មឲ្យក្លាយទៅជាកម្មសិទ្ធិឯកជន ។ សេដ្ឋកិច្ចទីផ្សារសេរីនេះនាំឲ្យអ្នករកស៊ីបរទេសចូលចិត្តមកវិនិយោគ ហើយកាលណាផ្នែកឯកជនរឹងមាំមកវិនិយោគ ហើយកាលណាផ្នែកឯកជនមិនរឹងមាំអាចបំពេញបន្ថែមវិនិយោគនិងវិស័យសង្គមកិច្ចមានន័យថាវិស័យឯកជនស្រូបយកកម្លាំងការងារកាន់តែកើនឡើង។,ព្រោះវិស័យឯកជនជាក្បាលម៉ាស៊ីនសំខាន់សម្រាប់វិនិយោគនិងធ្វើឱ្យមានកំណើនសេដ្ឋកិច្ចក្នុងប្រទេសព្រោះ៖ -ការប្រើប្រាស់ រួម ជីគីមីលើលើសកម្រិត -ការបំពុលទឹក -ការដុតព្រៃ រួមទាំងសត្វ -ការធ្វើអាជីវកម្មព្រៃឈើខុសច្បាប់ -ការឆក់ត្រី ប្រើគ្រឿងឆក់ដែលប៉ះពាល់ជម្រកត្រី  -បំផ្លាញព្រៃលិចទឹក -ការជួញដូរឈើខុសច្បាប់ -ការនេសាទត្រីរដូវត្រីពង -ការចាប់សត្វព្រៃដែលគេអភិរក្សយកទៅលក់ខុសច្បាប់។,15,6,2,0.4,0.3408203125,1,5,1,1
460,ចូរពណ៏នាពីការអភិវឌ្ឍសេដ្ឋកិច្ច សង្គម នៅកម្ពុជាពីឆ្នាំ១៩៩៣ មកទល់សព្វថ្ងៃ?,ការអភិវឌ្ឈនៅកម្ពុជា +វិស័យសេដ្ឋកិច្ច -ជួយជំរុញវិស័យកសិកម្ម ឧស្សាហកម្ម ពាណិជ្ជកម្ម ទេសចរណ៌ មានការអភិវឌ្ឈ -មានកំណើនការវិនិយោគពីឯកជនបង្កើតទុនបរទេស -មានទំនាក់ទំនងពាណិជ្ជកម្មអន្តរជាតិជាមួយអាស៊ាននិងមហាអំណាចធំៗ -មានកំណើនភ្ញៀវទេសចរណ៌ជាតិនិងអន្តរជាតិ ផ្ដល់ចំណូលដល់ប្រជាជន -កសាងហេដ្ឋារចនាសម្ព័ន្ធ មានផ្លូវថ្នល់ ស្ពានដែក កំពង់ផែ អាកាសយាន្តដ្ឋាន ដោយបំពាក់ប្រព័ន្ធទឹកភ្លើងពីទីក្រុងទៅជនបទ +វិស័យសង្គម -មានការទប់ស្កាត់សង្គ្រាម -លើកស្ទួយការគោរពសិទ្ធិមនុស្ស -ទប់ស្កាត់អំពើពុករលួយ -ធ្វើឱ្យរដ្ឋាភិបាលមានលទ្ធភាពសម្រេចផែនការនានាតាមការកំណត់ -ជួយឱ្យមានរក្សាសន្តិភាព សុខសុវត្ថិភាព -មានការអភិវឌ្ឈសាលារៀន មន្ទីរពេទ្យ -មានសមភាពយែនឌ័រក្នុងសង្គម -កម្ពុជារៀបចំកម្មវិធីធំៗថ្នាក់ជាតិ។,ការអភិវឌ្ឍនសិដ្ឋកិច្ចសង្គមកម្ពុជា1993 មកទល់សព្វថហងៃមានដូចជា +នយោបាយឈ្នះ-ឈ្នះ:  -នយោបាយឈ្នះ-ឈ្នះ បានធ្វើឲរាជរដ្ឋាភិបាលដាក់ចេញនៅយុទ្ធសាស្ត្រត្រីកោណនិងយុទ្ធសាស្ត្រវតុកោណក្នុង្រអភិវឌ្ឍសេដ្ឋកិច្ចសង្គម សមភាពយែនឌ័រ  ហិរញ្ញវុត្ថុ លុបបំបាត់អំពើពុករលួយ ការគ្រប់គ្រងធនធានធម្មជាតិប្រកបដោយចីរភាព។ +វិស័យសេដ្ឋកិច្ច: -បង្កើតទំនាក់ទំនងពាណិជ្ជកម្មអន្តរជាតិនិងជាមួយអាស៊ាន ហើយមហាអំណាចធំៗនៅលើពិភពលោក -កសិកម្មមានការរីកចម្រើនព្រោះរាជរដ្ឋាភិបាលបានយកចិត្តទុកដាក់ក្នុងការបង្កើតបករព័ន្ធធារាសាស្ត្រ -អនុវត្តសេដ្ឋកិច្ចទីផ្សារសេរីកម្ពុជាបានក្លាយជាកន្លែងទាក់ទាញវិនិយោគទុនបរទេស -ជំរុញនិងលើកទឹកចិត្តការវិនិយោគពីឯកជនបង្កើតទុនបរទេស -ជំរុញវិស័យឧស្សាហកម្មមានការរីកចម្រើនផ្នែករោងចក្រសហគ្រាសតូចធំជាពិសេសរោងចក្រវាយភ័ណ្ឌដែលជួយបង្កើតការងារ ប្រាក់ចំណូល កាត់បន្ថយភាពក្រីក្រ  និងចំណាកស្រុក -រៀបចំការបោះឆ្នោតដោយខ្ញួនឯងប្រកបដោយជោគជ័យទៅតាមលទ្ធិប្រជាធិបតេយ្យ -នៅឆ្នាំ2002-2012ប្រទេសកម្ពុជាបានក្លាយជាប្រធានអាស៊ាន -អត្រាប្ដូប្រាក់មានស្ថេរភាព -ឆ្នាំ1993មកដល់បច្ចុប្បន្នរាជរដ្ឋាភិបាលបានរៀបចំសណ្ដាប់ធ្នាប់នៅក្ហុងប្រទេសរក្សាសុខសន្តិភាព។ +វិស័យសង្គម -ធ្វើឱ្យសមទ្ធិផលជាច្រើនបានកើតឡើង -កសាងសាលារៀនគ្រប់កម្រិតថ្នាក់ពីមតេយ្យសិក្សារហូតដល់សកលវិទ្យាល័យ -កសាងមន្ទីរពេទ្យ ផ្លូវថ្នល់ ស្ពាន ស្ពានអាកាសនិងប្រព័ន្ធធារាសាស្ត្រ ដោយបំពាក់ប្រព័ន្ធទឹកភ្លើងពីទីក្រុងដល់េជនបទ។,10,10,4,1.0,0.95751953125,4,10,0,0
461,តើឧស្សាហកម្មមានតួនាទីដូចម្ដេចខ្លះចំពោះសេដ្ឋកិច្ចជាតិ?,ឧស្សាហកម្មមាន​តួនាទីចំពោះសេដ្ឋកិច្ចជាតិដូចជា ៖ ​ _ ជួយបង្កើតថវិការជាតិ ​ _ ជួយបង្កើតទិន្នផលជាតិ ​​ _ ជួយឲ្យសេដ្ឋកិច្ចជាតិរីកចម្រើន  _ ប្រជាជនសំបូរធូរធារ  _អភិវឌ្ឍគ្រប់វិស័យ  _ មានទំនាក់ទំនងល្អជាមួយអ្នកជិតខាង  _ មានភាពរុងរឿងនៅក្នុងប្រទេសជាតិ។,ឧស្សាហកម្មមានតួនាទីចំពោះសេដ្ឋកិច្ចជាតិដូចជា៖  _ ផ្តល់ការងារដល់ប្រជាជនក្នុងស្រុក  _ មានចេញចូលទំនិញទៅខាងក្រៅប្រទេស  _ មានចំណូលចូលរដ្ឋ  _ ប្រជាជនមានជីវភាពធូធារ _ ជួយបង្កើនប្រាក់ចំណូលចូលជាតិ20.8% ឆ្នាំ2008 _ ជួយរក្សាលំនឹងសេដ្ឋកិច្ច។,15,14,4,0.9333333333333333,0.95654296875,4,14,0,0
462,ដូចម្តេចដែលហៅថាមេយ៉ូស? ចូរនិយាយពីវគ្គផ្សេងៗនៃមេយ៉ូស។,មេយ៉ូសជាសំណុំនៃចំណែកកោសិកាពីរដងបន្តបន្ទាប់គ្នាដែលបង្កើតបានជាកោសិកាអាលូអុីតបួន ហៅថាមេយ៉ូស ។ _តេឡូផាស1 ស៊ីតូប្លាសចែកខ្លួនបានជាកោសិកាកូនពីរ ។កោសិកាកូននីមួយៗទទួលបានក្រូម៉ូសូម តែមួយពីរគូអូម៉ូឡូក ។ _ប្រផាស1 មានរយៈពេលវែង ។ _អាណាផាស1 ក្រូម៉ូសូមដំរៀបលើផ្លាស់ភ្ជាប់នឹងក្រយ៉ូងក្រូម៉ាទិចដោយសង់ក្រូងទ័ររបស់វា ។ _តេឡូផាស2 ក្រូម៉ូមនីមួយៗបានមកដល់ប៉ូលភ្នាស _មេតាផាស2 ក្រូម៉ូសូមប្រេះតាមបណ្ដោយភ្ជាប់ខ្លួនទៅនិងក្រយ៉ងក្រូម៉ាទិចដោយសង់ _ប្រូដាស2 ត្តយ៉ងអាក្រូម៉ាទិតកើតមានក្នុងកោសិកាគូនីមួយៗ _អាណាផាស2 សង់ក្រូម៉ែធ្វើចំណែកដែលនាំអោយក្រូម៉ាទិចបងប្អូនដាច់ចេញពីគ្នា ។បន្ទាប់មក ក្រូម៉ូសូមកូនទាំង2ធ្វើដំណើរឆ្ពោះទៅប៉ូលផ្ទុយគ្នារបស់ត្រយ៉ូងអាក្រូម៉ាទិច ។,មេយ៉ូសជាសំណុំនៃចំណែកកោសិកាពីរដងបន្តបន្ទាប់គ្នាដែលបង្កើតបានជាកោសិកាអាលូអុីតបួន ហៅថាមេយ៉ូស ។ _ប្រផាស1 មានរយៈពេលវែង ។ _អាណាផាស1 ក្រូម៉ូសូមដំរៀបលើផ្លាស់ភ្ជាប់នឹងក្រយ៉ូងក្រូម៉ាទិចដោយសង់ក្រូងទ័ររបស់វា ។ _តេឡូផាស1 ស៊ីតូប្លាសចែកខ្លួនបានជាកោសិកាកូនពីរ ។កោសិកាកូននីមួយៗទទួលបានក្រូម៉ូសូម តែមួយពីរគូអូម៉ូឡូក ។ _តេឡូផាស2 ក្រូម៉ូមនីមួយៗបានមកដល់ប៉ូលភ្នាស _មេតាផាស2 ក្រូម៉ូសូមប្រេះតាមបណ្ដោយភ្ជាប់ខ្លួនទៅនិងក្រយ៉ងក្រូម៉ាទិចដោយសង់ _ប្រូដាស2 ត្តយ៉ងអាក្រូម៉ាទិតកើតមានក្នុងកោសិកាគូនីមួយៗ,10,8,3,0.8,0.68994140625,3,7,0,1
463,តើព្រះអង្គឌួងមានស្នាព្រហស្ថអ្វីខ្លះចំពោះប្រទេសជាតិនិងប្រជារាស្ត្រខ្មែរ?,ព្រះបាទអង្គឌួងមានស្នាព្រហស្តដូចជាផ្នែករដ្ឋបាលរៀបចំប្រព័ន្ធរដ្ឋបាលនិងច្បាប់ទម្លាប់ស្ដារឡើងវិញមានរបៀបផ្នែកសេដ្ឋកិច្ចលើកស្ទួយវិស័យកសិកម្មជួសជុលប្រព័ន្ធ សេះនិងពាណិជ្ជកម្ម ភ្នែកបរទេសស្វែងរកជំនួយពីបារាំងដើម្បីទប់ទល់នឹងការត្រួតត្រាយួននិងសៀម ផ្នែកវប្បធម៌លើកស្ទួយវប្បធម៌អក្សរសាស្ត្រខ្មែរនិង សាសនា កត្តាផ្ទៃក្នុង ការបែកបាក់រាជវង្សានុវង្សបែកបាក់សាមគ្គី។,ព្រះអង្គដួលមានស្នាព្រហស្តចំពោះប្រទេសជាតិនិងប្រជារាស្ត្រខ្មែរ ការពារទឹកដីខ្មែរពីចោរកម្មសៀមនិងយួន ទាក់ទងជាមួយបារាំងដើម្បីការពារប្រទេសកម្ពុជា កសាងក្រុងឧដុង្គកំពង់ផែកំពតកំពង់ផែ ថៃកំពង់ផែហ្វូងកសាងផ្លូវគមនាគមន៍ កសាងវប្បធម៌ខ្មែរវត្តអារាមសាលារៀនសាកលវិទ្យាល័យអក្សរសាស្ត្រគំរាមច្បាប់ស្រី រៀបចំរដ្ឋបាលស្រុកទេសច្បាប់ទម្លាប់ហាមនេសាទត្រីល្មើសច្បាប់ដាក់ទណ្ឌកម្មដល់អ្នកញៀនអាភៀនស្រាល្បែង។,15,15,4,1.0,0.880859375,4,13,0,2
464,តើឧស្សាហកម្មមានតួនាទីចំពោះសេដ្ឋកិច្ចជាតិយ៉ាងដូចម្ដេច?,ឧស្សាហកម្មមានតួនាទីសម្រាប់សេដ្ឋកិច្ចជាតិដូចជា -ជួយបង្កើតប្រាក់ចំណូលចូលជាតិ -បង្កើតការងារដល់ប្រជាជន -បង្កើតប្រាក់ចំណូលចូលក្នុងគ្រួសារ -ប្រជាជនមានជីវភាពធូរធារ -ជួយរក្សាជញ្ជីងពាណិជ្ជកម្ម -ជួយបង្កើតទិន្នផលសម្រាប់ការនាំចេញនាំចូល -បង្កើននូវសង្ឃភារៈសម្រាប់ប្រើប្រាស់។,ឧស្សាហកម្មមានតួនាទីចំពោះសេដ្ឋកិច្ចជាតិដូចជា៖ -ការធ្វើស្រែចម្ការលក់ -ការបង់ពន្ធផ្លូវ រថយន្ត របស់ផ្សេងៗ -ការលក់ដូរ -ការចិញ្ចឹមសត្វ (គោ ជ្រូក មាន់ ទា) -ការដឹកជញ្ចូនវត្ថុធាតុមានតម្លៃទៅលក់នៅក្រៅប្រទេស -ការនាំចេញនាំចូលផលិតផលចេញចូលទាំងក្នុងស្រុកនិងក្រៅស្រុក -ភ្ញៀវទេសចរណ៍ចូលលេងក្នុងស្រុក​​ -ការកសាងជាតិ (ផ្ទះ អគារ ហេដ្ឋារចនាសម្ព័ន...) -ការកម្មង់អីវ៉ាន់ពីក្រៅស្រុក។,15,15,4,1.0,0.732421875,3,11,1,4
465,តើសង្គមខ្មែរនៅសម័យអង្គរមានប៉ុន្មានវណ្ណៈ? វណ្ណៈអ្វីខ្លះ? ចូលរៀបរាប់។,សង្គមខ្មែរនៅសម័យអង្គរមានប្រាំវណ្ណៈគឺ -វណ្ណៈក្សត្រឬរាជវង្សនុវង្ស (ជាស្ដេចគ្រប់គ្រងប្រទេស -វណ្ណៈមន្ត្រី (អ្នករស់នៅក្នុងរាជវាំងបម្រើស្ដេច) -វណ្ណៈព្រាហ្ម៍ឬបុព្វជិត​(គឺជាអ្នកបួស) -វណ្ណៈអ្នកជាឬកសិករ (អ្នករស់នៅនឹងធ្វើស្រែចម្ការ) -វណ្ណៈអ្នកងារឬទាសករ(ទាសករបម្រើគេតកូនតចៅ)។,សង្គមខ្មែរនៅសម័យអង្គរមានប្រាំវណ្ណៈគឺ -វណ្ណៈក្សត្រឬរាជវង្សនុវង្ស (ជាអ្នកគ្រប់គ្រងប្រទេសទាំងមូល ) -វណ្ណៈមន្ត្រី (ជាអ្នកធ្វើការអោយព្រះមហាក្សត្រនិងខ្សែររាជវង្សដូចជាអ្នកជូនដំណឹង) -វណ្ណៈព្រាហ្ម៍ឬបុព្វជិត​(គឺជាអ្នកត្រាស់ដឹងឬជាអ្នកគោរពសាសនា) -វណ្ណៈប្រជាពលរដ្ធទូទៅ(ជាប្រជាជនធម្មតា) -វណ្ណៈអ្នកងារឬទាសករ(ជាអ្នកបម្រើគេអស់មួយជីវិត)។,10,9,4,0.9,0.97900390625,4,10,0,1
466,ដូចម្តេចដែលហៅថាមេយ៉ូស? ចូរនិយាយពីវគ្គផ្សេងៗនៃមេយ៉ូស។,មេយ៉ូសជាសំណុំនៃចំណែកកោសិកាពីរដងបន្តបន្ទាប់គ្នាដែលបង្កើតបានជាកោសិកាអាលូអុីតបួន ហៅថាមេយ៉ូស ។ _តេឡូផាស1 ស៊ីតូប្លាសចែកខ្លួនបានជាកោសិកាកូនពីរ ។កោសិកាកូននីមួយៗទទួលបានក្រូម៉ូសូម តែមួយពីរគូអូម៉ូឡូក ។ _ប្រផាស1 មានរយៈពេលវែង ។ _អាណាផាស1 ក្រូម៉ូសូមដំរៀបលើផ្លាស់ភ្ជាប់នឹងក្រយ៉ូងក្រូម៉ាទិចដោយសង់ក្រូងទ័ររបស់វា ។ _តេឡូផាស2 ក្រូម៉ូមនីមួយៗបានមកដល់ប៉ូលភ្នាស _មេតាផាស2 ក្រូម៉ូសូមប្រេះតាមបណ្ដោយភ្ជាប់ខ្លួនទៅនិងក្រយ៉ងក្រូម៉ាទិចដោយសង់ _ប្រូដាស2 ត្តយ៉ងអាក្រូម៉ាទិតកើតមានក្នុងកោសិកាគូនីមួយៗ _អាណាផាស2 សង់ក្រូម៉ែធ្វើចំណែកដែលនាំអោយក្រូម៉ាទិចបងប្អូនដាច់ចេញពីគ្នា ។បន្ទាប់មក ក្រូម៉ូសូមកូនទាំង2ធ្វើដំណើរឆ្ពោះទៅប៉ូលផ្ទុយគ្នារបស់ត្រយ៉ូងអាក្រូម៉ាទិច ។,ដែលហៅថាមេយ៉ូសគឺជាសំណុំនៃចំណែកកោសិកាពីដងបន្តបន្ទាប់គ្នាបង្កើតបានជាកោសិកា អាប្លូអុីត4 ។វគ្គផ្សេងនៃមេយ៉ូសមានដូចជា  _ប្រផាស1 មានរយៈពេលវែង ។ _អាណាផាស1 ក្រូម៉ូសូមដំរៀបលើផ្លាស់ភ្ជាប់នឹងក្រយ៉ូងក្រូម៉ាទិចដោយសង់ក្រូងទ័ររបស់វា ។ _តេឡូផាស1 ស៊ីតូប្លាសចែកខ្លួនបានជាកោសិកាកូនពីរ ។កោសិកាកូននីមួយៗទទួលបានក្រូម៉ូសូម តែមួយពីរគូអូម៉ូឡូក ។,10,6,2,0.6,0.62353515625,2,6,0,0
467,តើឧស្សាហកម្មមានតួនាទីចំពោះសេដ្ឋកិច្ចជាតិយ៉ាងដូចម្ដេច?,ឧស្សាហកម្មមានតួនាទីសម្រាប់សេដ្ឋកិច្ចជាតិដូចជា -ជួយបង្កើតប្រាក់ចំណូលចូលជាតិ -បង្កើតការងារដល់ប្រជាជន -បង្កើតប្រាក់ចំណូលចូលក្នុងគ្រួសារ -ប្រជាជនមានជីវភាពធូរធារ -ជួយរក្សាជញ្ជីងពាណិជ្ជកម្ម -ជួយបង្កើតទិន្នផលសម្រាប់ការនាំចេញនាំចូល -បង្កើននូវសង្ឃភារៈសម្រាប់ប្រើប្រាស់។,ឧស្សាហកម្មមានតួនាទីចំពោះសេដ្ឋកិច្ចជាតិយ៉ាង៖ -ជួយបង្កើតការងារដល់ប្រជាជន -ជួយបង្កើនថវិកាជាតិ -ជួយឲ្យសេដ្ឋកិច្ចដើរទៅមុខ -ឧស្សាហកម្មកាត់ដេរ ឧស្សាហកម្មនេះមិនទៀងទាត់ និងមិនរឹងមាំព្រោះតម្រូវការបោះទំនិញថយចុះ រួមទាំងការប្រកួតប្រវែងទីផ្សារ ដូចគ្នានៃបណ្ដាប្រទេសផ្សេងៗ និងតម្លៃដឹកជញ្ចូន។,15,8,2,0.5333333333333333,0.47119140625,2,7,0,1
468,ចូររៀបរាប់អំពីទំនាក់ទំនងរវាងការដាំដុះអាជីវកម្មព្រៃឈើនិងនេសាទ។,ទំនាក់ទំនងរវាង ការដាំដុះអាជីវកម្មព្រៃឈើ និងការនេសាទ៖  _ ការដាំដុះអាជីវកម្មព្រៃឈើ និងការនេសាទ ជាភោគទ្រព្យយ៉ាងសំខាន់សម្រាប់ប្រជាជនក្នុងការទ្រទ្រង់ក្នុងជីវភាពរស់នៅនិងការអភិវឌ្ឍន៍ប្រទេសជាតិ   _ ដើម្បីបំពេញតម្រូវការក្នុងកសិកម្មផលិតកម្មនិងត្រូវការផ្សេងៗ មនុស្សនាំគ្នាកាប់ព្រៃឈើដើម្បីធ្វើអាជីវកម្មព្រៃឈើជាមូលហេតុធ្វើឲ្យអាកាសធាតុប្រែប្រួលប៉ះពាល់ដល់ជីវិតមនុស្ស សត្វ និងរុក្ខជាតិ  ​ _ អតិផលនៃប្រព័ន្ធកសិកម្ម នាំឲ្យមានកំណើននៃការប្រើប្រាស់គីមីនិងថ្នាំសម្លាប់សត្វល្អិត។ ជីគីមី និងថ្នាំសម្លាប់សត្វល្អិត ទាំងនោះហូរទៅផ្ដុំគ្នានៅតាមផ្លូវទឹកនានា បំផ្លាញជីវិតសត្វនិងពូជធម្មជាតិ។,រៀបរាប់ពីទំនាក់ទំនងរវាងការដាំដុះ ការចិញ្ចឹមសត្វ និងការនេសាទ៖ -ការនេសាទការនេសាទត្រីសម្រាប់បរិភោគនិងធ្វើអាជីវកម្ម -ការលក់ដូរត្រីដើម្បីផ្គត់ផ្គង់ជីវភាពគ្រួសារការនេសាទត្រីឲ្យមាន តើអ្នកនឹងមិនមានរដូវដែលខុសពីរាត្រី ក៏  -មិន ដែលច្បាស់អ្នកនេសាទអីទេហើយវាអាចប៉ះពាល់ជីវភាពហើយការធ្វើអាជីវកម្មនេះ ការឌីហ្សាញនិងការដាំដុះព្រៃស្ពឺគឺជាភាពព្រោះយ៉ាងសំខាន់នៅក្នុងវិស័យ -កសិកម្មសម្រាប់ប្រជាជនកម្ពុជា លោកទ្រទ្រង់ ភាពរបស់ប្រជាជនអាជីវកម្មព្រៃឈើ -គឺជាការកាប់ឈើយកធ្វើអាជីវកម្មលក់ដូរដើម្បីយកថវិកាមកទល់ទ្រូងប្រទេសជាតិនិងគ្រួសារ  -កាប់ព្រៃឈើឲ្យត្រូវទៅតាមកាលកំណត់របស់ក្រសួងគឺគ្មានការខុសច្បាប់នោះទេ -ដើម្បីនាំឈើចេញទៅក្រៅប្រទេស ការដាំដុះគឺជាការដាំដុះនិងការធ្វើ  -កសិកម្មដើម្បីផលិត ទ្រព្យសម្រាប់ជួយជាតិសំខាន់  -ការដាំដុះលើប្រទេសកម្ពុជាគឺជាការបន្តប្រមូលផលសម្រាប់គម្រោងថវិកា ជូនប្រទេសជាតិនិងគ្រួសារ  -ប្រព័ន្ធផលផលិតកម្មកសិកម្មនៅប្រទេសកម្ពុជាមានព្រៃឈើការនេសាទការនេសាទត្រីទឹក -សាបការនេសាទត្រីប្រៃការដាំដុះ ស្រូវកៅស៊ូពោតសណ្ដែកព្រៃឈើផ្សេងផ្សេង ព្រៃឈើព្រៃឈើផ្គត់ផ្គង់ដល់ប្រជាជន -ការនិងផ្គត់ផ្គង់ជីវភាពរស់នៅប្រចាំថ្ងៃផ្ដល់ការជូនជាតិព្រោះតែ ធម៌បរទេសក៏ឈើប្រណិតនៅប្រទេសកម្ពុជា,15,5,1,0.3333333333333333,0.2301025390625,1,3,0,2
469,តើប្រព័ន្ធផលិតកម្មកសិកម្មនៅក្នុងប្រទេសកម្ពុជាមានអ្វីខ្លះ?ចូររៀបរាប់​ ។,ប្រព័ន្ធផលិតកម្មកសិកម្មនៅប្រទេសកម្ពុជាមាន៖    _ ដំណាំ : ដំណាំស្រូវ ដំណាំកៅស៊ូ ដំណាំផ្សេងៗទៀត    _ ការចិញ្ចឹមសត្វ : ការចិញ្ចឹមសត្វលើគោក ការចិញ្ចឹមសត្វក្នុងទឹក    _ ការនេសាទ : ការនេសាទទឹកសាប ការនេសាទទឹកប្រៃ  _ ព្រៃឈើ : ផលិតផលឈើ អនុផលព្រៃឈើ(រកឃ្មុំ ជ័រទឹក វល្លិ៍ ផ្តៅ) សត្វព្រៃ ។,ប្រព័ន្ធផលិតកម្មនៅប្រទេសកម្ពុជារួមមាន៖ +ដំណាំ  - ដំណាំស្រូវ  -កៅស៊ូ -ដំណាំផ្សេងផ្សេងទៀត +ការចិញ្ចឹមសត្វ -ការចិញ្ចឹមសត្វនៅលើគោក  -ការចិញ្ចឹមសត្វនេសាទ +ព្រៃឈើ -ផលិតកម្មព្រៃឈើអនុផលព្រៃឈើសត្វព្រៃ។,10,10,4,1.0,0.83349609375,3,8,1,2
470,តើមូលហេតុអ្វីបានជាព្រះបាទពញាយ៉ាត ជ្រើសរើសយកចតុមុខធ្វើជារាជធានី?,បានជាព្រះបាទពញាយ៉ាតជ្រើសរើសក្រុងចតុមុខជារាជធានីព្រោះ មានទីតាំងភូមិសាស្ត្រល្អ គេចពីសត្រូវឈ្លានពានសៀម ដីមានជីវជាតិងាយស្រួលក្នុងការធ្វើកសិកម្ម ជាទីប្រសព្វនៃជំនួសទាំងផ្លូវគោកនិងផ្លូវទឹក សម្បូរផ្លូវក្នុងការធ្វើកសិកម្មនិងជំនួញ ភាពខាងត្បូងដីមានប្រជាជនច្រើននិងធនធានដើម្បីកសាងសេដ្ឋកិច្ចជាតិ។,បានជាព្រះបាទពញាយ៉ាតជ្រើសរើសក្រុងចតុមុខជារាជធានីព្រោះ មានទីតាំងភូមិសាស្ត្រល្អ គេចពីសត្រូវឈ្លានពានសៀម ដីមានជីវជាតិងាយស្រួលក្នុងការធ្វើកសិកម្ម ជាទីប្រសព្វនៃជំនួសទាំងផ្លូវគោកនិងផ្លូវទឹក សម្បូរផ្លូវក្នុងការធ្វើកសិកម្មនិងជំនួញ ភាពខាងត្បូងដីមានប្រជាជនច្រើននិងធនធានដើម្បីកសាងសេដ្ឋកិច្ចជាតិ។,10,10,4,1.0,0.96533203125,4,10,0,0
471,តើគេចែកយុគសម័យបុរេប្រវត្តិសាស្ត្រកម្ពុជាជាប៉ុន្មានយុគសម័យ?អ្វីខ្លះ?,គេចែកយុគសម័យបុរេប្រវត្តិសាស្ត្រកម្ពុជាជាបីយុគសម័យគឺ -យុគថ្មបំបែក (600000 - 12000 ឆ្នាំមុនគ.ស) -យុគថ្មរលីងឬសំលៀង (8000 - 2000 ឆ្នាំមុនគ.ស) -យុគលោហៈ(2000-100 ឆ្នាំមុនគ.ស)។,គេចែកយុគសម័យបុរេប្រវត្តិសាស្ត្រកម្ពុជាជាបីយុគសម័យគឺ -យុគថ្មបំបែក (600000 - 12000 ឆ្នាំមុនគ.ស) -យុគថ្មរលីងឬសំលៀង (8000 - 2000 ឆ្នាំមុនគ.ស) -យុគលោហៈ(2000-100 ឆ្នាំមុនគ.ស)។,5,5,4,1.0,0.9912109375,4,5,0,0
472,ចូររៀបរាប់អំពីទំនាក់ទំនងរវាងការដាំដុះអាជីវកម្មព្រៃឈើនិងនេសាទ។,ទំនាក់ទំនងរវាង ការដាំដុះអាជីវកម្មព្រៃឈើ និងការនេសាទ៖  _ ការដាំដុះអាជីវកម្មព្រៃឈើ និងការនេសាទ ជាភោគទ្រព្យយ៉ាងសំខាន់សម្រាប់ប្រជាជនក្នុងការទ្រទ្រង់ក្នុងជីវភាពរស់នៅនិងការអភិវឌ្ឍន៍ប្រទេសជាតិ   _ ដើម្បីបំពេញតម្រូវការក្នុងកសិកម្មផលិតកម្មនិងត្រូវការផ្សេងៗ មនុស្សនាំគ្នាកាប់ព្រៃឈើដើម្បីធ្វើអាជីវកម្មព្រៃឈើជាមូលហេតុធ្វើឲ្យអាកាសធាតុប្រែប្រួលប៉ះពាល់ដល់ជីវិតមនុស្ស សត្វ និងរុក្ខជាតិ  ​ _ អតិផលនៃប្រព័ន្ធកសិកម្ម នាំឲ្យមានកំណើននៃការប្រើប្រាស់គីមីនិងថ្នាំសម្លាប់សត្វល្អិត។ ជីគីមី និងថ្នាំសម្លាប់សត្វល្អិត ទាំងនោះហូរទៅផ្ដុំគ្នានៅតាមផ្លូវទឹកនានា បំផ្លាញជីវិតសត្វនិងពូជធម្មជាតិ។,រៀបរាប់ពីទំនាក់ទំនងរវាងការដាំដុះអាជីវកម្មព្រៃឈើនិងការនេសាទត្រី  ការដាំដុះអាជីវកម្មព្រៃឈើការនេសាទជាភពគ្រាប់សម្រាប់សំខាន់សម្រាប់ប្រទេសកម្ពុជា ក្នុងការទ្រទ្រង់ជីវភាពផងដែរក្នុងការអភិវឌ្ឍប្រទេសជាតិឲ្យមានកាន់តែរីកចម្រើនខ្លាំងឡើងខ្លាំងឡើងនិងធ្វើឲ្យប្រជាជនមានមុខរបរធ្វើដូចជាការនេសាទ ការធ្វើអាជីវកម្មព្រៃឈើ ដំណាំសម្រាប់ផ្គត់ផ្គង់ក្នុងស្រុកនិងនាំចេញទៅក្រៅប្រទេសជិតខាង ដែលធ្វើឲ្យមានប្រាក់ចំណូលដែលធ្វើឲ្យប្រជាជនកាត់បន្ថយភាពក្រីក្រនិងជួយផ្គត់ផ្គង់ជីវភាពរស់នៅ។,15,2,1,0.13333333333333333,0.12188720703125,0,2,1,0
473,តើព្រះអង្គឌួងមានស្នាព្រហស្ថអ្វីខ្លះចំពោះប្រទេសជាតិនិងប្រជារាស្ត្រខ្មែរ?,ព្រះបាទអង្គឌួងមានស្នាព្រហស្តដូចជាផ្នែករដ្ឋបាលរៀបចំប្រព័ន្ធរដ្ឋបាលនិងច្បាប់ទម្លាប់ស្ដារឡើងវិញមានរបៀបផ្នែកសេដ្ឋកិច្ចលើកស្ទួយវិស័យកសិកម្មជួសជុលប្រព័ន្ធ សេះនិងពាណិជ្ជកម្ម ភ្នែកបរទេសស្វែងរកជំនួយពីបារាំងដើម្បីទប់ទល់នឹងការត្រួតត្រាយួននិងសៀម ផ្នែកវប្បធម៌លើកស្ទួយវប្បធម៌អក្សរសាស្ត្រខ្មែរនិង សាសនា កត្តាផ្ទៃក្នុង ការបែកបាក់រាជវង្សានុវង្សបែកបាក់សាមគ្គី។,ព្រះបាទអង្គឌួងមានស្នាព្រហស្តចំពោះប្រទេសជាតិនិងប្រជារាស្ត្រខ្មែរ ការពារទឹកដីខ្មែរពីចោរសៀម កសាងវប្បធម៌ខ្មែរវត្តអារាមសាលារៀន។,15,8,2,0.5333333333333333,0.4326171875,2,6,0,2
474,ចូរនិយាយពីកំណកាម៉ែតញី។,ការស្ថិតនៅក្រោមសារពាង្គកាយនៃពងស្វាសមានសារៈសំខាន់ដូចជាដើម្បីរក្សាសីតុណ្ហភាពឲ្យ ទាបជាងសីតុណ្ហភាពក្នុងខ្លួន ប្រហែលពី(2-3)សីតុណ្ហភាពក្នុងខ្លួន37 ។,កំណកាម៉ែតញីដំបូងកោសិកាពូជមួយរួមចំណែកពីរដងបន្តបន្ទាប់គ្នា បានកោសិកាអូវ៉ូកូរី4 ។ អូវ៉ូកូរីនីមួយៗរីកមាឌអាចជាអូវ៉ូស៊ីត1 ។អូវ៉ូស៊ីតមួយរងចំណែកមួយនៃមេយោធាហើយត្រូវបាន ឈប់គាំង ។,10,2,1,0.2,0.365478515625,1,4,0,2
475,តើសេដ្ឋកិច្ចកម្ពុជាពឹងផ្អែកលើវិស័យអ្វីជាសំខាន់?     ក/ ហេតុអ្វីបានជាគេនិយាយថាកម្ពុជាជាប្រទេសកសិកម្ម?     ខ/ តើគេចែកកសិករជាប៉ុន្មានប្រភេទ?អ្វីខ្លះ?,សេដ្ឋកិច្ចកម្ពុជាពឹងផ្អែកលើវិស័យកសិកម្មជាសំខាន់។   ក/ បានជាគេនិយាយថាកម្ពុជាជាប្រទេសឧស្សាហកម្មព្រោះ៖  _  សណ្ឋានដី : ដីមានជីវជាតិល្អនិងសម្បូរទំនាបល្បាប់   _ ផ្លូវទឹក : ផ្លូវទឹកខ្វាត់ខ្វែងងាយស្រួលដល់ការដាំដុះ  _ ប្រជាជន : ប្រជាជនខ្មែរភាគច្រើនចូលចិត្តធ្វើកសិកម្ម  _ អាកាសធាតុ : ទទួលអាកាសធាតុក្តៅសើម  _ កសិកម្មផ្តល់ផល50%នៃផលិតផលជាតិសរុប។  ខ/ គេចែកកសិករទាំងនោះជា4ប្រភេទគឺ៖  _ កសិករធ្វើស្រែឬអ្នកស្រែ : និយមធ្វើស្រែ ស្រូវប្រាំង ស្រូវវស្សា ស្រូវឡើងទឹក  _ កសិករតំបន់ដីខ្ពស់ : គេដាំដំណាំជាអចិន្ត្រៃយ៍(ពោត ដំឡូង ចេក កៅស៊ូសណ្តែក)  _ កសិករធ្វើចម្ការដំណាំស្រូវ : គេដាំដំណាំតាមមាត់ទន្លេ ចិញ្ចឹមសត្វនិងនេសាទ  _ កសិករភូមិភាគឦសាន: គេធ្វើដំណាំព្រៃដុតមានដូចជាពោត ដំឡូង ស្រូវរុក្ខជាតិយកមើមដទៃទៀត និងបរបាញ់សត្វផងដែរ។,សេដ្ឋកិច្ចកម្ពុជាពឹងផ្អែកលើវិស័យកសិកម្មជាសំខាន់ -ក៏បានគេគេថាកម្ពុជាជាប្រទេសកសិកម្មដូចជា -ប្រទេសកម្ពុជាសម្បូរទៅដោយដីមានជាវិជ្ជាសុំខាននូវការធ្វើស្រូវ -មានព្រៃឈើ -នៅកម្ពុជាសម្បូរទៅដោយធនធានធម្មជាតិ  -ការនាំចេញផលិតផលកសិកម្មទៅក្រៅស្រុកនៅមានការវិនិយោគពីក្រៅប្រទេស +កសិករស្រែចម្ការ -កសិករដំណាំស្រូវថាគេចែកចេញជាពីរ។ +កសិករបើចំណាត់ការ និងកសិករ -ដំណាំស្រូវកសិករស្រែចម្ការការ ដំណាំពោតសណ្តែក -ដំណាំចេញផលទៅលក់នៅទីផ្សារ -ការដាំដំណាំដោយធម្មជាតិគ្មានប្រើប្រាស់ជីគីមី -កសិករធ្វើស្រែចម្ការនេះមិនសំដៅទៅលើកសិករដែលធ្វើដំណាំស្រូវទេនោះគឺសំដៅទៅលើការដាំដំណាំហូបផ្លែ នាំចេញផលិតផលទៅក្រៅស្រុក +កសិករដំណាំស្រូវ -ការដាំដំណាំស្រូបយកអង្ករ -គ្រួសារខ្លះធ្វើស្រូវដាំសម្រាប់ផ្គត់ផ្គង់គ្រួសារតែគ្រួសារខ្លះទៀតធ្វើស្រូវសម្រាប់លក់ខ្លះនិងទុកហូបខ្លះ -ការដាំស្រូវជាតម្រូវការរបស់ប្រជាជនខ្មែរទាំងអស់។,20,14,3,0.7,0.456787109375,2,9,1,5
476,ហេតុអ្វីបានជាមនុស្សស្រូបយកខ្យល់ដែលមានកាបូនម៉ណូអុកស៊ីតអាចបង្កគ្រោះថ្នាក់ដល់ស្លាប់បាន?,បានជាមនុស្សស្រូបយកខ្យល់ដែលមានកាបូនម៉ូណូអុកស៊ីដអាចបង្កឲ្យមានគ្រោះថ្នាក់ដល់ស្លាប់ បានព្រោះកាបូនម៉ូណូអុកស៊ីដមានសមត្ថភាពចាប់យក ក្នុងឈាមបានខ្លាំងជាងអុកស៊ីសែន វារារាំងឈាមមិនឲ្យដឹកនាំអុកស៊ីសែនទៅចិញ្ចឹមសរីរាង្គជាពិសេសខួរក្បាលដែលបណ្តាលឲ្យ ស្លាប់និង សន្លប់ ។,បានជាមនុស្សស្រូបយកខ្យល់ដែលមានកាបូនម៉ូណូអុកស៊ីដអាចបង្កឲ្យមានគ្រោះថ្នាក់ដល់ស្លាប់បាន ព្រោះកាបូនម៉ូណូអុកស៊ីដមានសមត្ថភាពចាប់យក ក្នុងឈាមបានខ្លាំងជាងអុកស៊ីសែនវារារាំង ឈាមមិនឲ្យដឹកនាំអុកស៊ីសែនទៅចិញ្ចឹមសរីរាង្គជាពិសេសខួរក្បាលដែលបណ្តាលឲ្យស្លាប់និង សន្លប់ ។,5,4,3,0.8,0.80078125,3,4,0,0
477,តើការស្ថិតនៅក្រៅសារពាង្គកាយនៃពងស្វាសមានសារៈសំខាន់ដូចម្តេច?,ការស្ថិតនៅក្រោមសារពាង្គកាយនៃពងស្វាសមានសារៈសំខាន់ដូចជាដើម្បីរក្សាសីតុណ្ហភាពឲ្យ ទាបជាងសីតុណ្ហភាពក្នុងខ្លួន ប្រហែលពី(2-3)សីតុណ្ហភាពក្នុងខ្លួន37 ។,ការស្ថិតនៅក្រោមសារពាង្គកាយនៃពងស្វាសមានសារៈសំខាន់ដូចជាដើម្បីរក្សាសីតុណ្ហភាពឲ្យ ទាបជាងសីតុណ្ហភាពក្នុងខ្លួន ប្រហែលពី(2-3)សីតុណ្ហភាពក្នុងខ្លួន37 ។,10,10,4,1.0,0.865234375,3,9,1,1
478,តើសេដ្ឋកិច្ចកម្ពុជាពឹងផ្អែកលើវិស័យអ្វីជាសំខាន់?     ក/ ហេតុអ្វីបានជាគេនិយាយថាកម្ពុជាជាប្រទេសកសិកម្ម?     ខ/ តើគេចែកកសិករជាប៉ុន្មានប្រភេទ?អ្វីខ្លះ?,សេដ្ឋកិច្ចកម្ពុជាពឹងផ្អែកលើវិស័យកសិកម្មជាសំខាន់។   ក/ បានជាគេនិយាយថាកម្ពុជាជាប្រទេសឧស្សាហកម្មព្រោះ៖  _  សណ្ឋានដី : ដីមានជីវជាតិល្អនិងសម្បូរទំនាបល្បាប់   _ ផ្លូវទឹក : ផ្លូវទឹកខ្វាត់ខ្វែងងាយស្រួលដល់ការដាំដុះ  _ ប្រជាជន : ប្រជាជនខ្មែរភាគច្រើនចូលចិត្តធ្វើកសិកម្ម  _ អាកាសធាតុ : ទទួលអាកាសធាតុក្តៅសើម  _ កសិកម្មផ្តល់ផល50%នៃផលិតផលជាតិសរុប។  ខ/ គេចែកកសិករទាំងនោះជា4ប្រភេទគឺ៖  _ កសិករធ្វើស្រែឬអ្នកស្រែ : និយមធ្វើស្រែ ស្រូវប្រាំង ស្រូវវស្សា ស្រូវឡើងទឹក  _ កសិករតំបន់ដីខ្ពស់ : គេដាំដំណាំជាអចិន្ត្រៃយ៍(ពោត ដំឡូង ចេក កៅស៊ូសណ្តែក)  _ កសិករធ្វើចម្ការដំណាំស្រូវ : គេដាំដំណាំតាមមាត់ទន្លេ ចិញ្ចឹមសត្វនិងនេសាទ  _ កសិករភូមិភាគឦសាន: គេធ្វើដំណាំព្រៃដុតមានដូចជាពោត ដំឡូង ស្រូវរុក្ខជាតិយកមើមដទៃទៀត និងបរបាញ់សត្វផងដែរ។,សេដ្ឋកិច្ចជាតិផ្អែកលើវិស័យកសិកម្មជាសំខាន់ព្រោះវិស័យនេះសំខាន់ដល់ជាតិដូចជា៖ -ប្រទេសកម្ពុជាមានអាកាសធាតុ-អំណោយផលដល់វិស័យកសិកម្ម -ប្រទេសកម្ពុជាមានប្រព័ន្ធផ្លូវទឹកឲ្យគ្រប់គ្រង -ប្រទេសកម្ពុជាមានដីទំនេរច្រើនសម្រាប់ធ្វើ -កសិកម្មប្រជាជនភាគច្រើន ជាកសិករ -ប្រទេសកម្ពុជាមានដីសម្បូរជីវជាតិ -មានប្រព័ន្ធធារាសាស្ត្រ -ច្រើនមានអាកាសធាតុអំណោយផលសម្រាប់ការដាំដុះលូតលាស់នារដូវច្បាស់លាស់មានទឹកភ្លៀងគ្រប់គ្រាន់  -ប្រជាជនចូលចិត្តការងារដាំដុះ។,20,14,3,0.7,0.658203125,3,13,0,1
479,តើអាណាចក្រភ្នំមានព្រំប្រទល់ជាប់ប្រទេសណាខ្លះ?,អាណាចក្រភ្នំមានព្រំប្រទល់ជាប់ប្រទេសដូចជា -ខាងជើងជាប់ចិន -ខាងត្បូងជាឈូងសមុទ្រខ្មែរ -ខាងកើតជាប់រដ្ឋចម្ប៉ា -ខាងលិចជាប់រដ្ធមនឬភូមា។,អាណាចក្រភ្នំមានព្រំប្រទល់ជាប់ប្រទេសដូចជា -ខាងជើងជាប់ចិន -ខាងត្បូងជាឈូងសមុទ្រខ្មែរ -ខាងកើតជាប់រដ្ឋចម្ប៉ា -ខាងលិចជាប់រដ្ឋមនឬភូមា។,6,6,4,1.0,0.9853515625,4,6,0,0
480,តើកត្តាអ្វីខ្លះដែលធ្វើអោយសម័យអង្គររីកចម្រើនដល់កំពូល?​ ចូលរៀបរាប់។,កត្តាដែលធ្វើអោយសម័យអង្គររីកចម្រើនគឺ: កត្តាព្រះរាជា:ព្រះរាជាចាប់ពីព្រះបាទជ័យវរ្ម័នទី 2 រហូតដល់ព្រះបាទជ័យវរ្ម័នទី 7 សុទ្ធតែជាស្ដេចខ្លាំងពូកែ កត្តានយោបាយ: នយោបាយក្នុងប្រទេសបង្រួបបង្រួមជាតិកសាងនិងការពារទឹកដី នយោបាយក្រៅប្រទេស:ចងសម្ព័ន្ធមិត្តជាមួយប្រទេសធំៗវាយយករដ្ឋតូចដាក់ជាចំណុះ កត្តាសេដ្ឋកិច្ច:រីកចម្រើនលើវិស័យកសិកម្មសិប្បកម្មគណនាគម កត្តាសាសនា:ការឯកភាពគ្នារវាងសាសនាព្រាហ្មនិងព្រះពុទ្ធ កត្តាធនធានមនុស្សបន្សល់ទុកតាំងពីសម័យនគរភ្នំនិងចេនឡាមក។,កត្តាដែលធ្វើអោយសម័យអង្គររីកចម្រើនគឺ: កត្តាព្រះរាជា:ព្រះរាជាចាប់ពីព្រះបាទជ័យវរ្ម័នទី 2 រហូតដល់ព្រះបាទជ័យវរ្ម័នទី 7 សុទ្ធសឹងតែជាស្ដេចខ្លាំងពូកែ កត្តានយោបាយ: នយោបាយក្នុងប្រទេសបង្រួបបង្រួមជាតិកសាងនិងការពារទឹកដី នយោបាយក្រៅប្រទេស:ចងសម្ព័ន្ធមិត្តជាមួយប្រទេសធំៗវាយយករដ្ឋតូចដាក់ជាចំណុះ កត្តាសេដ្ឋកិច្ច:រីកចម្រើនលើវិស័យកសិកម្មសិប្បកម្មគណនាគមន៍ កត្តាសាសនា:ការឯកភាពគ្នារវាងសាសនាព្រាហ្មនិងព្រះពុទ្ធ កត្តាធនធាន:មនុស្សបន្សល់ទុកតាំងពីសម័យនគរភ្នំនិងចេនឡាមក។,10,10,4,1.0,0.98486328125,4,10,0,0
481,តើគេចែកយុគសម័យបុរេប្រវត្តិសាស្ត្រកម្ពុជាជាប៉ុន្មានយុគសម័យ?អ្វីខ្លះ?,គេចែកយុគសម័យបុរេប្រវត្តិសាស្ត្រកម្ពុជាជាបីយុគសម័យគឺ -យុគថ្មបំបែក (600000 - 12000 ឆ្នាំមុនគ.ស) -យុគថ្មរលីងឬសំលៀង (8000 - 2000 ឆ្នាំមុនគ.ស) -យុគលោហៈ(2000-100 ឆ្នាំមុនគ.ស)។,គេចែកយុគសម័យបុរេប្រវត្តិសាស្ត្រកម្ពុជាជាបីយុគសម័យគឺ -យុគថ្មបំបែក -យុគថ្មរលីងឬសំលៀង -យុគលោហៈ។,5,3,2,0.6,0.59228515625,2,3,0,0
482,តើប្រព័ន្ធផលិតកម្មកសិកម្មនៅក្នុងប្រទេសកម្ពុជាមានអ្វីខ្លះ?ចូររៀបរាប់​ ។,ប្រព័ន្ធផលិតកម្មកសិកម្មនៅប្រទេសកម្ពុជាមាន៖    _ ដំណាំ : ដំណាំស្រូវ ដំណាំកៅស៊ូ ដំណាំផ្សេងៗទៀត    _ ការចិញ្ចឹមសត្វ : ការចិញ្ចឹមសត្វលើគោក ការចិញ្ចឹមសត្វក្នុងទឹក    _ ការនេសាទ : ការនេសាទទឹកសាប ការនេសាទទឹកប្រៃ  _ ព្រៃឈើ : ផលិតផលឈើ អនុផលព្រៃឈើ(រកឃ្មុំ ជ័រទឹក វល្លិ៍ ផ្តៅ) សត្វព្រៃ ។,ប្រព័ន្ធផលិតកម្មនៅប្រទេសកម្ពុជារួមមាន៖  • ដំណាំ  • ដំណាំស្រូវ  • ដំណាំកៅស៊ូ  • ដំណាំផ្សេងៗទៀត  • ការចិញ្ចឹមសត្វ  • ការចិញ្ចឹមសត្វបែបគ្រួសារ  • ការចិញ្ចឹមសត្វក្នុងទឹក  • ការនេសាទ  • ការនេសាទក្នុងទឹកសាប  • ការនេសាទទឹកប្រៃ  • វារីវប្បកម្ម  • ផលិតផលឈើ  • របរផលិតផលឈើ (រទេះរុញ ជ័រទឹក ជ័រ...)  • សត្វព្រៃ ។,10,10,4,1.0,0.95458984375,4,10,0,0
483,តើមូលហេតុអ្វីបានជាព្រះបាទពញាយ៉ាត ជ្រើសរើសយកចតុមុខធ្វើជារាជធានី?,បានជាព្រះបាទពញាយ៉ាតជ្រើសរើសក្រុងចតុមុខជារាជធានីព្រោះ មានទីតាំងភូមិសាស្ត្រល្អ គេចពីសត្រូវឈ្លានពានសៀម ដីមានជីវជាតិងាយស្រួលក្នុងការធ្វើកសិកម្ម ជាទីប្រសព្វនៃជំនួសទាំងផ្លូវគោកនិងផ្លូវទឹក សម្បូរផ្លូវក្នុងការធ្វើកសិកម្មនិងជំនួញ ភាពខាងត្បូងដីមានប្រជាជនច្រើននិងធនធានដើម្បីកសាងសេដ្ឋកិច្ចជាតិ។,មូលហេតុដែលព្រះពញាយ៉ាតជ្រើសរើសចតុមុខក៏ធ្វើជារាជធានីព្រោះ មានទីតាំងភូមិសាស្ត្រល្អ ទីតាំងមានដីដែលមានជីវជាតិល្អងាយស្រួលធ្វើកសិកម្ម ជាទីតាំងប្រសព្វនៃជំនួញទាំងផ្លូវទឹកនិងផ្លូវគោក សម្បូរផ្លូវទឹកសម្រាប់ធ្វើកសិកម្មនិងជំនួញ ភាគខាងត្បូងមានប្រជាជនច្រើននិងមានធនធានសម្រាប់កសាងសេដ្ឋកិច្ចផងដែរ។,10,10,4,1.0,0.9609375,4,10,0,0
484,តើព្រះបាទពញាយ៉ាតមានបុត្រប៉ុន្មានអង្គព្រះនាមអ្វីខ្លះ?ជាមួយអ្នកម្នាងណាខ្លះ?,ព្រះបាទពញាយ៉ាតមានបុត្របីអង្គគឺ នារាយណ៍រាជា ជាបុត្រជាមួយម្នាងទេវី ស្រីរាជាជាបុត្រជាមួយបុទុមកេសរ និងធម្មរាជាជាបុត្រជាមួយសុីសង៉ាម(បុត្រីស្ដេចសៀម)។,ព្រះបាទពញាយ៉ាតមានបុត្រជាច្រើនអង្គប៉ុន្តែឯកសារប្រវត្តិសាស្ត្រផ្ដោតសំខាន់លើព្រះរាជបុត្រដែលបានបន្តរាជដូចជាព្រះបាទនរាយណ៍រាជានិងព្រះបាទស្រីរាជា។,5,3,2,0.6,0.5927734375,2,3,0,0
485,តើកត្តាអ្វីខ្លះដែលធ្វើអោយសម័យអង្គររីកចម្រើនដល់កំពូល?​ ចូលរៀបរាប់។,កត្តាដែលធ្វើអោយសម័យអង្គររីកចម្រើនគឺ: កត្តាព្រះរាជា:ព្រះរាជាចាប់ពីព្រះបាទជ័យវរ្ម័នទី 2 រហូតដល់ព្រះបាទជ័យវរ្ម័នទី 7 សុទ្ធតែជាស្ដេចខ្លាំងពូកែ កត្តានយោបាយ: នយោបាយក្នុងប្រទេសបង្រួបបង្រួមជាតិកសាងនិងការពារទឹកដី នយោបាយក្រៅប្រទេស:ចងសម្ព័ន្ធមិត្តជាមួយប្រទេសធំៗវាយយករដ្ឋតូចដាក់ជាចំណុះ កត្តាសេដ្ឋកិច្ច:រីកចម្រើនលើវិស័យកសិកម្មសិប្បកម្មគណនាគម កត្តាសាសនា:ការឯកភាពគ្នារវាងសាសនាព្រាហ្មនិងព្រះពុទ្ធ កត្តាធនធានមនុស្សបន្សល់ទុកតាំងពីសម័យនគរភ្នំនិងចេនឡាមក។,កត្តាដែលធ្វើអោយសម័យអង្គររីកចម្រើនគឺ: កត្តាព្រះរាជា:ព្រះរាជាចាប់ពីព្រះបាទជ័យវរ្ម័នទី 2 រហូតដល់ព្រះបាទជ័យវរ្ម័នទី 7 សុទ្ធសឹងតែជាស្ដេចខ្លាំងពូកែ កត្តានយោបាយ: នយោបាយក្នុងប្រទេសបង្រួបបង្រួមជាតិកសាងនិងការពារទឹកដី នយោបាយក្រៅប្រទេស:ចងសម្ព័ន្ធមិត្តជាមួយប្រទេសធំៗវាយយករដ្ឋតូចដាក់ជាចំណុះ កត្តាសេដ្ឋកិច្ច:រីកចម្រើនលើវិស័យកសិកម្មសិប្បកម្មគណនាគមន៍ កត្តាសាសនា:ការឯកភាពគ្នារវាងសាសនាព្រាហ្មនិងព្រះពុទ្ធ កត្តាធនធានមនុស្សបន្សល់ទុកតាំងពីសម័យនគរភ្នំនិងចេនឡាមក។,10,10,4,1.0,0.9853515625,4,10,0,0
486,តើកត្តាអ្វីខ្លះដែលធ្វើអោយសម័យអង្គររីកចម្រើនដល់កំពូល?​ ចូលរៀបរាប់។,កត្តាដែលធ្វើអោយសម័យអង្គររីកចម្រើនគឺ: កត្តាព្រះរាជា:ព្រះរាជាចាប់ពីព្រះបាទជ័យវរ្ម័នទី 2 រហូតដល់ព្រះបាទជ័យវរ្ម័នទី 7 សុទ្ធតែជាស្ដេចខ្លាំងពូកែ កត្តានយោបាយ: នយោបាយក្នុងប្រទេសបង្រួបបង្រួមជាតិកសាងនិងការពារទឹកដី នយោបាយក្រៅប្រទេស:ចងសម្ព័ន្ធមិត្តជាមួយប្រទេសធំៗវាយយករដ្ឋតូចដាក់ជាចំណុះ កត្តាសេដ្ឋកិច្ច:រីកចម្រើនលើវិស័យកសិកម្មសិប្បកម្មគណនាគម កត្តាសាសនា:ការឯកភាពគ្នារវាងសាសនាព្រាហ្មនិងព្រះពុទ្ធ កត្តាធនធានមនុស្សបន្សល់ទុកតាំងពីសម័យនគរភ្នំនិងចេនឡាមក។,កត្តាដែលធ្វើអោយសម័យអង្គររីកចម្រើនគឺ: កត្តាព្រះរាជា:ព្រះរាជាចាប់ពីព្រះបាទជ័យវរ្ម័នទី 2 រហូតដល់ព្រះបាទជ័យវរ្ម័នទី 7 សុទ្ធសឹងតែជាស្ដេចខ្លាំងពូកែ កត្តានយោបាយ: នយោបាយក្នុងប្រទេសបង្រួបបង្រួមជាតិកសាងនិងការពារទឹកដី នយោបាយក្រៅប្រទេស:ចងសម្ព័ន្ធមិត្តជាមួយប្រទេសធំៗវាយយករដ្ឋតូចដាក់ជាចំណុះ កត្តាសេដ្ឋកិច្ច:រីកចម្រើនលើវិស័យកសិកម្មសិប្បកម្មគណនាគមន៍ កត្តាសាសនា:ការឯកភាពគ្នារវាងសាសនាព្រាហ្មនិងព្រះពុទ្ធ កត្តាធនធានមនុស្សបន្សល់ទុកតាំងពីសម័យនគរភ្នំនិងចេនឡាមក។,10,10,4,1.0,0.9853515625,4,10,0,0
487,តើប្រព័ន្ធផលិតកម្មកសិកម្មនៅក្នុងប្រទេសកម្ពុជាមានអ្វីខ្លះ?ចូររៀបរាប់​ ។,ប្រព័ន្ធផលិតកម្មកសិកម្មនៅប្រទេសកម្ពុជាមាន៖    _ ដំណាំ : ដំណាំស្រូវ ដំណាំកៅស៊ូ ដំណាំផ្សេងៗទៀត    _ ការចិញ្ចឹមសត្វ : ការចិញ្ចឹមសត្វលើគោក ការចិញ្ចឹមសត្វក្នុងទឹក    _ ការនេសាទ : ការនេសាទទឹកសាប ការនេសាទទឹកប្រៃ  _ ព្រៃឈើ : ផលិតផលឈើ អនុផលព្រៃឈើ(រកឃ្មុំ ជ័រទឹក វល្លិ៍ ផ្តៅ) សត្វព្រៃ ។,ប្រព័ន្ធផលិតកម្មកសិកម្មនៅប្រទេសកម្ពុជាមាន៖    _ ដំណាំ : ដំណាំស្រូវ ដំណាំកៅស៊ូ ដំណាំផ្សេងៗទៀត    _ ការចិញ្ចឹមសត្វ : ការចិញ្ចឹមសត្វលើគោក ការចិញ្ចឹមសត្វក្នុងទឹក    _ ការនេសាទ : ការនេសាទទឹកសាប ការនេសាទទឹកប្រៃ,10,7,3,0.7,0.658203125,3,7,0,0
488,ហេតុអ្វីបានជាផ្នែកឯកជនជាកម្លាំងដ៏សំខាន់សម្រាប់វិនិយោគ និងធ្វើឲ្យមានកំណើនសេដ្ឋកិច្ចក្នុងប្រទេស?,បានជាផ្នែកឯកជនជាកម្លាំងដ៏សំខាន់សម្រាប់កំណើនសេដ្ឋកិច្ចកម្ពុជាព្រោះ -កម្ពុជាបានអនុវត្តសេដ្ឋកិច្ចទីផ្សារសេរីដោយបានធ្វើកំណែទម្រង់ពីសហគ្រាសរដ្ឋឲ្យក្លាយទៅជាកម្មសិទ្ធិឯកជន -សេដ្ឋកិច្ចទីផ្សារសេរីនាំឲ្យអ្នករកស៊ីចូលចិត្តមករកស៊ីនិងដាក់វិនិយោគទុន -កាលណាភ្នែកឯកជនរឹងមាំអាចជួយបំពេញបន្ថែមលើវិនិយោគសាធារណៈក្នុងវិស័យសេដ្ឋកិច្ចគឺផ្នែកឯកជនអាចស្រូបយកកម្លាំងពលកម្មកើនឡើង។,បានជាផ្នែកឯកជនជាកម្លាំងដ៏សំខាន់សម្រាប់វិនិយោគនិងធ្វើឲ្យមានកំណើនសេដ្ឋកិច្ចព្រោះ៖ -ឯកជនភាគច្រើនតឹងរឹងជាងរដ្ឋធ្វើឲ្យអ្នកដែលធ្វើការឯកជនយលចិត្តដាក់ក្នុងការងារនោះ -ឯកជនភាគច្រើននាំមកនូវការវិនិយោគពីប្រទេសក្រៅ -កាrចូលមកដល់នូវសេដ្ឋកិច្ចសេរី ទើបមានការវិនិយោគពីផ្នែកឯកជនសម្រាប់កសាងសេដ្ឋកិច្ចជាតិ -ឯកជនធ្វើការច្បាស់លាស់។,15,5,1,0.3333333333333333,0.31201171875,1,5,0,0
489,តើប្រទេសកម្ពុជាចូលជាសមាជិក សហគមន៍អាសុីអាគ្នេយ៍ទទួលបានផលវិជ្ជមាននិងផលអវិជ្ជមានដូចម្ដេចខ្លះ?,ប្រទេសកម្ពុជាចូលជាសមាជិកសាមាសហគមន៍អាស៊ីអាគ្នេយ៍ទទួលផលវិជ្ជមាននឹងអវិជ្ជមានដូចជា៖ +ផលវិជ្ជមាន៖ -កម្ពុជាលែងឯកោទៅទៀត -បានចូលរួមនៅរាល់ការសម្រេចចិត្តនានាក្នុងតំបន់ -កម្ពុជាបានឈរស្មើមុខមាត់ជាមួយបណ្ដាប្រទេសជាសមាជិកអាស៊ាន -កម្ពុជាមានដៃគូច្រើនទាំងក្នុងតំបន់និងពិភព -កម្ពុជាអាចពង្រីកអនុភាពនិងបង្កើតតួនាទីរបស់ខ្លួនកាន់តែសកម្មភាពដែលក្នុងតំបន់នៃអន្តរជាតិ -កម្ពុជាមានសិទ្ធពេញលេញក្រោមការរៀបចំកិច្ចប្រជុំធំៗក្នុងប្រទេសខ្លួនលក្ខណៈតំបន់និងពិភពលោក -ការលើកលែងទិដ្ឋការ -កម្ពុជាក្លាយជាកន្លែងវិនិយោគដ៏មានសក្តានុពលពាណិជ្ជកម្មរវាងពាណិជ្ជកម្មនិងស្រួលជាងមុនចំពោះទីផ្សារ -សេដ្ឋកិច្ចកម្ពុជាមានកំណើនរៀងរាល់ឆ្នាំ -ប្រជាជនអាចរកការងារធ្វើទាំងក្នុងប្រទេសក្នុងតំបន់និងក្រៅតំបន់ -កំណើនភ្ញៀវទេសចរជាច្រើន +ផលអវិជ្ជមាន៖ -ពាណិជ្ជកម្មសេដ្ឋកិច្ចដំណើរការមិនល្អ -កម្ពុជាបាត់បង់ជំនឿសាសនាប្រពៃណីទំនៀមទម្លាប់,ប្រទេសកម្ពុជាចូលជាសមាជិកសាមាសហគមន៍អាស៑ននៅថ្ងៃទី 30 មេសា 1999 ទទួលផលវិជ្ជមាននឹងអវិជ្ជមានដូចជា៖ +ផលវិជ្ជមាន៖ នយោបាយ៖ -កម្ពុជាលែងឯកោតទៅទៀត -បានចូលរួមអភិវឌ្ឈ -បានចូលរួមនៅរាល់ការសម្រេចចិត្តនានាក្នុងតំបន់ -មានដៃគូសហការណ៌ជាច្រើន សេដ្ឋកិច្ច៖ -កម្ពុជា ក្លាយជាកន្លែងទាក់ទាញសម្រាប់វិនិយោគទុន -ងាយស្រួលក្នុងការធ្វើពាណិជ្ជកម្ម -ប្រជាជនមានការងារធ្វើ និងលើកកម្ពស់កម្រិតជីវភាពក្នុងតំបន់ -កំណើនភ្ញៀវទេសចរណ៍បានបង្កើនការងារ និងប្រាក់ចំណូលដល់ប្រជាជន។ សង្គម៖ -ការជួយគ្នាទៅវិញទៅមកតាមរយៈការផ្តល់បទពិសោធន៍ ចំណេះដឹង ផ្តល់អាហារូបករណ៍ដល់មន្ត្រី យុវជនកម្ពុជាឱ្យបានសិក្សារៀនសូត្រ  និងមានឱកាសផ្សេងៗទៀត។ -ទប់ស្កាត់អំពើអសកម្ម ការជួញដូរមនុស្ស គ្រឿងញៀន អាវុធ អំពើភារវកម្ម -ជនភៀសខ្លួនមានការហ្វឹកហាត់ ការសិក្សា និងបណ្តុះបណ្តាលធនធានមនុស្ស។ ទំនាក់ទំនង៖ -ជម្រុញការសាងសង់ហេដ្ឋារចនាសម្ព័ន្ធ ផ្លូវថ្នល់ ផ្លូវដែក ស្ពាន អាកាសយានដ្ឋាន កំពង់ផែ... -ការលើកស្ទួយមិត្តភាព។ +ផលវិបាក -បាត់បង់ទីផ្សារការងារ និងទីផ្សារផលិតផល -ទំនិញនាំចូលច្រើនជាងទំនិញនាំចេញ -ប្រទេសកម្ពុជាមិនទាន់មានធនធានមនុស្សគ្រប់គ្រាន់សម្រាប់ការងារក្រៅប្រទេស -ផលិតផលក្នុងស្រុកមិនទាន់មានស្តង់ដារសម្រាប់នាំចេញទៅក្រៅប្រទេស។,10,10,4,1.0,0.92724609375,4,9,0,1
490,ចូររៀបរាប់អំពីទំនាក់ទំនងរវាងការដាំដុះអាជីវកម្មព្រៃឈើនិងនេសាទ។,ទំនាក់ទំនងរវាង ការដាំដុះអាជីវកម្មព្រៃឈើ និងការនេសាទ៖  _ ការដាំដុះអាជីវកម្មព្រៃឈើ និងការនេសាទ ជាភោគទ្រព្យយ៉ាងសំខាន់សម្រាប់ប្រជាជនក្នុងការទ្រទ្រង់ក្នុងជីវភាពរស់នៅនិងការអភិវឌ្ឍន៍ប្រទេសជាតិ   _ ដើម្បីបំពេញតម្រូវការក្នុងកសិកម្មផលិតកម្មនិងត្រូវការផ្សេងៗ មនុស្សនាំគ្នាកាប់ព្រៃឈើដើម្បីធ្វើអាជីវកម្មព្រៃឈើជាមូលហេតុធ្វើឲ្យអាកាសធាតុប្រែប្រួលប៉ះពាល់ដល់ជីវិតមនុស្ស សត្វ និងរុក្ខជាតិ  ​ _ អតិផលនៃប្រព័ន្ធកសិកម្ម នាំឲ្យមានកំណើននៃការប្រើប្រាស់គីមីនិងថ្នាំសម្លាប់សត្វល្អិត។ ជីគីមី និងថ្នាំសម្លាប់សត្វល្អិត ទាំងនោះហូរទៅផ្ដុំគ្នានៅតាមផ្លូវទឹកនានា បំផ្លាញជីវិតសត្វនិងពូជធម្មជាតិ។,ទំនាក់ទំនងរវាង ការដាំដុះអាជីវកម្មព្រៃឈើ និងការនេសាទ៖  _ ការដាំដុះអាជីវកម្មព្រៃឈើ និងការនេសាទ ជាភោគទ្រព្យសំខាន់សម្រាប់ប្រជាជនក្នុងការទ្រទ្រង់ក្នុងជីវភាពរស់នៅនិងការអភិវឌ្ឍន៍ប្រទេសជាតិ   _ ដើម្បីបំពេញតម្រូវការក្នុងផលិតកម្មនិងតម្រូវការផ្សេងៗ មនុស្សនាំគ្នាកាប់ព្រៃឈើធ្វើអាជីវកម្មព្រៃឈើដែលជាហេតុធ្វើឲ្យអាកាសធាតុប្រែប្រួលប៉ះពាល់ដល់ជីវិតមនុស្ស សត្វ និងរុក្ខជាតិ  ​ _ អតិផលនៃប្រព័ន្ធផលិតកម្ម កសិកម្ម នាំឲ្យមានកំណើននៃការប្រើប្រាស់នូវគីមីនិងថ្នាំសម្លាប់សត្វល្អិត។ ជីគីមី និងថ្នាំសម្លាប់សត្វល្អិត ទាំងនោះហូរទៅផ្ដុំគ្នានៅតាមផ្លូវទឹកនានាហើយបំផ្លាញជីវិតមនុស្ស សត្វនិងពូជមច្ឆជាតិ។,15,15,4,1.0,0.86328125,3,13,1,2
491,ហេតុអ្វីបានជាមនុស្សស្រូបយកខ្យល់ដែលមានកាបូនម៉ណូអុកស៊ីតអាចបង្កគ្រោះថ្នាក់ដល់ស្លាប់បាន?,បានជាមនុស្សស្រូបយកខ្យល់ដែលមានកាបូនម៉ូណូអុកស៊ីដអាចបង្កឲ្យមានគ្រោះថ្នាក់ដល់ស្លាប់ បានព្រោះកាបូនម៉ូណូអុកស៊ីដមានសមត្ថភាពចាប់យក ក្នុងឈាមបានខ្លាំងជាងអុកស៊ីសែន វារារាំងឈាមមិនឲ្យដឹកនាំអុកស៊ីសែនទៅចិញ្ចឹមសរីរាង្គជាពិសេសខួរក្បាលដែលបណ្តាលឲ្យ ស្លាប់និង សន្លប់ ។,បានជាមនុស្សស្រូបយកខ្យល់ដែលមាន កាបូនម៉ូណូអុកស៊ីដអាចបង្កគ្រោះថ្នាក់ដល់ស្លាប់បានព្រោះ វាជាខ្យល់ពុលដែលមានពោរពេញដោយបរិយាកាសជុំវិញខ្លួន ។,5,2,2,0.4,0.5810546875,2,3,0,1
492,តើគេចែកយុគសម័យបុរេប្រវត្តិសាស្ត្រកម្ពុជាជាប៉ុន្មានយុគសម័យ?អ្វីខ្លះ?,គេចែកយុគសម័យបុរេប្រវត្តិសាស្ត្រកម្ពុជាជាបីយុគសម័យគឺ -យុគថ្មបំបែក (600000 - 12000 ឆ្នាំមុនគ.ស) -យុគថ្មរលីងឬសំលៀង (8000 - 2000 ឆ្នាំមុនគ.ស) -យុគលោហៈ(2000-100 ឆ្នាំមុនគ.ស)។,គេចែកយុគសម័យបុរេប្រវត្តិសាស្ត្រកម្ពុជាជាបីយុគសម័យគឺ -យុគថ្មបំបែក (600000 - 12000 ឆ្នាំមុនគ.ស) -យុគថ្មរលីងឬសំលៀង (8000 - 2000 ឆ្នាំមុនគ.ស) -យុគលោហៈ(2000-100 ឆ្នាំមុនគ.ស)។,5,5,4,1.0,0.9912109375,4,5,0,0
493,បុព្វហេតុអ្វីខ្លះដែលនាំឲ្យអាណាចក្រចេនឡាបែកបាក់ជាពីរគឺអាណាចក្រចេនឡាដីគោកនិងចេនឡាទឹកលិច?,បុព្វហេតុដែលនាំហើយអាណាចក្រចេនឡាបែកជាពីរគឺ -វិសាលភាពទឹកដីធំទូលាយ -ចម្បាំងអត់ឈប់ឈរ -សមន្ដរដ្ឋបះបោរចង់ផ្ដាច់ខ្លួន -វិបត្តិផ្ទៃក្នុង -ព្រះនាងជ័យទេវីគ្មានសមត្ថភាពគ្រប់គ្រង។,បុព្វហេតុដែលនាំហើយអាណាចក្រចេនឡាបែកជាពីរគឺ -វិសាលភាពទឹកដីធំទូលាយ -ចម្បាំងអត់ឈប់ឈរ -សមន្ដរដ្ឋបះបោរចង់ផ្ដាច់ខ្លួន -វិបត្តិផ្ទៃក្នុង -ព្រះនាងជ័យទេវីគ្មានសមត្ថភាពគ្រប់គ្រង។,7,7,4,1.0,0.98779296875,4,7,0,0
494,តើគេចែកយុគសម័យបុរេប្រវត្តិសាស្ត្រកម្ពុជាជាប៉ុន្មានយុគសម័យ?អ្វីខ្លះ?,គេចែកយុគសម័យបុរេប្រវត្តិសាស្ត្រកម្ពុជាជាបីយុគសម័យគឺ -យុគថ្មបំបែក (600000 - 12000 ឆ្នាំមុនគ.ស) -យុគថ្មរលីងឬសំលៀង (8000 - 2000 ឆ្នាំមុនគ.ស) -យុគលោហៈ(2000-100 ឆ្នាំមុនគ.ស)។,គេចែកយុគសម័យបុរេប្រវត្តិសាស្ត្រកម្ពុជាជាបីយុគសម័យគឺ -យុគថ្មបំបែក -យុគថ្មរលីង -យុគលោហៈ។,5,3,2,0.6,0.58935546875,2,3,0,0
495,តើសង្គមខ្មែរនៅសម័យអង្គរមានប៉ុន្មានវណ្ណៈ? វណ្ណៈអ្វីខ្លះ? ចូលរៀបរាប់។,សង្គមខ្មែរនៅសម័យអង្គរមានប្រាំវណ្ណៈគឺ -វណ្ណៈក្សត្រឬរាជវង្សនុវង្ស (ជាស្ដេចគ្រប់គ្រងប្រទេស -វណ្ណៈមន្ត្រី (អ្នករស់នៅក្នុងរាជវាំងបម្រើស្ដេច) -វណ្ណៈព្រាហ្ម៍ឬបុព្វជិត​(គឺជាអ្នកបួស) -វណ្ណៈអ្នកជាឬកសិករ (អ្នករស់នៅនឹងធ្វើស្រែចម្ការ) -វណ្ណៈអ្នកងារឬទាសករ(ទាសករបម្រើគេតកូនតចៅ)។,សង្គមខ្មែរនៅសម័យអង្គរមានប្រាំវណ្ណៈគឺ -វណ្ណៈក្សត្រឬរាជវង្សនុវង្ស:​មិនត្រូវការបង់ពន្ធ ព្រមទាំងមិនចាំបាច់ធ្វើការងារធ្ងន់។ -វណ្ណៈមន្ត្រី: ជាអ្នកដែលធ្វើការក្នុងវាំងនិងបម្រើព្រះរាជា។ -វណ្ណៈអ្នកបួសឬបុព្វជិត​: មានបួនគឺពួកប៉ាន់ឃាប ពួកព្រាហ្ម៍បុរោហិត ពួកជូគូនិងពួកប៉ាវីស៊ី។ -វណ្ណៈអ្នកជា:គឺជាប្រជាជនធម្មតាត្រូវរកស៊ីធ្វើការបង់ពន្ធដល់ព្រះរាជា។ -វណ្ណៈអ្នកងារឬទាសករ:ជាវណ្ណៈដែលបម្រើគេព្រោះដោយសារជំពាក់បំណុលគេឬជាទាសករបម្រើគេតទៅកូនតចៅដោយមិនបានប្រាក់កម្រៃ។,10,10,4,1.0,0.97607421875,4,10,0,0
496,ហេតុអ្វីបានជាផ្នែកឯកជនជាកម្លាំងដ៏សំខាន់សម្រាប់វិនិយោគនិងធ្វើឲ្យមានកំណើនសេដ្ឋកិច្ចក្នុងប្រទេស?,បានជាផ្នែកឯកជនជាកម្លាំងដ៏សំខាន់សម្រាប់វិនិយោគនិងធ្វើឲ្យមានកំណើនសេដ្ឋកិច្ចក្នុងប្រទេស ព្រោះប្រទេសកម្ពុជាជាប្រទេសអភិវឌ្ឍន៍ សេដ្ឋកិច្ចទីផ្សារដោយបានធ្វើកំណែទម្រង់សហគ្រាសឧស្សាហកម្មឲ្យក្លាយទៅជាកម្មសិទ្ធិឯកជន ។ សេដ្ឋកិច្ចទីផ្សារសេរីនេះនាំឲ្យអ្នករកស៊ីបរទេសចូលចិត្តមកវិនិយោគ ហើយកាលណាផ្នែកឯកជនរឹងមាំមកវិនិយោគ ហើយកាលណាផ្នែកឯកជនមិនរឹងមាំអាចបំពេញបន្ថែមវិនិយោគនិងវិស័យសង្គមកិច្ចមានន័យថាវិស័យឯកជនស្រូបយកកម្លាំងការងារកាន់តែកើនឡើង។,ព្រោះវិស័យឯកជនជាក្បាលម៉ាស៊ីនសំខាន់សម្រាប់វិនិយោគនិងធ្វើឱ្យមានកំណើនសេដ្ឋកិច្ចក្នុងប្រទេសព្រោះ៖ -សេដ្ឋកិច្ចកម្ពុជាក្នុងប្រទេសមានការលូតលាស់ -ប្រទេសកម្ពុជាជាប្រទេស មួយទសវត្សរ៍ ទីផ្សារស្រីតាំងពីឆ្នាំមួយពាន់បួនរយកៅសិបបី  -សេដ្ឋកិច្ចទីផ្សារសេរីភាពឲ្យអ្នករកស៊ីបរទេសចូលចិត្តរកស៊ីទីផ្សារមានការរីកចម្រើនច្រើន។,15,7,2,0.4666666666666667,0.51171875,2,8,0,1
497,បុព្វហេតុអ្វីខ្លះដែលនាំឲ្យអាណាចក្រចេនឡាបែកបាក់ជាពីរគឺអាណាចក្រចេនឡាដីគោកនិងចេនឡាទឹកលិច?,បុព្វហេតុដែលនាំហើយអាណាចក្រចេនឡាបែកជាពីរគឺ -វិសាលភាពទឹកដីធំទូលាយ -ចម្បាំងអត់ឈប់ឈរ -សមន្ដរដ្ឋបះបោរចង់ផ្ដាច់ខ្លួន -វិបត្តិផ្ទៃក្នុង -ព្រះនាងជ័យទេវីគ្មានសមត្ថភាពគ្រប់គ្រង។,បុព្វហេតុដែលនាំហើយអាណាចក្រចេនឡាបែកជាពីរគឺ -វិសាលភាពទឹកដីធំទូលាយ -ចម្បាំងអត់ឈប់ឈរ -សមន្ដរដ្ឋបះបោរចង់ផ្ដាច់ខ្លួន -វិបត្តិផ្ទៃក្នុង -ព្រះនាងជ័យទេវីគ្មានសមត្ថភាពគ្រប់គ្រង។,7,7,4,1.0,0.98779296875,4,7,0,0
498,តើអាណាចក្រភ្នំមានព្រំប្រទល់ជាប់ប្រទេសណាខ្លះ?,អាណាចក្រភ្នំមានព្រំប្រទល់ជាប់ប្រទេសដូចជា -ខាងជើងជាប់ចិន -ខាងត្បូងជាឈូងសមុទ្រខ្មែរ -ខាងកើតជាប់រដ្ឋចម្ប៉ា -ខាងលិចជាប់រដ្ធមនឬភូមា។,អាណាចក្រភ្នំមានព្រំប្រទល់ខាងជើងជាប់នឹងប្រទេសចិន(រដ្ឋណានឆាវនិងតុងតឹង)ខាងកើតជាប់រដ្ឋចម្ប៉ា(ឈូងសមុទ្រចិន)និងខាងត្បូងជាប់និងឈូងសមុទ្រខ្មែរ(នគរភ្នំ)និងខាងលិចជាប់រដ្ឋមនឬភូមា។,6,6,4,1.0,0.984375,4,6,0,0
499,តើប្រព័ន្ធផលិតកម្មកសិកម្មនៅក្នុងប្រទេសកម្ពុជាមានអ្វីខ្លះ?ចូររៀបរាប់​ ។,ប្រព័ន្ធផលិតកម្មកសិកម្មនៅប្រទេសកម្ពុជាមាន៖    _ ដំណាំ : ដំណាំស្រូវ ដំណាំកៅស៊ូ ដំណាំផ្សេងៗទៀត    _ ការចិញ្ចឹមសត្វ : ការចិញ្ចឹមសត្វលើគោក ការចិញ្ចឹមសត្វក្នុងទឹក    _ ការនេសាទ : ការនេសាទទឹកសាប ការនេសាទទឹកប្រៃ  _ ព្រៃឈើ : ផលិតផលឈើ អនុផលព្រៃឈើ(រកឃ្មុំ ជ័រទឹក វល្លិ៍ ផ្តៅ) សត្វព្រៃ ។,ក្រុមហ៊ុនផលិតកម្មកសិកម្មនិងប្រទេសកម្ពុជាមាន ការនាំចេញនាំចូលផលិតផល ការធ្វើស្រែចម្ការដាំដំណាំស្រូវការដាំដុះបន្លែបង្គា ការនាំចេញផលិតផលទៅក្រៅប្រទេស ការធ្វើអាជីវកម្មក្នុងស្រុកនិងក្រៅស្រុក ការធ្វើអាជីវកម្មការធ្វើសេដ្ឋកិច្ចទីផ្សារដើម្បីឲ្យមាន បៀវត្សរ៍ខ្ពស់។,10,8,3,0.8,0.509765625,2,5,1,3
500,តើអ្វីជាសង្គ្រាមត្រជាក់? តើសង្គ្រាមត្រជាក់ផ្ដល់ផលវិបាកអ្វីខ្លះដល់កម្ពុជា?,សង្គ្រាមត្រជាក់គឺជាការប្រកួតប្រជែងផ្នែកមនោគមវិទ្យារវាងសេដ្ឋកិច្ចនយោធានិងបច្ចេកវិទ្យា។សង្គ្រាមមជ្ឈមណ្ឌលផលវិបាកដល់កម្ពុជាដូចជា -ការអនុវត្តនយោបាយវិទ្យាក្រឹត្យរបស់សម្ដេចនរោត្តមសីហនុមិនចោទទិសដៅ -ប្រទេសកម្ពុជាធ្លាក់ក្នុងសង្គ្រាមស៊ីវល -ខ្មែរក្រហមឡើងកាន់អំណាច -ប្រទេសកម្ពុជាមានភាពអាណាធិបតេយ្យ -សេដ្ឋកិច្ចកម្ពុជាធ្លាក់ចុះ -ប្រទេសកម្ពុជារស់នៅដែលភាពភ័យខ្លាច -រោងចក្រឧស្សាហកម្មបិទទ្វារ -បែកបាក់សាមគ្គីផ្ទៃក្នុង,សង្គ្រាមត្រជាក់ជាសង្គ្រាមដែលកើតឡើងនៅជុំវិញពិភពលោករបៀបប្រទេសនិងប្រទេសដែលបណ្ដាលឲ្យមានគ្រោះថ្នាក់យ៉ាងខ្លាំង។សង្គ្រាមត្រជាក់ដល់ផលវិបាកដល់ប្រទេសកម្ពុជាយ៉ាងខ្លាំង +សង្គម -ប្រជាជនជាច្រើនលាននាក់ត្រូវបានកេណ្ឌនិងសម្លាប់បាត់បង់ជីវិត -ប្រជាជនរស់នៅដោយភាពភ័យខ្លាច -កើតមានអសន្តិសុខសណ្ដាប់ធ្នាប់ -ភាពវឹកវរនៅក្នុងសង្គម -ប្រជាជនរស់នៅយ៉ាងវេទនា +សេដ្ឋកិច្ច -សេដ្ឋកិច្ចធ្លាក់ចុះ -ទំនិញឡើងថ្លៃ -ការធ្វើពាណិជ្ជកម្មត្រូវរាំងស្ទះ -ធ្លាក់ក្នុងប្រទេសក្រីក្រ -បាត់បង់ប្រាក់ចំណូលចូលជាតិ +នយោបាយ -អស្ថេរភាពនយោបាយ -បាត់បង់ការធ្វើពាណិជ្ជកម្មជាមួយបណ្ដាប្រទេសផ្សេងៗ -ការផ្ដាច់ជំនួយពីប្រទេសមហាអំណាច -ការអនុវត្តគោលនយោបាយមិនពេញលេញ។,10,6,2,0.6,0.6943359375,3,7,1,1
501,តើឧស្សាហកម្មមានតួនាទីដូចម្ដេចខ្លះចំពោះសេដ្ឋកិច្ចជាតិ?,ឧស្សាហកម្មមាន​តួនាទីចំពោះសេដ្ឋកិច្ចជាតិដូចជា ៖ ​ _ ជួយបង្កើតថវិការជាតិ ​ _ ជួយបង្កើតទិន្នផលជាតិ ​​ _ ជួយឲ្យសេដ្ឋកិច្ចជាតិរីកចម្រើន  _ ប្រជាជនសំបូរធូរធារ  _អភិវឌ្ឍគ្រប់វិស័យ  _ មានទំនាក់ទំនងល្អជាមួយអ្នកជិតខាង  _ មានភាពរុងរឿងនៅក្នុងប្រទេសជាតិ។,ឧស្សាហកម្មមានតួនាទីចំពោះសេដ្ឋកិច្ចជាតិដូចជា ៖ _ ជួយបង្កើនប្រាក់ចំណូលជូនជាតិ23.8% ឆ្នាំ2008 _ បង្កើតការងារជូនប្រជាជន  _ បង្កើតប្រាក់ចំណូលក្នុងគ្រួសារ  _ ប្រជាជនមានជីវភាពធូរធារ _ ជួយរក្សាលំនឹងជញ្ជីងពាណិជ្ជកម្ម  _ ផ្ដល់ផលិតផលសម្រាប់នាំចេញ  _ ផ្ដល់ផលិតផលសម្រាប់ប្រើប្រាស់។,15,15,4,1.0,0.92919921875,4,14,0,1
502,ហេតុអ្វីបានជាមនុស្សស្រូបយកខ្យល់ដែលមានកាបូនម៉ណូអុកស៊ីតអាចបង្កគ្រោះថ្នាក់ដល់ស្លាប់បាន?,បានជាមនុស្សស្រូបយកខ្យល់ដែលមានកាបូនម៉ូណូអុកស៊ីដអាចបង្កឲ្យមានគ្រោះថ្នាក់ដល់ស្លាប់ បានព្រោះកាបូនម៉ូណូអុកស៊ីដមានសមត្ថភាពចាប់យក ក្នុងឈាមបានខ្លាំងជាងអុកស៊ីសែន វារារាំងឈាមមិនឲ្យដឹកនាំអុកស៊ីសែនទៅចិញ្ចឹមសរីរាង្គជាពិសេសខួរក្បាលដែលបណ្តាលឲ្យ ស្លាប់និង សន្លប់ ។,បានជាមនុស្សស្រូបយកខ្យល់ដែលមានកាបូនម៉ូណូអុកស៊ីដអាចបង្កឲ្យមានគ្រោះថ្នាក់ដល់ស្លាប់ បានព្រោះកាបូនម៉ូណូអុកស៊ីដមានសមត្ថភាពចាប់យក ក្នុងឈាមបានខ្លាំងជាងអុកស៊ីសែន វារារាំងឈាមមិនឲ្យដឹកនាំអុកស៊ីសែនទៅចិញ្ចឹមសរីរាង្គជាពិសេសខួរក្បាលដែលបណ្តាលឲ្យ ស្លាប់និង សន្លប់ ។,5,4,3,0.8,0.76025390625,3,4,0,0
503,តើគេចែកយុគសម័យបុរេប្រវត្តិសាស្ត្រកម្ពុជាជាប៉ុន្មានយុគសម័យ?អ្វីខ្លះ?,គេចែកយុគសម័យបុរេប្រវត្តិសាស្ត្រកម្ពុជាជាបីយុគសម័យគឺ -យុគថ្មបំបែក (600000 - 12000 ឆ្នាំមុនគ.ស) -យុគថ្មរលីងឬសំលៀង (8000 - 2000 ឆ្នាំមុនគ.ស) -យុគលោហៈ(2000-100 ឆ្នាំមុនគ.ស)។,គេចែកយុគសម័យបុរេប្រវត្តិសាស្ត្រកម្ពុជាជាបីយុគសម័យគឺ -យុគថ្មបំបែក (600000 - 12000 ឆ្នាំមុនគ.ស) -យុគថ្មរលីងឬសំលៀង (8000 - 2000 ឆ្នាំមុនគ.ស) -យុគលោហៈ(2000-100 ឆ្នាំមុនគ.ស)។,5,5,4,1.0,0.9912109375,4,5,0,0
504,តើអាណាចក្រភ្នំមានព្រំប្រទល់ជាប់ប្រទេសណាខ្លះ?,អាណាចក្រភ្នំមានព្រំប្រទល់ជាប់ប្រទេសដូចជា -ខាងជើងជាប់ចិន -ខាងត្បូងជាឈូងសមុទ្រខ្មែរ -ខាងកើតជាប់រដ្ឋចម្ប៉ា -ខាងលិចជាប់រដ្ធមនឬភូមា។,អាណាចក្រភ្នំមានព្រំប្រទល់ជាប់ប្រទេសដូចជា -ខាងជើងជាប់ចិន -ខាងត្បូងជាឈូងសមុទ្រខ្មែរ -ខាងកើតជាប់រដ្ឋចម្ប៉ា -ខាងលិចជាប់រដ្ឋមនឬភូមា។,6,6,4,1.0,0.9853515625,4,6,0,0
505,តើការស្ថិតនៅក្រៅសារពាង្គកាយនៃពងស្វាសមានសារៈសំខាន់ដូចម្តេច?,ការស្ថិតនៅក្រោមសារពាង្គកាយនៃពងស្វាសមានសារៈសំខាន់ដូចជាដើម្បីរក្សាសីតុណ្ហភាពឲ្យ ទាបជាងសីតុណ្ហភាពក្នុងខ្លួន ប្រហែលពី(2-3)សីតុណ្ហភាពក្នុងខ្លួន37 ។,ការស្ថិតនៅក្រោមសារពាង្គកាយនៃពងស្វាសមានសារៈសំខាន់ដូចជាដើម្បីរក្សាសីតុណ្ហភាពឲ្យ ទាបជាងសីតុណ្ហភាពក្នុងខ្លួន ប្រហែលពី(2-3)ដែលជាលក្ខខណ្ឌចាំបាច់សម្រាប់ការផលិត មេជីវិតឈ្មោល ។,10,8,3,0.8,0.8662109375,3,9,0,1
506,តើប្រទេសកម្ពុជាចូលជាសមាជិក សហគមន៍អាសុីអាគ្នេយ៍ទទួលបានផលវិជ្ជមាននិងផលអវិជ្ជមានដូចម្ដេចខ្លះ?,ប្រទេសកម្ពុជាចូលជាសមាជិកសាមាសហគមន៍អាស៊ីអាគ្នេយ៍ទទួលផលវិជ្ជមាននឹងអវិជ្ជមានដូចជា៖ +ផលវិជ្ជមាន៖ -កម្ពុជាលែងឯកោទៅទៀត -បានចូលរួមនៅរាល់ការសម្រេចចិត្តនានាក្នុងតំបន់ -កម្ពុជាបានឈរស្មើមុខមាត់ជាមួយបណ្ដាប្រទេសជាសមាជិកអាស៊ាន -កម្ពុជាមានដៃគូច្រើនទាំងក្នុងតំបន់និងពិភព -កម្ពុជាអាចពង្រីកអនុភាពនិងបង្កើតតួនាទីរបស់ខ្លួនកាន់តែសកម្មភាពដែលក្នុងតំបន់នៃអន្តរជាតិ -កម្ពុជាមានសិទ្ធពេញលេញក្រោមការរៀបចំកិច្ចប្រជុំធំៗក្នុងប្រទេសខ្លួនលក្ខណៈតំបន់និងពិភពលោក -ការលើកលែងទិដ្ឋការ -កម្ពុជាក្លាយជាកន្លែងវិនិយោគដ៏មានសក្តានុពលពាណិជ្ជកម្មរវាងពាណិជ្ជកម្មនិងស្រួលជាងមុនចំពោះទីផ្សារ -សេដ្ឋកិច្ចកម្ពុជាមានកំណើនរៀងរាល់ឆ្នាំ -ប្រជាជនអាចរកការងារធ្វើទាំងក្នុងប្រទេសក្នុងតំបន់និងក្រៅតំបន់ -កំណើនភ្ញៀវទេសចរជាច្រើន +ផលអវិជ្ជមាន៖ -ពាណិជ្ជកម្មសេដ្ឋកិច្ចដំណើរការមិនល្អ -កម្ពុជាបាត់បង់ជំនឿសាសនាប្រពៃណីទំនៀមទម្លាប់,ប្រទេសកម្ពុជាចូលជាសមាជិកសហគមន៍អាស៊ីអាគ្នេយ៍ទទួលបានផលវិជ្ជមាននិងអវិជ្ជមានដូចជា +ផលវិជ្ជមាន -ពង្រឹងសេដ្ឋកិច្ចនិងពាណិជ្ជកម្មជាមួយប្រទេសជិតខាង -ទាក់ទាញវិនិយោគបរទេស -ពង្រឹងសក្ដិភាព និងសហប្រតិបត្តិការ -បង្កើតឱកាសការងារនិងការអប់រំ +ផលអវិជ្ជមាន -ការប្រកួតប្រជែងសេដ្ឋកិច្ចខ្លាំង -សហគ្រាសក្នុងស្រុកខ្លះពិបាកក្នុងការប្រកួតជាមួយបរទេស -អាចមានឥទ្ធិពលបរទេសមកច្រើន។,10,6,2,0.6,0.55224609375,2,6,0,0
507,តើកត្តាអ្វីខ្លះដែលធ្វើអោយសម័យអង្គររីកចម្រើនដល់កំពូល?​ ចូលរៀបរាប់។,កត្តាដែលធ្វើអោយសម័យអង្គររីកចម្រើនគឺ: កត្តាព្រះរាជា:ព្រះរាជាចាប់ពីព្រះបាទជ័យវរ្ម័នទី 2 រហូតដល់ព្រះបាទជ័យវរ្ម័នទី 7 សុទ្ធតែជាស្ដេចខ្លាំងពូកែ កត្តានយោបាយ: នយោបាយក្នុងប្រទេសបង្រួបបង្រួមជាតិកសាងនិងការពារទឹកដី នយោបាយក្រៅប្រទេស:ចងសម្ព័ន្ធមិត្តជាមួយប្រទេសធំៗវាយយករដ្ឋតូចដាក់ជាចំណុះ កត្តាសេដ្ឋកិច្ច:រីកចម្រើនលើវិស័យកសិកម្មសិប្បកម្មគណនាគម កត្តាសាសនា:ការឯកភាពគ្នារវាងសាសនាព្រាហ្មនិងព្រះពុទ្ធ កត្តាធនធានមនុស្សបន្សល់ទុកតាំងពីសម័យនគរភ្នំនិងចេនឡាមក។,កត្តាដែលធ្វើអោយសម័យអង្គររីកចម្រើនគឺ: កត្តាព្រះរាជា:ព្រះរាជាចាប់ពីព្រះបាទជ័យវរ្ម័នទី 2 រហូតដល់ព្រះបាទជ័យវរ្ម័នទី 7 សុទ្ធសឹងតែជាស្ដេចខ្លាំងពូកែ កត្តានយោបាយ: នយោបាយក្នុងប្រទេសបង្រួបបង្រួមជាតិកសាងនិងការពារទឹកដី នយោបាយក្រៅប្រទេស:ចងសម្ព័ន្ធមិត្តជាមួយប្រទេសធំៗវាយយករដ្ឋតូចដាក់ជាចំណុះ កត្តាសេដ្ឋកិច្ច:រីកចម្រើនលើវិស័យកសិកម្មសិប្បកម្មគណនាគមន៍ កត្តាសាសនា:ការឯកភាពគ្នារវាងសាសនាព្រាហ្មនិងព្រះពុទ្ធ កត្តាធនធានមនុស្ស:មនុស្សបន្សល់ទុកតាំងពីសម័យនគរភ្នំនិងចេនឡាមក។,10,10,4,1.0,0.9853515625,4,10,0,0
508,តើឧស្សាហកម្មមានតួនាទីដូចម្ដេចខ្លះចំពោះសេដ្ឋកិច្ចជាតិ?,ឧស្សាហកម្មមាន​តួនាទីចំពោះសេដ្ឋកិច្ចជាតិដូចជា ៖ ​ _ ជួយបង្កើតថវិការជាតិ ​ _ ជួយបង្កើតទិន្នផលជាតិ ​​ _ ជួយឲ្យសេដ្ឋកិច្ចជាតិរីកចម្រើន  _ ប្រជាជនសំបូរធូរធារ  _អភិវឌ្ឍគ្រប់វិស័យ  _ មានទំនាក់ទំនងល្អជាមួយអ្នកជិតខាង  _ មានភាពរុងរឿងនៅក្នុងប្រទេសជាតិ។,ឧស្សាហកម្មមានតួនាទីចំពោះសេដ្ឋកិច្ចយ៉ាងច្រើនបែប៖  _ ជួយឲ្យប្រជាជនមានការងារធ្វើ   _ ប្រជាជនអាចរកប្រាក់ចំណូលបានដើម្បីផ្គត់ផ្គង់គ្រួសារ   _ ធ្វើសេដ្ឋកិច្ចមានការរីកចម្រើនផ្នែកឧស្សាហកម្ម   _ អាចនាំផលិតផលទៅលក់នៅក្រៅប្រទេស   _ ធ្វើឲ្យប្រទេសជាតិមានការអភិវឌ្ឍកាន់តែច្រើន   _ អាចផលិតឧបករណ៍ដោយខ្លួនឯង   _ រកប្រាក់ចំណូលពីទេសចរណ៍។,15,15,4,1.0,0.88916015625,4,13,0,2
509,តើគេចែកយុគសម័យបុរេប្រវត្តិសាស្ត្រកម្ពុជាជាប៉ុន្មានយុគសម័យ?អ្វីខ្លះ?,គេចែកយុគសម័យបុរេប្រវត្តិសាស្ត្រកម្ពុជាជាបីយុគសម័យគឺ -យុគថ្មបំបែក (600000 - 12000 ឆ្នាំមុនគ.ស) -យុគថ្មរលីងឬសំលៀង (8000 - 2000 ឆ្នាំមុនគ.ស) -យុគលោហៈ(2000-100 ឆ្នាំមុនគ.ស)។,គេចែកយុគសម័យបុរេប្រវត្តិសាស្ត្រកម្ពុជាជាបីយុគសម័យគឺ -យុគថ្មបំបែក (600000 - 12000 ឆ្នាំមុនគ.ស) -យុគថ្មរលីងឬសំលៀង (8000 - 2000 ឆ្នាំមុនគ.ស) -យុគលោហៈ(2000-100 ឆ្នាំមុនគ.ស)។,5,5,4,1.0,0.9912109375,4,5,0,0
510,ចូររៀបរាប់ពីទំនាក់ទំនងរវាងការដាំដុះ​ អាជីវកម្មព្រៃឈើ និងការនេសាទ។,ទំនាក់ទំនងរវាងការដាំដុះ អាជីវកម្មព្រៃឈើ និងការនេសាទមានដូចជា៖ -ការដាំដុះដោយប្រើជីធម្មជាតិ -ការប្រើប្រាស់ជីគីមី -ដាំដុះនិងធ្វើតាមរដូវ -អាជីវកម្មព្រៃឈើ -ការកាប់បំផ្លាញព្រៃឈើ -ការដុតព្រៃឈើ -ការកាប់ឈើយកទៅធ្វើអាជីវកម្ម +ការនេសាទ -ការនេសាទត្រីពេលត្រីពក -ការនេសាទដោយប្រើអគ្គិសនី -ការនេសាទហួសកម្រិត -ការនេសាទគឺជាមុខរបរប្រចាំថ្ងៃាបស់ប្រជាជន -នឹងជាអាហារប្រចាំថ្ងៃរបស់ប្រជាជន -ការនេសាទធ្វើប្រជាជនមានមុខរបររកស៊ីត្រឹមត្រូវ -ការនេសាទប្រើប្រាស់ឧបករណ៍នេសាទខុសច្បាប់ -ការបំផ្លាញជំរកត្រី -ការបកហូរទឹកចេញពី,រៀបរាប់ពីទំនាក់ទំនងនៃការដាំដុះ អាជីវកម្មព្រៃឈើ និងការនេសាទគឺប្រទេសកម្ពុជាមានការដាំដំណាំបានល្អមាន ជីវជាតិងាយស្រួលធ្វើកសិកម្មដំណាំផ្សេងៗសម្បូរទៅធម្មជាតិនិងដើមជួយជាច្រើនដែលនឹងប្រទេសកម្ពុជាយើង ព្រោះប្រទេសកម្ពុជាសម្បូរប្រព័ន្ធផ្លូវទេកនិងដីខ្ពង់រាបទាបៗហើយការនេសាទមិនទាន់មានការរីកចម្រើនទេដោយ ការចិញ្ចឹមត្រីមច្ឆាជាតិមិនទាន់មានការអភិវឌ្ឍនៅឡើយទេ។,15,5,1,0.3333333333333333,0.24169921875,1,4,0,1
511,ចូរនិយាយពីកំណកាម៉ែតញី។,ការស្ថិតនៅក្រោមសារពាង្គកាយនៃពងស្វាសមានសារៈសំខាន់ដូចជាដើម្បីរក្សាសីតុណ្ហភាពឲ្យ ទាបជាងសីតុណ្ហភាពក្នុងខ្លួន ប្រហែលពី(2-3)សីតុណ្ហភាពក្នុងខ្លួន37 ។,កំណកាម៉ែនញី ដំបូងកោសិកាពូជមួយរកចម្ងាយពីរដងទម្លាប់គ្នាបានកោសិកាអូវ៉ូកូនី4 ។អូវុលរីក មាឌក្លាយជាអូវូស៊ីត1 ។អូវ៉ូស៊ីតមួយរងចំណែកមួយនៃមេយ៉ូសហើយត្រូវបានជាប់គាំងនៅចុង វគ្គមួយ ។,10,5,2,0.5,0.427978515625,2,4,0,1
512,តើប្រព័ន្ធផលិតកម្មកសិកម្មនៅក្នុងប្រទេសកម្ពុជាមានអ្វីខ្លះ?ចូររៀបរាប់​ ។,ប្រព័ន្ធផលិតកម្មកសិកម្មនៅប្រទេសកម្ពុជាមាន៖    _ ដំណាំ : ដំណាំស្រូវ ដំណាំកៅស៊ូ ដំណាំផ្សេងៗទៀត    _ ការចិញ្ចឹមសត្វ : ការចិញ្ចឹមសត្វលើគោក ការចិញ្ចឹមសត្វក្នុងទឹក    _ ការនេសាទ : ការនេសាទទឹកសាប ការនេសាទទឹកប្រៃ  _ ព្រៃឈើ : ផលិតផលឈើ អនុផលព្រៃឈើ(រកឃ្មុំ ជ័រទឹក វល្លិ៍ ផ្តៅ) សត្វព្រៃ ។,ប្រព័ន្ធផលិតកម្មកសិកម្មនៅប្រទេសកម្ពុជាមានដូចជា -ការនាំចេញនាំចូលផលិតផល -ការធ្វើស្រែចម្ការដំណាំស្រូវ -ការដាំដុះបន្លែបង្ការ -ការនាំចេញផលិតផលនៅក្រៅទៅក្រៅប្រទេស -ការធ្វើអាជីវកម្មក្នុងស្រុកនិងក្រៅស្រុក  -ការធ្វើពាណិជ្ជកម្មការធ្វើសេដ្ឋកិច្ចទីផ្សារដើម្បីឲ្យមានការអភិវឌ្ឍខ្ពស់។,10,8,3,0.8,0.49658203125,2,5,1,3
513,តើថ្ងៃរំដោះ៧មករា១៩៧៩ មានអត្ថន័យយ៉ាងណាខ្លះចំពោះប្រវត្តិសាស្ត្រកម្ពុជា?,ជាថ្ងៃដែលប្រជាជនខ្មែររួចផុតពីសង្គ្រាមនិងការសម្លាប់ -ជាថ្ងៃដែលប្រជាជនខ្មែរស្គាល់ច្បាប់ពីតម្លៃនៃសន្តិភាព -ជាថ្ងៃដែលប្រជាជនខ្មែរស្គាល់ច្បាប់ពីតម្លៃនៃសន្តិភាព -ប្រទេសកម្ពុជាទទួលបានអធិបតេយ្យភាពនិងបូរណាភាពទឹកដី -ប្រទេសកម្ពុជាទទួលបានឯករាជ្យ -ប្រទេសកម្ពុជាអាចអភិវឌ្ឍន៍ប្រទេសជាតិរបស់ខ្លួន -ប្រទេសកម្ពុជាអាចឈរស្មើមុខមាត់លើឆាកអន្តរជាតិ -ប្រទេសកម្ពុជាកសាងនិងស្ដាយប្រទេសជាតិខ្លួនឯងឡើងវិញ -ប្រទេសកម្ពុជាអាចធ្វើទំនាក់ទំនងជាមួយបណ្ដាប្រទេសនានា.,-ជាថ្ងៃដែលប្រជាជនកម្ពុជារួចផុតពីការសម្លាប់រងារនិងរបបប្រល័យពូជសាសន៍ប៉ុលពត -ជាថ្ងៃដែលដួលរលំនៃរបបកម្ពុជាប្រជាធិបតេយ្យនិងជាថ្ងៃនិងជាថ្ងៃចាប់ផ្ដើមបដិសិទ្ធិនៃរបបសាធារណរដ្ឋប្រជាមតិកម្ពុជា -ជាថ្ងៃដែលប្រជាជនកម្ពុជាទទួលបានសិទ្ធិសេរីភាពនិងសិទ្ធិនៃការសម្រេចជោគវាសនាខ្លួន -ជាថ្ងៃដែលស្ដារនិងស្ករសាមប្រទេសឡើងវិញលើគ្រប់វិស័យស្របតាមឆន្ទៈនិងគោលបំណងរបស់ប្រជាជន -ជាការរស់រាននៅវប្បធម៌ជាតិជំនឿប្រពៃណីសាសនាទំនៀមទម្លាប់និងសិល្បៈ -ជាថ្ងៃដែលកម្ពុជាឈឿនទៅរកឯករាជ្យជាតិសុវត្ថិភាពជាតិសន្តិភាពនិងស្ថុភមង្គល -ជាតិឆ្ងាយស្ដារមុខមាត់ប្រទេសកម្ពុជាឡើងវិញលើឆាកអន្តរជាតិ -ជាថ្ងៃបណ្ដាលឲ្យមានវត្តមានកងទ័ពវៀតណាមជាថ្មីម្ដងទៀតលើទឹកដីកម្ពុជា។,8,8,4,1.0,0.95947265625,4,8,0,0
514,តើកត្តាអ្វីខ្លះដែលធ្វើអោយសម័យអង្គររីកចម្រើនដល់កំពូល?​ ចូលរៀបរាប់។,កត្តាដែលធ្វើអោយសម័យអង្គររីកចម្រើនគឺ: កត្តាព្រះរាជា:ព្រះរាជាចាប់ពីព្រះបាទជ័យវរ្ម័នទី 2 រហូតដល់ព្រះបាទជ័យវរ្ម័នទី 7 សុទ្ធតែជាស្ដេចខ្លាំងពូកែ កត្តានយោបាយ: នយោបាយក្នុងប្រទេសបង្រួបបង្រួមជាតិកសាងនិងការពារទឹកដី នយោបាយក្រៅប្រទេស:ចងសម្ព័ន្ធមិត្តជាមួយប្រទេសធំៗវាយយករដ្ឋតូចដាក់ជាចំណុះ កត្តាសេដ្ឋកិច្ច:រីកចម្រើនលើវិស័យកសិកម្មសិប្បកម្មគណនាគម កត្តាសាសនា:ការឯកភាពគ្នារវាងសាសនាព្រាហ្មនិងព្រះពុទ្ធ កត្តាធនធានមនុស្សបន្សល់ទុកតាំងពីសម័យនគរភ្នំនិងចេនឡាមក។,កត្តាដែលធ្វើអោយសម័យអង្គររីកចម្រើនគឺ: កត្តាព្រះរាជា:ព្រះរាជាចាប់ពីព្រះបាទជ័យវរ្ម័នទី 2 រហូតដល់ព្រះបាទជ័យវរ្ម័នទី 7 សុទ្ធសឹងតែជាស្ដេចខ្លាំងពូកែ កត្តានយោបាយ: នយោបាយក្នុងប្រទេសបង្រួបបង្រួមជាតិកសាងនិងការពារទឹកដី នយោបាយក្រៅប្រទេស:ចងសម្ព័ន្ធមិត្តជាមួយប្រទេសធំៗវាយយករដ្ឋតូចដាក់ជាចំណុះ កត្តាសេដ្ឋកិច្ច:រីកចម្រើនលើវិស័យកសិកម្មសិប្បកម្មគណនាគមន៍ កត្តាសាសនា:ការឯកភាពគ្នារវាងសាសនាព្រាហ្មនិងព្រះពុទ្ធ កត្តាធនធាន:មនុស្សបន្សល់ទុកតាំងពីសម័យនគរភ្នំនិងចេនឡាមក។,10,10,4,1.0,0.98486328125,4,10,0,0
515,តើប្រព័ន្ធផលិតកម្មកសិកម្មនៅប្រទេសកម្ពុជាមានអ្វីខ្លះ?,ប្រព័ន្ធផលិតកម្មកសិកម្មនៅកម្ពុជាមានដូចជាដំណាំដំណាំស្រូវនិងកៅស៊ូដឹកនាំផ្សេងៗទៀតការចិញ្ចឹមសត្វបានចិញ្ចឹមសត្វលើគោកការចិញ្ចឹមសត្វក្នុងទឹកការនេសាទការនេសាទទឹកសាបការនេសាទទឹកប្រៃ  ព្រៃឈើអនុផលព្រៃឈើរកឃ្មុំជ័រទឹកក្តៅសត្វព្រៃ,ប្រព័ន្ធផលិតកម្មកសិកម្មនៅកម្ពុជាមានដូចជាសហគ្រាសធំតូចសិប្បកម្ម។,15,2,1,0.13333333333333333,0.0816650390625,0,1,1,1
516,ចូរពណ៏នាពីការអភិវឌ្ឍសេដ្ឋកិច្ច សង្គម នៅកម្ពុជាពីឆ្នាំ១៩៩៣ មកទល់សព្វថ្ងៃ?,ការអភិវឌ្ឈនៅកម្ពុជា +វិស័យសេដ្ឋកិច្ច -ជួយជំរុញវិស័យកសិកម្ម ឧស្សាហកម្ម ពាណិជ្ជកម្ម ទេសចរណ៌ មានការអភិវឌ្ឈ -មានកំណើនការវិនិយោគពីឯកជនបង្កើតទុនបរទេស -មានទំនាក់ទំនងពាណិជ្ជកម្មអន្តរជាតិជាមួយអាស៊ាននិងមហាអំណាចធំៗ -មានកំណើនភ្ញៀវទេសចរណ៌ជាតិនិងអន្តរជាតិ ផ្ដល់ចំណូលដល់ប្រជាជន -កសាងហេដ្ឋារចនាសម្ព័ន្ធ មានផ្លូវថ្នល់ ស្ពានដែក កំពង់ផែ អាកាសយាន្តដ្ឋាន ដោយបំពាក់ប្រព័ន្ធទឹកភ្លើងពីទីក្រុងទៅជនបទ +វិស័យសង្គម -មានការទប់ស្កាត់សង្គ្រាម -លើកស្ទួយការគោរពសិទ្ធិមនុស្ស -ទប់ស្កាត់អំពើពុករលួយ -ធ្វើឱ្យរដ្ឋាភិបាលមានលទ្ធភាពសម្រេចផែនការនានាតាមការកំណត់ -ជួយឱ្យមានរក្សាសន្តិភាព សុខសុវត្ថិភាព -មានការអភិវឌ្ឈសាលារៀន មន្ទីរពេទ្យ -មានសមភាពយែនឌ័រក្នុងសង្គម -កម្ពុជារៀបចំកម្មវិធីធំៗថ្នាក់ជាតិ។,ពណ៌នាពីការអភិវឌ្ឍសេដ្ឋកិច្ចសង្គមនៅកម្ពុជាពីឆ្នាំ 1993 មកទល់សព្វថ្ងៃ +នយោបាយឈ្នះ -នយោបាយឈ្នះបានធ្វើឲ្យរាជរដ្ឋាភិបាលបានដាក់ចេញនូវយុទ្ធសាស្ត្រត្រីកោណនិងយុទ្ធសាស្ត្រចតុកោណក្នុងការអភិវឌ្ឍសង្គមតាមរយៈកំណែទម្រង់សាធារណៈ វិមជ្ឈការកំណែទម្រង់ច្បាប់និងប្រព័ន្ធតុលាការសន្តិភាពយែនឌ័រហិរញ្ញវត្ថុលុបបំបាត់អំពើពុករលួយការគ្រប់គ្រងធនធានធម្មជាតិប្រកបដោយចីរភាព។ +សេដ្ឋកិច្ច -បង្កើតទំនាក់ទំនងពាណិជ្ជកម្មអន្តរជាតិអាស៊ាននិងមហាអំណាចធំៗលើពិភពលោក -កសិកម្មមានការរីកចម្រើនដោយរដ្ឋាភិបាលយកចិត្តទុកដាក់ក្នុងការបង្កើតប្រព័ន្ធធារាសាស្ត្រ ការបង្កាត់ពូជ ប្រើប្រាស់ដី -អនុវត្តសេដ្ឋកិច្ចទីផ្សារសេរីកម្ពុជាក្លាយជាកន្លែងវិនិយោគទុនដ៏ទាក់ទាញ -ជំរុញនិងលើកទឹកចិត្តការវិនិយោគពីឯកជនបង្កើតទន់បរទេស -ជំរុញវិស័យឧស្សហកម្មមានការរីកចម្រើនផ្នែករោងចក្រសហគ្រាសតូចធំជាច្រើន ជាពិសេសរោងចក្រវាយភ័ណ្ឌសម្រាប់បង្កើយការងារដល់ប្រជាជន  -ជៀសវាងការធ្វើចំណាកស្រុក -ជំរុញឱ្យមានការយកចិត្តទុកដាក់លើវិស័យទេសចរណ៌ វប្បធម៍និងទេសចរណ៌ធម្មជាតិ សម្រាប់ទាក់ទាញភ្ញៀវជាតិនិងអន្តរជាតិ -ធ្វើអោយអត្រាប្ដូរប្រាក់មានស្ថិរភាព -ចូលជាសមាជិកអង្គការពាណិជ្ជកម្មអន្តរជាតិ +វិស័យសង្គម -ឆ្នាំ1998មកដល់បច្ចុប្បន្នរាជរដ្ឋាភិបាលរៀបចំនូវសណ្ដាប់ធ្នាប់សង្គម រក្សាសន្តិភាពសុខសុវត្ថិភាព និងមានសន្តិភាពពេញលេញ -ធ្វើឱ្យមានសមត្ថផលជាច្រើនកើតឡើងដូចជា -កសាងសាលារៀនពីមតេយ្យសិក្សាដល់សាកលវិទ្យាល័យ -កសាងមន្ទីរពេទ្យផ្លូវថ្នល់ស្ពានប្រព័ន្ធធារាសាស្រ្តជាពិសេសសេដ្ឋកិច្ចមានការរីកចម្រើន -ប្រជាជនមានជីវភាពកាន់តែប្រសើរ +ការអនុវត្តច្បាប់ -ទប់ស្កាត់ៗនឲមានការជួញដូរមនុស្ស គ្រឿងញៀន និងអំពើភារវកម្ម -មានសិទ្ធិសេរីភាពផ្នែកសារព័ត៌មាននិងអនុញ្ញាតឲមានសិទ្ធិសេរីភាពក្នុងការបង្កើតអង្គការសង្គមស៊ីវិល -សមភាពយែនឌ័រ។,10,10,4,1.0,0.94873046875,4,9,0,1
517,តើសេដ្ឋកិច្ចកម្ពុជាពឹងផ្អែកលើវិស័យអ្វីជាសំខាន់?     ក/ ហេតុអ្វីបានជាគេនិយាយថាកម្ពុជាជាប្រទេសកសិកម្ម?     ខ/ តើគេចែកកសិករជាប៉ុន្មានប្រភេទ?អ្វីខ្លះ?,សេដ្ឋកិច្ចកម្ពុជាពឹងផ្អែកលើវិស័យកសិកម្មជាសំខាន់។   ក/ បានជាគេនិយាយថាកម្ពុជាជាប្រទេសឧស្សាហកម្មព្រោះ៖  _  សណ្ឋានដី : ដីមានជីវជាតិល្អនិងសម្បូរទំនាបល្បាប់   _ ផ្លូវទឹក : ផ្លូវទឹកខ្វាត់ខ្វែងងាយស្រួលដល់ការដាំដុះ  _ ប្រជាជន : ប្រជាជនខ្មែរភាគច្រើនចូលចិត្តធ្វើកសិកម្ម  _ អាកាសធាតុ : ទទួលអាកាសធាតុក្តៅសើម  _ កសិកម្មផ្តល់ផល50%នៃផលិតផលជាតិសរុប។  ខ/ គេចែកកសិករទាំងនោះជា4ប្រភេទគឺ៖  _ កសិករធ្វើស្រែឬអ្នកស្រែ : និយមធ្វើស្រែ ស្រូវប្រាំង ស្រូវវស្សា ស្រូវឡើងទឹក  _ កសិករតំបន់ដីខ្ពស់ : គេដាំដំណាំជាអចិន្ត្រៃយ៍(ពោត ដំឡូង ចេក កៅស៊ូសណ្តែក)  _ កសិករធ្វើចម្ការដំណាំស្រូវ : គេដាំដំណាំតាមមាត់ទន្លេ ចិញ្ចឹមសត្វនិងនេសាទ  _ កសិករភូមិភាគឦសាន: គេធ្វើដំណាំព្រៃដុតមានដូចជាពោត ដំឡូង ស្រូវរុក្ខជាតិយកមើមដទៃទៀត និងបរបាញ់សត្វផងដែរ។,.៥.សេដ្ឋកិច្ចនៅលើប្រទេសកម្ពុជាពឹងផ្អែកទៅលើវិស័យកសិកម្មជាសំខាន់៖ កបានជាគេនិយាយថាបងកម្ពុជាជាប្រទេសកសិកម្មដោយផ្អែកទៅលើវិស័យកសិកម្មជាប្រភពចំណូលជាតែធ្វើឲ្យ ប្រទេសជាតិអនុវត្តអភិវឌ្ឍន៍បានច្រើនជាងគេនិងការដោយសារតែប្រជាជនភាគច្រើនជាកសិករដែលរស់នៅដូចជារបបហើយម្យ៉ាងទៀតប្រទេសកម្ពុជាមានសណ្ឋានដីតំបន់វាតម្រាបនិងខ្ពស់ទាប ដែលសម្បូរទៅដោយដីមានជីវជាតិនិងប្រព័ន្ធធារាសាស្ត្រសម្បូរទៅដោយប្រភពទឹកខ្វាក់ខ្វែងនិងអាកាសធាតុត្រូពិចក្តៅហើយសើមដែលសម្បូរទៅដោយទឹកភ្លៀងយ៉ាងៗក្នុងមួយឆ្នាំមួយឆ្នាំដែលជាប្រភពចម្បងក្នុងការស្រេាចស្រព។ +បែងចែកកសិករទាំងនោះជាបីប្រភេទដូចជាអ្នកបង្ករអ្នកបង្កើតផលនិងអ្នកថែទាំនិងអ្នកប្រមូលផល៖ -អ្នកបង្ករបង្កើតផលមានតួនាទីបង្កើតនិងដាំដុះនាំគ្រាប់ពូជនិងពន្លកឲ្យបានលួចលាស់ -ឧទាហរណ៍កសិករចាប់ផ្ដើមព្រួសគ្រាប់ស្រូវពេលជួលដីរួចរាល់។ អ្នកថែទាំគឺជាអ្នកថែរក្សាកសិកម្មឲ្យមានទិន្នផលល្អប្រសើរជាផុតពីការយាយីរៗពីសត្វល្អិតផ្សេងៗ។និងការលិចទឹកឬការបាត់បង់ទឹកជាដើម។ ឧទាហរណ៍កសិកម្មករកាប់ពីភ្លឺស្រែម្ហូរទឹកចេញខ្លះដើម្បីកុំឲ្យស្រូវលិច អ្នកប្រមូលផលគឺជាអ្នកដែលចាប់ផ្ដើមប្រមូលទិន្នផលកសិកម្មដល់ពេលរដូវប្រមូលផលបាន។ -ឧទាហរណ៍កសិករចាប់ផ្ដើមជីកដកដំឡូងនៅពេលដែលវាលូតលាស់ល្អ។,20,10,2,0.5,0.320556640625,1,6,1,4
518,ហេតុអ្វីបានជាផ្នែកឯកជនជាកម្លាំងដ៏សំខាន់សម្រាប់វិនិយោគនិងធ្វើឲ្យមានកំណើនសេដ្ឋកិច្ចក្នុងប្រទេស?,បានជាផ្នែកឯកជនជាកម្លាំងដ៏សំខាន់សម្រាប់វិនិយោគនិងធ្វើឲ្យមានកំណើនសេដ្ឋកិច្ចក្នុងប្រទេស ព្រោះប្រទេសកម្ពុជាជាប្រទេសអភិវឌ្ឍន៍ សេដ្ឋកិច្ចទីផ្សារដោយបានធ្វើកំណែទម្រង់សហគ្រាសឧស្សាហកម្មឲ្យក្លាយទៅជាកម្មសិទ្ធិឯកជន ។ សេដ្ឋកិច្ចទីផ្សារសេរីនេះនាំឲ្យអ្នករកស៊ីបរទេសចូលចិត្តមកវិនិយោគ ហើយកាលណាផ្នែកឯកជនរឹងមាំមកវិនិយោគ ហើយកាលណាផ្នែកឯកជនមិនរឹងមាំអាចបំពេញបន្ថែមវិនិយោគនិងវិស័យសង្គមកិច្ចមានន័យថាវិស័យឯកជនស្រូបយកកម្លាំងការងារកាន់តែកើនឡើង។,ព្រោះវិស័យឯកជនជាក្បាលម៉ាស៊ីនសំខាន់សម្រាប់វិនិយោគនិងធ្វើឱ្យមានកំណើនសេដ្ឋកិច្ចក្នុងប្រទេសព្រោះ៖ -ប្រទេសកម្ពុជាបានអនុវត្តសេដ្ឋកិច្ចទីផ្សារសេរីតាំងពីឆ្នាំ១៩៩៣សេដ្ឋកិច្ចទីផ្សារសេរី -នេះធ្វើឲ្យអ្នកវិនិយោគទុនតាមបរទេសចូលចិត្តមកវាយកអ្នកវិនិយោគ  -ជនភាគច្រើនចូលចិត្តវិនិយោគផ្នែកឯកជន -មនុស្សភាគច្រើនចូលចិត្តធ្វើការក្នុងវិស័យរបស់ឯកជនផ្នែកឯកជនធ្វើឲ្យប្រជាជនមានការងារធ្វើកម្មករភាគច្រើនជាជនធ្វើការជាមួយផ្នែកឯកជន។,15,15,4,1.0,0.7724609375,3,12,1,3
519,តើការស្ថិតនៅក្រៅសារពាង្គកាយនៃពងស្វាសមានសារៈសំខាន់ដូចម្តេច?,ការស្ថិតនៅក្រោមសារពាង្គកាយនៃពងស្វាសមានសារៈសំខាន់ដូចជាដើម្បីរក្សាសីតុណ្ហភាពឲ្យ ទាបជាងសីតុណ្ហភាពក្នុងខ្លួន ប្រហែលពី(2-3)សីតុណ្ហភាពក្នុងខ្លួន37 ។,ការស្ថិតនៅក្រោមសារពាង្គកាយនៃពងស្វាសមានសារៈសំខាន់ក្នុងការផលិតអរម៉ូនភេទឈ្មោលនិង បង្កើតស្ពែម៉ាតូសូអ៊ីតរក្សាសីតុណ្ហភាពឲ្យទាបជាងសីតុណ្ហភាពក្នុងខ្លួន ប្រហែលពី(2-3) ។,10,6,2,0.6,0.7880859375,3,8,1,2
520,តើកត្តាអ្វីខ្លះដែលបណ្ដាលឲ្យសៀមវាយបែកបន្ទាយលង្វែក?,កត្តាដែលបណ្ដាលឲ្យសៀមវាយបន្ទាយលង្វែកព្រះរាជាព្រះសត្ថាទីមួយឆោតល្ងង់ទៅជួយរំដោះក្រុងឰយុធ្យារបស់សៀមមកពីការត្រួតត្រាភូមាសៀមរមិលគុណប្រើល្បិចបញ្ជូនសល់ពីរអង្គ យកការវិបត្តិផ្ទៃក្នុងជាជួរជលសារលោករវល់ នាដើមម៉ឺនមន្ត្រីប្រជារាស្ត្រមិនពេញចិត្តដែលតែងទៅកូនអាយុដប់មួយវស្សា ឲ្យកូនរៀននៅ ក្នុងនាម មហាឧបរាជ ធ្វើឲ្យប្រជារាស្ត្របាត់បង់ស្មារតីប្រយុទ្ធប្រជារាស្ត្រខ្មែរក្រីក្រឆោតល្ងង់ចង់បានប្រាក់ដួលក៏នាំគ្នាកាប់ឆ្ការគុម្ពឫស្សីដែលជារបងការពារបន្ទាយលង្វែកដ៏រឹងមាំ រីប្រទេសខ្មែរហាក់បីដូចជាបាត់បង់សាមគ្គីដូចជាស្ថានីយមួយនាំកូនទាំងពីររត់ភៀសខ្លួនទៅប្រទេសឡាវមិនគិតពីប្រជារាស្ត្រនាំឲ្យប្រជាជន អស់ជំនឿ,កត្តាដែលបណ្ដាលឲ្យសៀមវាយបន្ទាយលង្វែកព្រះរាជាព្រះសត្ថាទីមួយឆោតល្ងង់ទៅជួយរំដោះក្រុងឰយុធ្យារបស់សៀមមកពីការត្រួតត្រាភូមាសៀមរមិលគុណប្រើល្បិចបញ្ជូនសល់ពីរអង្គ យកការវិបត្តិផ្ទៃក្នុងជាជួរជលសារលោករវល់ នាដើមម៉ឺនមន្ត្រីប្រជារាស្ត្រមិនពេញចិត្តដែលតែងទៅកូនអាយុដប់មួយវស្សា ឲ្យកូនរៀននៅ ក្នុងនាម មហាឧបរាជ ធ្វើឲ្យប្រជារាស្ត្របាត់បង់ស្មារតីប្រយុទ្ធប្រជារាស្ត្រខ្មែរក្រីក្រឆោតល្ងង់ចង់បានប្រាក់ដួលក៏នាំគ្នាកាប់ឆ្ការគុម្ពឫស្សីដែលជារបងការពារបន្ទាយលង្វែកដ៏រឹងមាំ រីប្រទេសខ្មែរហាក់បីដូចជាបាត់បង់សាមគ្គីដូចជាសត្ថាទីមួយនាំកូនទាំងពីររត់ភៀសខ្លួនទៅប្រទេសឡាវមិនគិតពីប្រជារាស្ត្រនាំឲ្យប្រជាជន អស់ជំនឿ។,10,10,4,1.0,0.90966796875,4,9,0,1
521,តើឧស្សាហកម្មមានអ្នកតួនាទីចំពោះសេដ្ឋកិច្ចយ៉ាងដូចម្ដេច?,ឧស្សាហកម្មមានតួនាទីសម្រាប់សេដ្ឋកិច្ចជាតិដូចជា -ជួយបង្កើតប្រាក់ចំណូលចូលជាតិ -បង្កើតការងារដល់ប្រជាជន -បង្កើតប្រាក់ចំណូលចូលក្នុងគ្រួសារ -ប្រជាជនមានជីវភាពធូរធារ -ជួយរក្សាជញ្ជីងពាណិជ្ជកម្ម -ជួយបង្កើតទិន្នផលសម្រាប់ការនាំចេញនាំចូល -បង្កើននូវសង្ឃភារៈសម្រាប់ប្រើប្រាស់។,ឧស្សាហកម្មមានតួនាទីសម្រាប់សេដ្ឋកិច្ចជាតិដូចជា -ជួយបង្កើតប្រាក់ចំណូលចូលជាតិ -បង្កើតការងារដល់ប្រជាជន -បង្កើតប្រាក់ចំណូលចូលក្នុងគ្រួសារ -ប្រជាជនមានជីវភាពធូរធារ -ជួយរក្សាជញ្ជីងពាណិជ្ជកម្ម -ជួយបង្កើតទិន្នផលសម្រាប់ការនាំចេញនាំចូល -បង្កើននូវសង្ឃភារៈសម្រាប់ប្រើប្រាស់។,15,15,4,1.0,0.9384765625,4,14,0,1
522,ហេតុអ្វីបានជាផ្នែកឯកជនជាកម្លាំងដ៏សំខាន់សម្រាប់វិនិយោគនិងធ្វើឲ្យមានកំណើនសេដ្ឋកិច្ចក្នុងប្រទេស?,បានជាផ្នែកឯកជនជាកម្លាំងដ៏សំខាន់សម្រាប់វិនិយោគនិងធ្វើឲ្យមានកំណើនសេដ្ឋកិច្ចក្នុងប្រទេស ព្រោះប្រទេសកម្ពុជាជាប្រទេសអភិវឌ្ឍន៍ សេដ្ឋកិច្ចទីផ្សារដោយបានធ្វើកំណែទម្រង់សហគ្រាសឧស្សាហកម្មឲ្យក្លាយទៅជាកម្មសិទ្ធិឯកជន ។ សេដ្ឋកិច្ចទីផ្សារសេរីនេះនាំឲ្យអ្នករកស៊ីបរទេសចូលចិត្តមកវិនិយោគ ហើយកាលណាផ្នែកឯកជនរឹងមាំមកវិនិយោគ ហើយកាលណាផ្នែកឯកជនមិនរឹងមាំអាចបំពេញបន្ថែមវិនិយោគនិងវិស័យសង្គមកិច្ចមានន័យថាវិស័យឯកជនស្រូបយកកម្លាំងការងារកាន់តែកើនឡើង។,បានជាផ្នែកឯកជនជាកម្លាំងដ៏សំខាន់សម្រាប់វិនិយោគនិងធ្វើឪ្យមានកំណើនសេដ្ឋកិច្ចក្នុងប្រទេសមានដូចជា៖  _ ពួកឯកជនបាននាំទំនិញចេញនិងនាំចូល  _ ពួកឯកជនគឺជាភ្នាក់ងារដល់សំខាន់សម្រាប់វិនិយោគ  _ ឧស្សាហកម្មងាយស្រួលវិនិយោគជាមួយពួកឯកជន។,15,5,1,0.3333333333333333,0.31005859375,1,5,0,0
523,តើអាណាចក្រភ្នំមានព្រំប្រទល់ជាប់ប្រទេសណាខ្លះ?,អាណាចក្រភ្នំមានព្រំប្រទល់ជាប់ប្រទេសដូចជា -ខាងជើងជាប់ចិន -ខាងត្បូងជាឈូងសមុទ្រខ្មែរ -ខាងកើតជាប់រដ្ឋចម្ប៉ា -ខាងលិចជាប់រដ្ធមនឬភូមា។,អាណាចក្រភ្នំមានព្រំប្រទល់ជាប់ប្រទេសដូចជា -ខាងជើងជាប់ចិន -ខាងត្បូងជាឈូងសមុទ្រខ្មែរ -ខាងកើតជាប់រដ្ឋចម្ប៉ា -ខាងលិចជាប់រដ្ឋមនឬភូមា។,6,6,4,1.0,0.9853515625,4,6,0,0
524,តើសង្គមខ្មែរនៅសម័យអង្គរមានប៉ុន្មានវណ្ណៈ? វណ្ណៈអ្វីខ្លះ? ចូលរៀបរាប់។,សង្គមខ្មែរនៅសម័យអង្គរមានប្រាំវណ្ណៈគឺ -វណ្ណៈក្សត្រឬរាជវង្សនុវង្ស (ជាស្ដេចគ្រប់គ្រងប្រទេស -វណ្ណៈមន្ត្រី (អ្នករស់នៅក្នុងរាជវាំងបម្រើស្ដេច) -វណ្ណៈព្រាហ្ម៍ឬបុព្វជិត​(គឺជាអ្នកបួស) -វណ្ណៈអ្នកជាឬកសិករ (អ្នករស់នៅនឹងធ្វើស្រែចម្ការ) -វណ្ណៈអ្នកងារឬទាសករ(ទាសករបម្រើគេតកូនតចៅ)។,សង្គមខ្មែរនៅសម័យអង្គរមានប្រាំវណ្ណៈគឺ -វណ្ណៈក្សត្រ:វណ្ណៈនេះមានបុព្វសិទ្ធណាស់ដូចជាគ្មានការបង់ពន្ធ មិនជាប់កំណែននិងមិនត្រូវធ្វើការងារធ្ងន់ជាដើម។ -វណ្ណៈមន្ត្រី:ឋាននុក្រមរបស់ពួកគេអាចសម្គាល់តាមរយៈឥស្សតិយយសនិងចំនួនផ្ទះប្រកក្បឿងរបស់ពួកគេ។ -វណ្ណៈអ្នកបួស: .ពួកប៉ាងឃៀបគឺពួកព្រាហ្មណ៍ពួកនេះស្លៀកពាក់ដូចគេទៀតដែរ ខុសត្រង់មានពាក់ខ្សែរអំបោះដវេញមួយខ្សែរនៅក ជាសញ្ញាថាអ្នកចេះដឹងខ្ពង់ខ្ពស់។ .ពួកជូគូគឺជាភិគូឬសាមលោកព្រះសង្ឃខាងពុទ្ធសាសនាក្រុមនេះកោរសក់និងក្រងជីវពណ៌លឿង .ពួកប៉ាស៊ីវីឬសួកសាបស្លៀកពាក់ដូចអ្នកស្រុកធម្មតាតែជូតក្បាលនិងកំណាត់ពណ៍ក្រហម .ព្រាហ្មណ៍បុរោហិតជាអ្នកពិនិត្យជាអ្នកថែរក្សាវត្តសក្តិសិទ្ធនិងព្រះទេវរូបនៅក្នុងរាជវាំងនិងអ្នកផ្ដល់ពត៍មានដល់ព្រះមហាក្សត្រ -វណ្ណៈអ្នកជា:ពួកគេជាវណ្ណៈកណ្ដាលក្នុងសង្គម​ ដែលមានឋានន្ដរមានប្រហាក់ប្រហែលនិងពួកឈ្មួញសិប្បកម្ម សិប្បករនិងប្រជារាស្ត្រសាមញ្ញ -វណ្ណៈទាសករ:ពួកគេជាវណ្ណៈទាបបំផុតនៅក្នុងសង្គមដែលជាអ្នកបម្រើគេអស់មួយជីវិតនិងតពូជទៀតផង។,10,10,4,1.0,0.9404296875,4,9,0,1
525,ហេតុអ្វីបានជាផ្នែកឯកជនជាកម្លាំងដ៏សំខាន់សម្រាប់វិនិយោគនិងធ្វើឲ្យមានកំណើនសេដ្ឋកិច្ចក្នុងប្រទេស?,បានជាផ្នែកឯកជនជាកម្លាំងដ៏សំខាន់សម្រាប់វិនិយោគនិងធ្វើឲ្យមានកំណើនសេដ្ឋកិច្ចក្នុងប្រទេស ព្រោះប្រទេសកម្ពុជាជាប្រទេសអភិវឌ្ឍន៍ សេដ្ឋកិច្ចទីផ្សារដោយបានធ្វើកំណែទម្រង់សហគ្រាសឧស្សាហកម្មឲ្យក្លាយទៅជាកម្មសិទ្ធិឯកជន ។ សេដ្ឋកិច្ចទីផ្សារសេរីនេះនាំឲ្យអ្នករកស៊ីបរទេសចូលចិត្តមកវិនិយោគ ហើយកាលណាផ្នែកឯកជនរឹងមាំមកវិនិយោគ ហើយកាលណាផ្នែកឯកជនមិនរឹងមាំអាចបំពេញបន្ថែមវិនិយោគនិងវិស័យសង្គមកិច្ចមានន័យថាវិស័យឯកជនស្រូបយកកម្លាំងការងារកាន់តែកើនឡើង។,បានជាផ្នែកឯកជនជាកម្លាំងដ៏សំខាន់សម្រាប់វិនិយោគនិងធ្វើឲ្យមានកំណើនសេដ្ឋកិច្ចក្នុងប្រទេសព្រោះ -ប្រទេសនោះជាប្រទេសរីកចម្រើនខាងវិស័យឧស្សាហកម្មកសិកម្ម -ប្រទេសនោះជាប្រទេសដែលងាយ វិនិយោគ -ជាប្រទេសដែលសម្បូររោងចក្រឃ្លាំងជាច្រើន -ការយកពន្ធទាប -ប្រទេសនោះសម្បូរទៅដោយធនធានមនុស្ស -ប្រជាជនមានបច្ចេកវិទ្យាបច្ចេកទេសយ៉ាងសម្បូរបែប -ឯកជនជាផ្នែកដ៏សំខាន់សម្រាប់វិនិយោគដើម្បីឲ្យ សេដ្ឋកិច្ចជាតិក្នុងប្រទេស -ឯកជនជាកម្លាំងដ៏សំខាន់សម្រាប់ជំរុញប្រជាជនឱ្យអនុវត្តសេដ្ឋកិច្ច -ប្រជាជននិងឯកជនតែងតែរកវិធីច្នៃប្រឌិតដើម្បីអាចអនុវត្តប្រទេស -ប្រជាជននោះសម្បូរទៅដោយឧស្សាហកម្មនិងសម្បូរទៅដោយរបស់របរជាច្រើនហើយបាននាំចេញទៅក្រៅប្រទេស -ប្រជាជនខិតខំប្រឹងប្រែងយ៉ាងខ្លាំងដើម្បីកំណើនសេដ្ឋកិច្ច -ប្រជាជនតែងតែរកដំណោះស្រាយដើម្បីអភិវឌ្ឍជាតិ -នៅពេលដែលឯកជននិងប្រទេសសម្បូរធនធានជាច្រើនដើម្បីនាំធនធានមនុស្សចេញក្រៅប្រទេសហើយកាត់បន្ថយការនាំចូលដូច្នេះហើយធ្វើឲ្យប្រទេស។កំណើនសេដ្ឋកិច្ចជា មិនខាន,15,6,2,0.4,0.4013671875,2,6,0,0
526,តើកត្តាអ្វីខ្លះដែលធ្វើអោយសម័យអង្គររីកចម្រើនដល់កំពូល?​ ចូលរៀបរាប់។,កត្តាដែលធ្វើអោយសម័យអង្គររីកចម្រើនគឺ: កត្តាព្រះរាជា:ព្រះរាជាចាប់ពីព្រះបាទជ័យវរ្ម័នទី 2 រហូតដល់ព្រះបាទជ័យវរ្ម័នទី 7 សុទ្ធតែជាស្ដេចខ្លាំងពូកែ កត្តានយោបាយ: នយោបាយក្នុងប្រទេសបង្រួបបង្រួមជាតិកសាងនិងការពារទឹកដី នយោបាយក្រៅប្រទេស:ចងសម្ព័ន្ធមិត្តជាមួយប្រទេសធំៗវាយយករដ្ឋតូចដាក់ជាចំណុះ កត្តាសេដ្ឋកិច្ច:រីកចម្រើនលើវិស័យកសិកម្មសិប្បកម្មគណនាគម កត្តាសាសនា:ការឯកភាពគ្នារវាងសាសនាព្រាហ្មនិងព្រះពុទ្ធ កត្តាធនធានមនុស្សបន្សល់ទុកតាំងពីសម័យនគរភ្នំនិងចេនឡាមក។,កត្តាដែលធ្វើអោយសម័យអង្គររីកចម្រើនគឺ: កត្តាព្រះរាជា:ព្រះរាជាចាប់ពីព្រះបាទជ័យវរ្ម័នទី 2 រហូតដល់ព្រះបាទជ័យវរ្ម័នទី 7 សុទ្ធសឹងតែជាស្ដេចខ្លាំងពូកែ កត្តានយោបាយ: នយោបាយក្នុងប្រទេសបង្រួបបង្រួមជាតិកសាងនិងការពារទឹកដី នយោបាយក្រៅប្រទេស:ចងសម្ព័ន្ធមិត្តជាមួយប្រទេសធំៗវាយយករដ្ឋតូចដាក់ជាចំណុះ កត្តាសេដ្ឋកិច្ច:រីកចម្រើនលើវិស័យកសិកម្មសិប្បកម្មគណនាគមន៍ កត្តាសាសនា:ការឯកភាពគ្នារវាងសាសនាព្រាហ្មនិងព្រះពុទ្ធ កត្តាធនធាន:មនុស្សបន្សល់ទុកតាំងពីសម័យនគរភ្នំនិងចេនឡាមក។,10,10,4,1.0,0.98486328125,4,10,0,0
527,តើឧស្សាហកម្មមានអ្នកតួនាទីចំពោះសេដ្ឋកិច្ចយ៉ាងដូចម្ដេច?,ឧស្សាហកម្មមានតួនាទីសម្រាប់សេដ្ឋកិច្ចជាតិដូចជា -ជួយបង្កើតប្រាក់ចំណូលចូលជាតិ -បង្កើតការងារដល់ប្រជាជន -បង្កើតប្រាក់ចំណូលចូលក្នុងគ្រួសារ -ប្រជាជនមានជីវភាពធូរធារ -ជួយរក្សាជញ្ជីងពាណិជ្ជកម្ម -ជួយបង្កើតទិន្នផលសម្រាប់ការនាំចេញនាំចូល -បង្កើននូវសង្ឃភារៈសម្រាប់ប្រើប្រាស់។,ឧស្សាហកម្មមាននាទីចំពោះសេដ្ឋកិច្ចជាតិដូចជាជួយឲ្យសេដ្ឋកិច្ចមានការរីកចម្រើនធ្វើឲ្យប្រទេសយើងមានទីផ្សារធំទូលាយជាងធ្វើឲប្រទេសជិតខាងនិងប្រទេសនៅតំបន់អឺរ៉ុបមើលឃើញអំពីគុណសម្បត្តិប្រទេសយើងនាំឲ្យពួកឈ្មួញនិងក្រៅប្រទេសកន្លែកមកវិនិយោគនៅក្នុងប្រទេសងាយស្រួលក្នុងការដឹកទំនិញនាំចេញតាមផ្លូវគមនាគមន៍និងធ្វើឲ្យប្រទេសជាតិ អភិវឌ្ឍន៍ និងរីកចម្រើន ធ្វើឱ្យប្រទេសយើងនាំចេញមានលំហូរនាំចេញនិងនាំចូលតាមផ្លូវគណនាគមន៍ច្រកព្រំដែន។,15,6,2,0.4,0.64013671875,3,10,1,4
528,ចូររៀបរាប់ពីទំនាក់ទំនងរវាងការដាំដុះ​ អាជីវកម្មព្រៃឈើ និងការនេសាទ។,ទំនាក់ទំនងរវាងការដាំដុះ អាជីវកម្មព្រៃឈើ និងការនេសាទមានដូចជា៖ -ការដាំដុះដោយប្រើជីធម្មជាតិ -ការប្រើប្រាស់ជីគីមី -ដាំដុះនិងធ្វើតាមរដូវ -អាជីវកម្មព្រៃឈើ -ការកាប់បំផ្លាញព្រៃឈើ -ការដុតព្រៃឈើ -ការកាប់ឈើយកទៅធ្វើអាជីវកម្ម +ការនេសាទ -ការនេសាទត្រីពេលត្រីពក -ការនេសាទដោយប្រើអគ្គិសនី -ការនេសាទហួសកម្រិត -ការនេសាទគឺជាមុខរបរប្រចាំថ្ងៃាបស់ប្រជាជន -នឹងជាអាហារប្រចាំថ្ងៃរបស់ប្រជាជន -ការនេសាទធ្វើប្រជាជនមានមុខរបររកស៊ីត្រឹមត្រូវ -ការនេសាទប្រើប្រាស់ឧបករណ៍នេសាទខុសច្បាប់ -ការបំផ្លាញជំរកត្រី -ការបកហូរទឹកចេញពី,ទំនាក់ទំនងរវាងការដាំដុះ អាជីវកម្មព្រៃឈើ និងការនេសាទ៖ -ការដាំដុះៈការធ្វើស្រែចម្ការដូចជាស្រូវ ពោត សណ្ដែក ល្ងរ ល្ពៅ និងឈើហូបផ្លែដទៃទៀត ការដាំកៅស៊ូ វល្ថ កប្បាស និងឈើមានតម្លៃ។ -អាជីវកម្មព្រៃឈើៈ ការជួញដូរព្រៃឈើដូចជា ការកាប់ឈើមានតម្លៃយកទៅលក់ ការដាំដុះឈើក្រអូបដើម្បីប្រមូលខ្លឹមតែត្រូវអនុវត្ត ច្បាប់ព្រៃឈើផងដែរ។ -ការនេសាទៈ មានដូចជាការដាក់សន្ទូច បង្កែ លប អួន ទ្រូ តែការនេសាទនេះមិនត្រូវនេសាទនៅរដុវត្រីពងឡើង និងត្រូវគោរព ច្បាប់នេសាទ។,15,2,1,0.13333333333333333,0.1826171875,1,3,0,1
529,ចូរនិយាយពីកំណកាម៉ែតញី។,ការស្ថិតនៅក្រោមសារពាង្គកាយនៃពងស្វាសមានសារៈសំខាន់ដូចជាដើម្បីរក្សាសីតុណ្ហភាពឲ្យ ទាបជាងសីតុណ្ហភាពក្នុងខ្លួន ប្រហែលពី(2-3)សីតុណ្ហភាពក្នុងខ្លួន37 ។,កំណកាម៉ែនញី ដំបូងកោសិកាពូជមួយរកចម្ងាយពីរដងទម្លាប់គ្នាបានកោសិកាអូវ៉ូកូនី4 ។អូវុលរីក មាឌក្លាយជាអូវូស៊ីត1 ។អូវ៉ូស៊ីតមួយរងចំណែកមួយនៃមេយ៉ូសហើយត្រូវបានជាប់គាំងនៅចុង វគ្គមួយ ។,10,5,2,0.5,0.427978515625,2,4,0,1
530,តើឧស្សាហកម្មមានតួនាទីដូចម្ដេចខ្លះចំពោះសេដ្ឋកិច្ចជាតិ?,ឧស្សាហកម្មមាន​តួនាទីចំពោះសេដ្ឋកិច្ចជាតិដូចជា ៖ ​ _ ជួយបង្កើតថវិការជាតិ ​ _ ជួយបង្កើតទិន្នផលជាតិ ​​ _ ជួយឲ្យសេដ្ឋកិច្ចជាតិរីកចម្រើន  _ ប្រជាជនសំបូរធូរធារ  _អភិវឌ្ឍគ្រប់វិស័យ  _ មានទំនាក់ទំនងល្អជាមួយអ្នកជិតខាង  _ មានភាពរុងរឿងនៅក្នុងប្រទេសជាតិ។,ឧស្សាហកម្មមានតួនាទីចំពោះសេដ្ឋកិច្ចជាតិដូចជា ៖ _ ជួយបង្កើនប្រាក់ចំណូលជូនជាតិ23.8% ក្នុងឆ្នាំ2008 _ បង្កើតការងារជួយដល់ប្រជាជន  _ បង្កើតប្រាក់ចំណូលក្នុងគ្រួសារ  _ ប្រជាជនមានជីវភាពធូរធារ _ ជួយរក្សាលំនឹងជញ្ជីងពាណិជ្ជកម្ម  _ ផ្ដល់ផលិតផលសម្រាប់នាំចេញ  _ ផ្ដល់ផលិតផលសម្រាប់ប្រើប្រាស់។,15,15,4,1.0,0.93701171875,4,14,0,1
531,តើព្រះបាទពញាយ៉ាតមានបុត្រប៉ុន្មានអង្គព្រះនាមអ្វីខ្លះ?ជាមួយអ្នកម្នាងណាខ្លះ?,ព្រះបាទពញាយ៉ាតមានបុត្របីអង្គគឺ នារាយណ៍រាជា ជាបុត្រជាមួយម្នាងទេវី ស្រីរាជាជាបុត្រជាមួយបុទុមកេសរ និងធម្មរាជាជាបុត្រជាមួយសុីសង៉ាម(បុត្រីស្ដេចសៀម)។,ព្រះបាទពញាយ៉ាតមានបុត្របីអង្គគឺ នារាយណ៍រាជា ជាបុត្រជាមួយម្នាងទេវី ស្រីរាជាជាបុត្រជាមួយបុទុមកេសរ និងធម្មរាជាជាបុត្រជាមួយសុីសង៉ាម(បុត្រីស្ដេចសៀម)។,5,5,4,1.0,0.9755859375,4,5,0,0
532,ដូចម្តេចដែលហៅថាមេយ៉ូស? ចូរនិយាយពីវគ្គផ្សេងៗនៃមេយ៉ូស។,មេយ៉ូសជាសំណុំនៃចំណែកកោសិកាពីរដងបន្តបន្ទាប់គ្នាដែលបង្កើតបានជាកោសិកាអាលូអុីតបួន ហៅថាមេយ៉ូស ។ _តេឡូផាស1 ស៊ីតូប្លាសចែកខ្លួនបានជាកោសិកាកូនពីរ ។កោសិកាកូននីមួយៗទទួលបានក្រូម៉ូសូម តែមួយពីរគូអូម៉ូឡូក ។ _ប្រផាស1 មានរយៈពេលវែង ។ _អាណាផាស1 ក្រូម៉ូសូមដំរៀបលើផ្លាស់ភ្ជាប់នឹងក្រយ៉ូងក្រូម៉ាទិចដោយសង់ក្រូងទ័ររបស់វា ។ _តេឡូផាស2 ក្រូម៉ូមនីមួយៗបានមកដល់ប៉ូលភ្នាស _មេតាផាស2 ក្រូម៉ូសូមប្រេះតាមបណ្ដោយភ្ជាប់ខ្លួនទៅនិងក្រយ៉ងក្រូម៉ាទិចដោយសង់ _ប្រូដាស2 ត្តយ៉ងអាក្រូម៉ាទិតកើតមានក្នុងកោសិកាគូនីមួយៗ _អាណាផាស2 សង់ក្រូម៉ែធ្វើចំណែកដែលនាំអោយក្រូម៉ាទិចបងប្អូនដាច់ចេញពីគ្នា ។បន្ទាប់មក ក្រូម៉ូសូមកូនទាំង2ធ្វើដំណើរឆ្ពោះទៅប៉ូលផ្ទុយគ្នារបស់ត្រយ៉ូងអាក្រូម៉ាទិច ។,មេយ៉ូសជាសំណុំនៃចំណែកកោសិកាពីរដងបន្តបន្ទាប់គ្នាដែលបង្កើតបានជាកោសិកាអាលូអុីតបួន ហៅថាមេយ៉ូស ។ _តេឡូផាស1 _ប្រផាស1  _អាណាផាស1 _មេតាផាស2  _ប្រូដាស2,10,5,2,0.5,0.479248046875,2,5,0,0
533,ដូចម្តេចដែលហៅថាមេយ៉ូស? ចូរនិយាយពីវគ្គផ្សេងៗនៃមេយ៉ូស។,មេយ៉ូសជាសំណុំនៃចំណែកកោសិកាពីរដងបន្តបន្ទាប់គ្នាដែលបង្កើតបានជាកោសិកាអាលូអុីតបួន ហៅថាមេយ៉ូស ។ _តេឡូផាស1 ស៊ីតូប្លាសចែកខ្លួនបានជាកោសិកាកូនពីរ ។កោសិកាកូននីមួយៗទទួលបានក្រូម៉ូសូម តែមួយពីរគូអូម៉ូឡូក ។ _ប្រផាស1 មានរយៈពេលវែង ។ _អាណាផាស1 ក្រូម៉ូសូមដំរៀបលើផ្លាស់ភ្ជាប់នឹងក្រយ៉ូងក្រូម៉ាទិចដោយសង់ក្រូងទ័ររបស់វា ។ _តេឡូផាស2 ក្រូម៉ូមនីមួយៗបានមកដល់ប៉ូលភ្នាស _មេតាផាស2 ក្រូម៉ូសូមប្រេះតាមបណ្ដោយភ្ជាប់ខ្លួនទៅនិងក្រយ៉ងក្រូម៉ាទិចដោយសង់ _ប្រូដាស2 ត្តយ៉ងអាក្រូម៉ាទិតកើតមានក្នុងកោសិកាគូនីមួយៗ _អាណាផាស2 សង់ក្រូម៉ែធ្វើចំណែកដែលនាំអោយក្រូម៉ាទិចបងប្អូនដាច់ចេញពីគ្នា ។បន្ទាប់មក ក្រូម៉ូសូមកូនទាំង2ធ្វើដំណើរឆ្ពោះទៅប៉ូលផ្ទុយគ្នារបស់ត្រយ៉ូងអាក្រូម៉ាទិច ។,មេយ៉ូសជាសំណុំនៃចំណែកកោសិកាពីរដងបន្តបន្ទាប់គ្នាដែលបង្កើតបានជាកោសិកាអាលូអុីតបួន ហៅថាមេយ៉ូស ។ _តេឡូផាស1 _ប្រផាស1  _អាណាផាស1 _មេតាផាស1 _ប្រូដាស2  _អាណាផាស2 _មេតាផាស2 _តេឡូផាស2,10,5,2,0.5,0.480712890625,2,5,0,0
534,ហេតុអ្វីបានជាប្រទេសកម្ពុជាពឹងផ្អែកទៅលើវិស័យកសិកម្ម?,បានជាផ្នែកឯកជនជាកម្លាំងដ៏សំខាន់សម្រាប់កំណើនសេដ្ឋកិច្ចកម្ពុជាព្រោះ -កម្ពុជាបានអនុវត្តសេដ្ឋកិច្ចទីផ្សារសេរីដោយបានធ្វើកំណែទម្រង់ពីសហគ្រាសរដ្ឋឲ្យក្លាយទៅជាកម្មសិទ្ធិឯកជន -សេដ្ឋកិច្ចទីផ្សារសេរីនាំឲ្យអ្នករកស៊ីចូលចិត្តមករកស៊ីនិងដាក់វិនិយោគទុន -កាលណាភ្នែកឯកជនរឹងមាំអាចជួយបំពេញបន្ថែមលើវិនិយោគសាធារណៈក្នុងវិស័យសេដ្ឋកិច្ចគឺផ្នែកឯកជនអាចស្រូបយកកម្លាំងពលកម្មកើនឡើង។,បានជាផ្នែកឯកជនកម្លាំងដ៏សំខាន់សម្រាប់វិនិយោគនិងធ្វើឲ្យមានកំណើនសេដ្ឋកិច្ចក្នុងប្រទេសព្រោះកម្លាំងឯកជនអាចធ្វើការគ្រប់មុខមិនថាធ្ងន់ស្រាលដើម្បីធ្វើការរកលុយដើម្បីចិញ្ចឹមជីវិតគ្រួសារនិងសង្គមជាតិពេលដែលយើងមានការងារមានកម្លាំងដ៏អាចជួយដល់កំណើនសេដ្ឋកិច្ចក្នុងប្រទេសបានដែរ។,15,5,1,0.3333333333333333,0.323486328125,1,5,0,0
535,តើប្រព័ន្ធផលិតកម្មកសិកម្មនៅក្នុងប្រទេសកម្ពុជាមានអ្វីខ្លះ?ចូររៀបរាប់​ ។,ប្រព័ន្ធផលិតកម្មកសិកម្មនៅប្រទេសកម្ពុជាមាន៖    _ ដំណាំ : ដំណាំស្រូវ ដំណាំកៅស៊ូ ដំណាំផ្សេងៗទៀត    _ ការចិញ្ចឹមសត្វ : ការចិញ្ចឹមសត្វលើគោក ការចិញ្ចឹមសត្វក្នុងទឹក    _ ការនេសាទ : ការនេសាទទឹកសាប ការនេសាទទឹកប្រៃ  _ ព្រៃឈើ : ផលិតផលឈើ អនុផលព្រៃឈើ(រកឃ្មុំ ជ័រទឹក វល្លិ៍ ផ្តៅ) សត្វព្រៃ ។,ប្រព័ន្ធផលិតកម្មនៅប្រទេសកម្ពុជារួមមាន៖  • ដំណាំ  • ដំណាំស្រូវ  • ដំណាំកៅស៊ូ  • ដំណាំផ្សេងៗទៀត  • ការចិញ្ចឹមសត្វ  • ការចិញ្ចឹមសត្វបែបគ្រួសារ  • ការចិញ្ចឹមសត្វក្នុងទឹក  • ការនេសាទ  • ការនេសាទក្នុងទឹកសាប  • ការនេសាទទឹកប្រៃ  • វារីវប្បកម្ម  • ផលិតផលឈើ  • របរផលិតផលឈើ (រទេះរុញ ជ័រទឹក ជ័រ...)  • សត្វព្រៃ ។,10,10,4,1.0,0.95458984375,4,10,0,0
536,តើគេចែកយុគសម័យបុរេប្រវត្តិសាស្ត្រកម្ពុជាជាប៉ុន្មានយុគសម័យ?អ្វីខ្លះ?,គេចែកយុគសម័យបុរេប្រវត្តិសាស្ត្រកម្ពុជាជាបីយុគសម័យគឺ -យុគថ្មបំបែក (600000 - 12000 ឆ្នាំមុនគ.ស) -យុគថ្មរលីងឬសំលៀង (8000 - 2000 ឆ្នាំមុនគ.ស) -យុគលោហៈ(2000-100 ឆ្នាំមុនគ.ស)។,គេចែកយុគសម័យបុរេប្រវត្តិសាស្ត្រកម្ពុជាជាបីយុគសម័យគឺ -យុគថ្មបំបែក (600000 - 12000 ឆ្នាំមុនគ.ស) -យុគថ្មរលីងឬសំលៀង (8000 - 2000 ឆ្នាំមុនគ.ស) -យុគលោហៈ(2000-100 ឆ្នាំមុនគ.ស)។,5,5,4,1.0,0.9912109375,4,5,0,0
537,ហេតុអ្វីបានជាផ្នែកឯកជនជាកម្លាំងដ៏សំខាន់សម្រាប់ការវិនិយោគសេដ្ឋកិច្ច?,សេដ្ឋកិច្ចកម្ពុជាពឹងផ្អែកលើវិស័យកសិកម្មជាសំខាន់ៗ 5 គឺឧស្សាហកម្មកសិកម្មពាណិជ្ជកម្មគមនាគមន៍និងទេសចរណ៍ ក៏បានជាគេនិយាយថាកម្ពុជាប្រទេសកសិកម្មនៅប្រទេសកម្ពុជាមនុស្សមួយចំនួនធំគឺធ្វើកសិកម្ម។ច្រើនសុទ្ធតែជាកសិករកម្ពុជាសម្បូរជីកសិកម្មមានជីវជាតិសម្រាប់ឲ្យយើងធ្វើកសិកម្មចិញ្ចឹមសត្វនិងការដណ្ដប់ជួយបង្កើនចំណូលជូនជាងការងារចេញនៅក្រៅប្រទេសស្ករស្រូវដំឡូងកៅស៊ូ ខ. គេចែកកសិករទាំងនេះជាបួនប្រភេទកសិករតំបន់វាលខ្ពស់កសិករធ្វើស្រែឬមិនធ្វើស្រែកសិករភូមិភាគឥសានកសិករធ្វើតែស្រែ,សេដ្ឋកិច្ចកម្ពុជាព្រមផ្អែកលើវិស័យកសិកម្មជាសំខាន់ ក.បានជាគេនិយាយថាកម្ពុជាជាប្រទេសកសិកម្មមានដូចជា -សណ្ឋានដីមានលក្ខណៈអនុគ្រោះដល់វិស័យនេះពោលគឺសំពោងទៅដោយវាលទំនាបនិងខ្ពង់រាបទាបៗ ប្រកបដោយជីជាតិល្អសម្រាប់ការដាំដុះការចិញ្ចឹមសត្វនិងព្រៃឈើ -កម្ពុជាស្ថិតនៅក្បែរតំបន់ត្រូពិចដែលមានអាកាសធាតុក្តៅហើយសើមដោយទទួលនៅរបបខ្យល់មួយសង់មានភ្លៀងធ្លាក់ច្រើននិងមានកម្ដៅគ្រប់គ្រាន់សម្រាប់ដាំដុះចិញ្ចឹមសត្វនិងនេសាទ -វិស័យនេះបានផ្តល់ការងារដល់ប្រជាជនច្រើនជាងគេ  -ជាប្រភពនៃស្បៀងអាហារសម្រាប់ប្រជាជនគ្រប់រូប  -កាត់បន្ថយអត្រាអត់ការងារធ្វើរបស់ប្រជាជន -កាត់បន្ថយភាពក្រីក្រ។ ខ.គេចែកកសិករទាំងនោះជា,15,10,3,0.6666666666666666,0.8125,3,12,0,2
538,បុព្វហេតុអ្វីខ្លះដែលនាំឲ្យអាណាចក្រចេនឡាបែកបាក់ជាពីរគឺអាណាចក្រចេនឡាដីគោកនិងចេនឡាទឹកលិច?,បុព្វហេតុដែលនាំហើយអាណាចក្រចេនឡាបែកជាពីរគឺ -វិសាលភាពទឹកដីធំទូលាយ -ចម្បាំងអត់ឈប់ឈរ -សមន្ដរដ្ឋបះបោរចង់ផ្ដាច់ខ្លួន -វិបត្តិផ្ទៃក្នុង -ព្រះនាងជ័យទេវីគ្មានសមត្ថភាពគ្រប់គ្រង។,បុព្វហេតុដែលនាំហើយអាណាចក្រចេនឡាបែកជាពីរគឺ -វិសាលភាពទឹកដីធំទូលាយ -ចម្បាំងអត់ឈប់ឈរ -សមន្ដរដ្ឋបះបោរចង់ផ្ដាច់ខ្លួន -វិបត្តិផ្ទៃក្នុង -ព្រះនាងជ័យទេវីគ្មានសមត្ថភាពគ្រប់គ្រង។,7,7,4,1.0,0.98779296875,4,7,0,0
539,ហេតុអ្វីបានជាផ្នែកឯកជនជាកម្លាំងដ៏សំខាន់សម្រាប់វិនិយោគនិងធ្វើឲ្យមានកំណើនសេដ្ឋកិច្ចក្នុងប្រទេស?,បានជាផ្នែកឯកជនជាកម្លាំងដ៏សំខាន់សម្រាប់វិនិយោគនិងធ្វើឲ្យមានកំណើនសេដ្ឋកិច្ចក្នុងប្រទេស ព្រោះប្រទេសកម្ពុជាជាប្រទេសអភិវឌ្ឍន៍ សេដ្ឋកិច្ចទីផ្សារដោយបានធ្វើកំណែទម្រង់សហគ្រាសឧស្សាហកម្មឲ្យក្លាយទៅជាកម្មសិទ្ធិឯកជន ។ សេដ្ឋកិច្ចទីផ្សារសេរីនេះនាំឲ្យអ្នករកស៊ីបរទេសចូលចិត្តមកវិនិយោគ ហើយកាលណាផ្នែកឯកជនរឹងមាំមកវិនិយោគ ហើយកាលណាផ្នែកឯកជនមិនរឹងមាំអាចបំពេញបន្ថែមវិនិយោគនិងវិស័យសង្គមកិច្ចមានន័យថាវិស័យឯកជនស្រូបយកកម្លាំងការងារកាន់តែកើនឡើង។,ព្រោះវិស័យឯកជនជាក្បាលម៉ាស៊ីនសំខាន់សម្រាប់វិនិយោគនិងធ្វើឱ្យមានកំណើនសេដ្ឋកិច្ចក្នុងប្រទេសព្រោះ៖ -ឯកជនទាំងអស់ក្នុងប្រទេសបានផ្តល់ការងារជូនប្រជាជន-បង្កើតប្រាក់ចំណូលនិងថវិកាជាតិសរុបឈើ -ធ្វើឲ្យមានលំនឹងនិងជញ្ជីងពាណិជ្ជកម្ម -ឯកជនក្រុមហ៊ុនក្នុងនិងក្រៅប្រទេសមានប្រាក់ចំណូលកាន់តែ ទ្វេដងក្នុងប្រទេស - ក្នុងពេលបច្ចុប្បន្នប្រទេសកម្ពុជាមិនមានវាយកក្រុមហ៊ុនជាច្រើនពីក្រៅប្រទេស  -ការវិនិយោគនេះអាចផ្ដល់ការងារប្រជាជនបានច្រើនក្នុងផ្នែកឧស្សាហកម្មធុនស្រាលនិង ធូរស្រាល ការណាកំណើនសេដ្ឋកិច្ចក្នុងការវិនិយោគពី  -ឯកជននិងប្រទេសមានការរីកចម្រើនខ្លាំងគួរឲ្យកត់សម្គាល់ - ប្រទេសអភិវឌ្ឍន៍មួយចំនួនដែរឧទាហរណ៍ប្រទេសមហាអំណាចសហរដ្ឋអាមេរិកសិង្ហបុរីគឺសន្ទស្សន៍សេដ្ឋកិច្ចនិងវិនិយោគពីក្រៅប្រទេសដែរ  -ចំណូលសេដ្ឋកិច្ចសម្រាប់អភិវឌ្ឍប្រទេសខ្លួនបន្ថែមទៀត។,15,15,4,1.0,0.767578125,3,12,1,3
540,តើប្រព័ន្ធផលិតកម្មកសិកម្មនៅក្នុងប្រទេសកម្ពុជាមានអ្វីខ្លះ?ចូររៀបរាប់​ ។,ប្រព័ន្ធផលិតកម្មកសិកម្មនៅប្រទេសកម្ពុជាមាន៖    _ ដំណាំ : ដំណាំស្រូវ ដំណាំកៅស៊ូ ដំណាំផ្សេងៗទៀត    _ ការចិញ្ចឹមសត្វ : ការចិញ្ចឹមសត្វលើគោក ការចិញ្ចឹមសត្វក្នុងទឹក    _ ការនេសាទ : ការនេសាទទឹកសាប ការនេសាទទឹកប្រៃ  _ ព្រៃឈើ : ផលិតផលឈើ អនុផលព្រៃឈើ(រកឃ្មុំ ជ័រទឹក វល្លិ៍ ផ្តៅ) សត្វព្រៃ ។,ប្រព័ន្ធផលិតកម្មនៅប្រទេសកម្ពុជារួមមាន៖ -ធ្វើស្រែ  -ដាំដុះបន្លែ  -ធ្វើកសិកម្ម  -ដាំកៅស៊ូធ្វើស្រែការនេសាទត្រី,10,3,1,0.3,0.1822509765625,1,2,0,1
541,ដូចម្តេចដែលហៅថាវដ្តទឹក? ចូរពន្យល់ពីដំណាក់កាលនីមួយៗ អោយបានត្រឹមត្រូវ។,ដែលហៅថាវត្តទឹកគឺការហ្វឹកហ្វុលឥតឈប់ឈរមុននឹងបង្កើតជាទឹកភ្លៀងទឹករោងនៅកម្ដៅព្រះអាទិត្យបង្កើតបានជាចំហាយទឹកខ្យល់ស្រុកយកចំហែលទឹកទៅអាកាសធ្វើឲ្យចំហាយទឹកកំណក បង្កើតបានជាពពកធ្លាក់មកជាភ្លៀងក្នុងប្រជាទឹក,ដែលហៅថាវត្តទឹកគឺជាទឹកដែលមានប្រភពមកពីទន្លេបឹងស្ទឹងព្រែកស្រះ។ដំណាក់កាលនីមួយៗនៃវត្តទឹកមានដូចជា,12,3,1,0.25,0.344970703125,1,4,0,1
542,តើគេចែកយុគសម័យបុរេប្រវត្តិសាស្ត្រកម្ពុជាជាប៉ុន្មានយុគសម័យ?អ្វីខ្លះ?,គេចែកយុគសម័យបុរេប្រវត្តិសាស្ត្រកម្ពុជាជាបីយុគសម័យគឺ -យុគថ្មបំបែក (600000 - 12000 ឆ្នាំមុនគ.ស) -យុគថ្មរលីងឬសំលៀង (8000 - 2000 ឆ្នាំមុនគ.ស) -យុគលោហៈ(2000-100 ឆ្នាំមុនគ.ស)។,គេចែកយុគសម័យបុរេប្រវត្តិសាស្ត្រកម្ពុជាជាបីយុគសម័យគឺ -យុគថ្មបំបែក -យុគថ្មរលីងឬសំលៀង -យុគលោហៈ។,5,3,2,0.6,0.59228515625,2,3,0,0
543,តើព្រះបាទពញាយ៉ាតមានបុត្រប៉ុន្មានអង្គព្រះនាមអ្វីខ្លះ?ជាមួយអ្នកម្នាងណាខ្លះ?,ព្រះបាទពញាយ៉ាតមានបុត្របីអង្គគឺ នារាយណ៍រាជា ជាបុត្រជាមួយម្នាងទេវី ស្រីរាជាជាបុត្រជាមួយបុទុមកេសរ និងធម្មរាជាជាបុត្រជាមួយសុីសង៉ាម(បុត្រីស្ដេចសៀម)។,ព្រះបាទពញាយ៉ាតមានបុត្របីអង្គគឺ នារាយណ៍រាជា ជាបុត្រជាមួយម្នាងទេវី ស្រីរាជាជាបុត្រជាមួយបុទុមកេសរ និងធម្មរាជាជាបុត្រជាមួយសុីសង៉ាម(បុត្រីស្ដេចសៀម)។,5,5,4,1.0,0.9755859375,4,5,0,0
544,ចូររៀបរាប់អំពីទំនាក់ទំនងរវាងការដាំដុះអាជីវកម្មព្រៃឈើនិងនេសាទ។,ទំនាក់ទំនងរវាង ការដាំដុះអាជីវកម្មព្រៃឈើ និងការនេសាទ៖  _ ការដាំដុះអាជីវកម្មព្រៃឈើ និងការនេសាទ ជាភោគទ្រព្យយ៉ាងសំខាន់សម្រាប់ប្រជាជនក្នុងការទ្រទ្រង់ក្នុងជីវភាពរស់នៅនិងការអភិវឌ្ឍន៍ប្រទេសជាតិ   _ ដើម្បីបំពេញតម្រូវការក្នុងកសិកម្មផលិតកម្មនិងត្រូវការផ្សេងៗ មនុស្សនាំគ្នាកាប់ព្រៃឈើដើម្បីធ្វើអាជីវកម្មព្រៃឈើជាមូលហេតុធ្វើឲ្យអាកាសធាតុប្រែប្រួលប៉ះពាល់ដល់ជីវិតមនុស្ស សត្វ និងរុក្ខជាតិ  ​ _ អតិផលនៃប្រព័ន្ធកសិកម្ម នាំឲ្យមានកំណើននៃការប្រើប្រាស់គីមីនិងថ្នាំសម្លាប់សត្វល្អិត។ ជីគីមី និងថ្នាំសម្លាប់សត្វល្អិត ទាំងនោះហូរទៅផ្ដុំគ្នានៅតាមផ្លូវទឹកនានា បំផ្លាញជីវិតសត្វនិងពូជធម្មជាតិ។,រៀបរាប់ពីទំនាក់ទំនងរវាងការដាំដុះ ការចិញ្ចឹមសត្វ និងការនេសាទ៖ -ការដាំដុះគឺជាការដាំដុះនូវដំណាំផ្សេងផ្សេងដូចជាស្រូវបន្លែជាច្រើនការដាំដុះនេះ ភាគច្រើនគេដាំវានៅតាមជនបទដើម្បីយកទៅលក់នៅទីផ្សារដើម្បីយកប្រាក់មកដោះដូរជីវភាព ប្រជាជនខ្លះដាំដុះនេះដើម្បីទុកបរិភោគខ្លួនឯងដោយកាត់បន្ថយទៅលើការចំណាយហើយការដាំដុះនេះ សារៈសំខាន់ចំពោះជាតិផងដែរការដាំដុះនេះអាចនាំចេញទៅក្រៅស្រុកបាន ផងដែរ អ្នកខ្លះទៀតយកការដាំដុះនេះជាមុខរបរនាំយកទៅទីក្រុងដើម្បីលក់ដូរ។ -អាជីវកម្មព្រៃឈើប្រជាជនមួយបានយកការកាប់ព្រៃឈើធ្វើជាអាជីវកម្មដើម្បីចិញ្ចឹមជីវិតហើយអាជីវកម្ម នេះមួយចំនួនអាចយកធ្វើជាអុសធ្យូងផ្ទះគ្រែកៅអីជាដើមគឺទាំងអស់នេះ ក៏ជាការសំខាន់ដែរដើម្បីយកទៅលក់ដូរដើម្បីដោះដូរជីវភាពបានប៉ុន្តែការធ្វើអាជីវកម្មព្រៃឈើនេះក៏អាចបង្កដល់អំពើខុសច្បាប់ដែរហើយអាចមានសំឡេងរំខានដល់អ្នកដទៃផងដែរ។ -ការនេសាទក៏អាចដោះដូរជីវភាពបានតែប្រជាជនមួយចំនួនបានយកការនេសាទនេះ ចិញ្ចឹមជីវិតនិងគ្រួសារការនេសាទឬមានច្រើនបែបណាដូចជាការនេសាទត្រីការនេសាទសត្វ ការនេសាទនៅសមុទ្រជាដើម។,15,5,1,0.3333333333333333,0.345458984375,1,5,0,0
545,តើព្រះបាទពញាយ៉ាតមានបុត្រប៉ុន្មានអង្គព្រះនាមអ្វីខ្លះ?ជាមួយអ្នកម្នាងណាខ្លះ?,ព្រះបាទពញាយ៉ាតមានបុត្របីអង្គគឺ នារាយណ៍រាជា ជាបុត្រជាមួយម្នាងទេវី ស្រីរាជាជាបុត្រជាមួយបុទុមកេសរ និងធម្មរាជាជាបុត្រជាមួយសុីសង៉ាម(បុត្រីស្ដេចសៀម)។,ព្រះបាទពញាយ៉ាតមានបុត្របីអង្គគឺ នារាយណ៍រាជា ជាបុត្រជាមួយម្នាងបទុមរាជា ស្រីរាជាជាបុត្រជាមួយព្រះនាងសិរីបុប្ផា និងធម្មរាជាជាបុត្រជាមួយព្រះនាងទេវី។,5,5,4,1.0,0.96044921875,4,5,0,0
546,ចូររៀបរាប់អំពីទំនាក់ទំនងរវាងការដាំដុះអាជីវកម្មព្រៃឈើនិងនេសាទ។,ទំនាក់ទំនងរវាង ការដាំដុះអាជីវកម្មព្រៃឈើ និងការនេសាទ៖  _ ការដាំដុះអាជីវកម្មព្រៃឈើ និងការនេសាទ ជាភោគទ្រព្យយ៉ាងសំខាន់សម្រាប់ប្រជាជនក្នុងការទ្រទ្រង់ក្នុងជីវភាពរស់នៅនិងការអភិវឌ្ឍន៍ប្រទេសជាតិ   _ ដើម្បីបំពេញតម្រូវការក្នុងកសិកម្មផលិតកម្មនិងត្រូវការផ្សេងៗ មនុស្សនាំគ្នាកាប់ព្រៃឈើដើម្បីធ្វើអាជីវកម្មព្រៃឈើជាមូលហេតុធ្វើឲ្យអាកាសធាតុប្រែប្រួលប៉ះពាល់ដល់ជីវិតមនុស្ស សត្វ និងរុក្ខជាតិ  ​ _ អតិផលនៃប្រព័ន្ធកសិកម្ម នាំឲ្យមានកំណើននៃការប្រើប្រាស់គីមីនិងថ្នាំសម្លាប់សត្វល្អិត។ ជីគីមី និងថ្នាំសម្លាប់សត្វល្អិត ទាំងនោះហូរទៅផ្ដុំគ្នានៅតាមផ្លូវទឹកនានា បំផ្លាញជីវិតសត្វនិងពូជធម្មជាតិ។,រៀបរាប់ពីទំនាក់ទំនងរវាងការដាំដុះ ការចិញ្ចឹមសត្វ និងការនេសាទ៖,15,0,0,0.0,0.034881591796875,0,1,0,1
547,តើកត្តាអ្វីខ្លះដែលបណ្ដាលឲ្យសៀមវាយបែកបន្ទាយលង្វែក?,កត្តាដែលបណ្ដាលឲ្យសៀមវាយបន្ទាយលង្វែកព្រះរាជាព្រះសត្ថាទីមួយឆោតល្ងង់ទៅជួយរំដោះក្រុងឰយុធ្យារបស់សៀមមកពីការត្រួតត្រាភូមាសៀមរមិលគុណប្រើល្បិចបញ្ជូនសល់ពីរអង្គ យកការវិបត្តិផ្ទៃក្នុងជាជួរជលសារលោករវល់ នាដើមម៉ឺនមន្ត្រីប្រជារាស្ត្រមិនពេញចិត្តដែលតែងទៅកូនអាយុដប់មួយវស្សា ឲ្យកូនរៀននៅ ក្នុងនាម មហាឧបរាជ ធ្វើឲ្យប្រជារាស្ត្របាត់បង់ស្មារតីប្រយុទ្ធប្រជារាស្ត្រខ្មែរក្រីក្រឆោតល្ងង់ចង់បានប្រាក់ដួលក៏នាំគ្នាកាប់ឆ្ការគុម្ពឫស្សីដែលជារបងការពារបន្ទាយលង្វែកដ៏រឹងមាំ រីប្រទេសខ្មែរហាក់បីដូចជាបាត់បង់សាមគ្គីដូចជាស្ថានីយមួយនាំកូនទាំងពីររត់ភៀសខ្លួនទៅប្រទេសឡាវមិនគិតពីប្រជារាស្ត្រនាំឲ្យប្រជាជន អស់ជំនឿ,កត្តាដែលបណ្តាលឲ្យសៀមវាយបែកបន្ទាយលង្វែកគឺបណ្ដាលមកពី សៀមរមិលគុណប្រើល្បិច ប្រជារាស្ត្រខ្មែរក្រីក្រឆោតល្ងង់ កត្តាប្រជាជនខ្មែរបាត់ស្មារតី កត្តាគ្មានទឹកធ្វើកសិកម្ម។,10,6,2,0.6,0.52294921875,2,5,0,1
548,តើសម័យឧដុង្គចាប់ពីឆ្នាំណាដល់ឆ្នាំណា?ហេតុអ្វីបានជាប្រទេសកម្ពុជាធ្លាក់ចុះខ្សោយកាន់តែខ្លាំងនៅសម័យឧដុង្គ។ចូរពន្យល់,សម័យឧដុង្គចាប់ពីឆ្នាំ បានជាប្រទេសកម្ពុជាធ្លាក់ចុះខ្សោយកាន់តែខ្លាំងនៅសម័យឧដុង្គព្រោះ សង្គ្រាមផ្ទៃក្នុងញឹកញាប់និងការជាវជ្រៀតជ្រែកពីសៀមនិងយួន ការប្រកួតប្រជែងដណ្ដើមរាជ្យបានឡើងក្នុងចំណោមព្រះរាជវង្សានុវង្ស បែកបាក់សាមគ្គីផ្ទៃក្នុងគ្មានការសាមគ្គីរួបរួមនៅក្នុងប្រទេសជិតខាង កម្ពុជាត្រូវបែកជាពីរផ្នែកដោយសារសៀមត្រួតត្រាផ្នែកខាងលិចបាត់ដំបងសៀមរាបត្រួតត្រាខាងត្បូង បាត់បង់ទឹកដីដោយសារខេត្តជាច្រើននៅភាគខាងលិចបាត់ដំបងសៀមរាបមង្គលបុរី ត្រូវបានធ្លាក់ក្នុងកណ្ដាប់ដៃសៀមនៅឆ្នាំនិងមុនបាត់បង់ដីភាគខាងកើតនៅវៀតណាម សេដ្ឋកិច្ចពឹងផ្អែកលើវិស័យកសិកម្មបុរាណដែល សួយសារអាករឲ្យគេ ចំណែកវប្បធម៌វិញវត្តអារាមត្រូវបានបំផ្លិចបំផ្លាញ ប្រទេសជាតិខ្សោយគ្មានកម្លាំងទប់ទល់នឹងការវាយលុកពីខាងក្រៅមន្ត្រីក្បត់ជាតិច្រើន ដោយសារ រាជវង្សផ្ទៃក្នុងការដណ្ដើមអំណាចគ្នា។,សម័យឧដុង្គចាប់ពីឆ្នាំដល់ មូលហេតុដែលចុះខ្សោយខ្លាំង សង្គ្រាមក្នុងស្រុក ការដណ្ដើមរាជ្យសម្បត្តិគ្នាក្នុងរាជវង្សានុវង្ស ការលូកដៃពីបរទេសស្ដេចខ្មែរខ្លះពឹងសៀមខ្លះពឹងយួនឲ្យបរទេសទាំងពីរមានឱកាសត្រួតត្រានិងលេបយកទឹកដីខ្មែរ សេដ្ឋកិច្ចធ្លាក់ចុះដោយសារសង្គ្រាម ចាប់រហូតធ្វើឲ្យប្រជាជនគ្មានពេល បង្កបង្កើនផល។,15,13,3,0.8666666666666667,0.849609375,3,13,0,0
549,ហេតុអ្វីបានជាផ្នែកឯកជនជាកម្លាំងដ៏សំខាន់សម្រាប់ការវិនិយោគសេដ្ឋកិច្ច?,សេដ្ឋកិច្ចកម្ពុជាពឹងផ្អែកលើវិស័យកសិកម្មជាសំខាន់ៗ 5 គឺឧស្សាហកម្មកសិកម្មពាណិជ្ជកម្មគមនាគមន៍និងទេសចរណ៍ ក៏បានជាគេនិយាយថាកម្ពុជាប្រទេសកសិកម្មនៅប្រទេសកម្ពុជាមនុស្សមួយចំនួនធំគឺធ្វើកសិកម្ម។ច្រើនសុទ្ធតែជាកសិករកម្ពុជាសម្បូរជីកសិកម្មមានជីវជាតិសម្រាប់ឲ្យយើងធ្វើកសិកម្មចិញ្ចឹមសត្វនិងការដណ្ដប់ជួយបង្កើនចំណូលជូនជាងការងារចេញនៅក្រៅប្រទេសស្ករស្រូវដំឡូងកៅស៊ូ ខ. គេចែកកសិករទាំងនេះជាបួនប្រភេទកសិករតំបន់វាលខ្ពស់កសិករធ្វើស្រែឬមិនធ្វើស្រែកសិករភូមិភាគឥសានកសិករធ្វើតែស្រែ,ខ. គេចែកកសិកម្មទាំងនោះជាបួនប្រភេទ -កសិកម្មព្រៃឈើ -កសិកម្មការនេសាទ -កសិកម្មការចិញ្ចឹមសត្វ -កសិកម្មក្នុងការដាំដំណាំ។ ក. បានជាគេនិយាយថាកម្ពុជាជាប្រទេសកសិកម្មព្រោះកម្ពុជាប្រទេសកម្ពុជាជាប្រទេសកម្ពុជាកំពុងអភិវឌ្ឍន៍នៅឡើយមិនទាន់មាននូវគ្រឿងសហភារៈធំៗនិងបច្ចេកទេសគ្រប់គ្រាន់ហើយប្រទេសកម្ពុជាប្រជាជនប្រកបនូវរបបកសិកម្មច្រើននិងប្រកាន់នូវរបបបើកសេរីជនបទចូលចិត្តមកវិនិយោគ -ជាប្រទេសស្ថិតអាកាសមួយសុំក្ដៅហើយអំណោយផលដល់កសិកម្មច្រើន -មានផ្ទៃដីធំទូលាយងាយស្រួលធ្វើកសិកម្ម -សម្បូរដោយជីវជាតិច្រើនធ្វើឲ្យដំណាំងាយស្រួលប្រមូលផល -បង្កើតការងារដល់ប្រជាជន -កាត់បន្ថយនូវការចំណាកស្រុកជាដើម +ប្រទេសកម្ពុជាអំណោយផលដល់កសិកម្មដូចជា -ដំណាំស្រូវ -ដំណាំកៅស៊ូ -ដំឡូង -អំពៅ -ត្បាញ​ ក្រម៉ា សំពត់ ក្បិន។,15,12,3,0.8,0.65869140625,3,10,0,2
550,តើអ្វីជាសង្គ្រាមត្រជាក់? តើសង្គ្រាមត្រជាក់ផ្ដល់ផលវិបាកអ្វីខ្លះដល់កម្ពុជា?,សង្គ្រាមត្រជាក់ជាការប្រឈមមុខដាក់គ្នាដោយប្រយោលរវាងសហរដ្ឋអាមេរិចនិងសហភាពសូវៀត ដោយធ្វើការប្រណាំងប្រជែងគ្នាលើផ្នែក  សេដ្ឋកិច សព្វាវុធ យោធា និងបច្ចេកទេស។ សង្រ្គាមត្រជាក់បានផ្ដល់ផលវិបាកកម្ពុជាដូចជា៖ -គ្រាប់បែករបស់សហរដ្ឋអាមេរិក 1669 ដល់ 1973  -សង្គ្រាមស៊ីវិលក្នុងប្រទេសពីឆ្នាំ 1970 ដល់ 1975 និងកើតមានម្តងទៀតពីឆ្នាំ 1979 ដល់ឆ្នាំ 1991 ដែលកើតចេញពីការប្រឆាំងគ្នារវាងក្រុមកុម្មុយនិស្តនិងសេរីនិយម -ការសម្លាប់ប្រជាជនឯងក្រោមរបស់ប្រល័យពូជសាសន៍ឆ្នាំ 1975 និងឆ្នាំ 1979  -ការផ្លាស់ប្ដូរនយោបាយជាញឹកញាប់រហូតមានការមានកិច្ចព្រមព្រៀងសន្តិភាពក្រុងប៉ារីសថ្ងៃទី 23 តុលាឆ្នាំ 1991។,សង្គ្រាមត្រជាក់គឺជាការប្រឈមមុខដាក់គ្នាដោយប្រយោលរវាងប្លុកលោកខាងលិចដែលប្រកាន់យលលទ្ធិសេរីនិយមដឹកនាំដោយសាហរដ្ឋអាមេរិក ដែលខាងកើតប្រកាន់យកលទ្ធិគុម្មុយនីសដឹកនាំដោយសហភាពសូវៀត។ការប្រឈមមុខគ្នារវាងប្លុកទាំងពីរនេះបង្កើតមានក្នុងវិស័យមនោគមន៍វិជ្ជា នយោបាយ  សេដ្ឋកិច្ច ពាណិជ្ជកម្ម និងទំនាក់ទំនងអន្តរជាតិ។ ផលវិបាកមានដូច៖ -មានវិនាសកម្មការទម្លាក់គ្រាប់បែករបស់សហរដ្ឋអាមេរិក  -វិបត្តិនយោបាយពីឆ្នាំ 1970 ដល់ឆ្នាំ 1973 និងកើតម្ដងទៀតពីឆ្នាំ 1990 ដល់ 1993  -ការផ្លាស់ប្ដូរនយោបាយញឹកញាប់រហូតដល់មានកិច្ចព្រមព្រៀងសន្តិភាពទីក្រុងប៉ារីស 23 តុលាឆ្នាំ 1991 -សង្គមកម្ពុជាក្លាយជាអនាធីបតី បាត់បង់ស្ថីរភាពនយោបាយ អសន្តិសុខសណ្ដាប់ធ្នាប់ -មានការបែងចែកអំណាចរដ្ឋាភិបាលជាតិពីរ។,10,9,4,0.9,0.89697265625,4,9,0,0
551,តើកម្ពុជាមានបេតិកភណ្ឌអ្វីខ្លះ ដែលបានចុះបញ្ជីបេតិកភណ្ឌរូបី និង អរូបីពិភពលោករបស់អង្គការយូណេស្កូ? ចូររៀបរាប់ឱ្យបានប្រាំ។,កម្ពុជាមានបេតិកភណ្ឌដែលបានចុះបញ្ជីបេតិកភណ្ឌរូបី និង អរូបីពិភពលោករបស់អង្គការយូណេស្កូដូចជា     +ល្ខោនខោល     +រមណីយដ្ឋានអង្គរ     +ចាប៉ីដងវែង     +ប្រាសាទព្រះវិហហារ     +ល្ខោនស្រមោលស្បែកធំ     +របាំព្រះរាជទ្រព្យ     +ក្រមាខ្មែរ     +គុនល្បុកតោ     +រមណីយដ្ឋានសម្បូរព្រៃគុក,1 -ប្រាសាទព្រះវិហារ -ប្រាសាទបាយ័ន -ប្រាសាទបន្ទាយស្រី -ប្រាសាទសម្បូរព្រៃគុក,5,5,4,1.0,0.95703125,4,5,0,0
552,តើថ្ងៃរំដោះ៧មករា១៩៧៩ មានអត្ថន័យយ៉ាងណាខ្លះចំពោះប្រវត្តិសាស្ត្រកម្ពុជា?,ថ្ងៃរំដោះ 7 មករា 1979 មានអត្ថន័យជាប្រវត្តិសាស្រ្តដូចជា÷ -ជាថ្ងៃដែលប្រជាជនរួចផុតពីរបបប្រល័យពូជសាសន៍ -ជាថ្ងៃដែលរបបកម្ពុជាប្រជាធិបតេយ្យដួលរលំ -ជាថ្ងៃកំណើតទី 2 របស់ប្រជាជនខ្មែរ -ជាថ្ងៃដែលកងទ័ពរណសិរ្យសាមគ្គីនិងកងទ័ពរំដោះប្រជាជន បានរំដោះប្រជាជនចេញពីរបបប្រល័យពូជសាស្ត្រកម្ពុជា។,ថ្ងៃរំដោះ៧មករា១៩៧៩ មានអត្ថន័យចំពោះប្រវត្តិសាស្ត្រកម្ពុជាដូចជា៖ -បើកទ្វាសាលារៀនគ្រប់កម្រិតថ្នាក់ទូទាំងប្រទេស -ជាថ្ងៃដែលប្រជាជនរួចផុតពីការសម្លាប់រង្គាលនៃរបបលទ្ធិប្រជាធិបតេយ្យ -ជាថ្ងៃដួលរលំរបបខ្មែរក្រហម -ជាថ្ងៃប្រជាជនកម្ពុជាទទួលបានសិទ្ធិសេរីភាព -ជាការរស់រានឡើងវិញនូវវប្បធម៌ជាតិ -ជាថ្ងៃស្ដារនិងកសាងជាតិឡើងវិញ -ជាថ្ងៃស្ដារនិងកសាងប្រទេសឡើងវិញលើឆាកតំបន់និងអន្តរជាតិ -ជាថ្ងៃដែលបណ្ដាលឱ្យមានវត្តមានកងទ័ពវៀតណាមជាថ្មីម្ដងទៀតលើទឹកដីកម្ពុជា។,8,8,4,1.0,0.93359375,4,7,0,1
553,ហេតុអ្វីបានជាមនុស្សស្រូបយកខ្យល់ដែលមានកាបូនម៉ណូអុកស៊ីតអាចបង្កគ្រោះថ្នាក់ដល់ស្លាប់បាន?,បានជាមនុស្សស្រូបយកខ្យល់ដែលមានកាបូនម៉ូណូអុកស៊ីដអាចបង្កឲ្យមានគ្រោះថ្នាក់ដល់ស្លាប់ បានព្រោះកាបូនម៉ូណូអុកស៊ីដមានសមត្ថភាពចាប់យក ក្នុងឈាមបានខ្លាំងជាងអុកស៊ីសែន វារារាំងឈាមមិនឲ្យដឹកនាំអុកស៊ីសែនទៅចិញ្ចឹមសរីរាង្គជាពិសេសខួរក្បាលដែលបណ្តាលឲ្យ ស្លាប់និង សន្លប់ ។,បានជាមនុស្សស្រូបយកខ្យល់ដែលមានកាបូនម៉ូណូអុកស៊ីដអាចបង្កឲ្យមានគ្រោះថ្នាក់ដល់ស្លាប់ បានព្រោះកាបូនម៉ូណូអុកស៊ីដមានសមត្ថភាពចាប់យក ក្នុងឈាមបានខ្លាំងជាងអុកស៊ីសែន វារារាំងឈាមមិនឲ្យដឹកនាំអុកស៊ីសែនទៅចិញ្ចឹមសរីរាង្គជាពិសេសខួរក្បាលដែលបណ្តាលឲ្យ ស្លាប់និង សន្លប់ ។,5,4,3,0.8,0.76025390625,3,4,0,0
554,តើការស្ថិតនៅក្រៅសារពាង្គកាយនៃពងស្វាសមានសារៈសំខាន់ដូចម្តេច?,ការស្ថិតនៅក្រោមសារពាង្គកាយនៃពងស្វាសមានសារៈសំខាន់ដូចជាដើម្បីរក្សាសីតុណ្ហភាពឲ្យ ទាបជាងសីតុណ្ហភាពក្នុងខ្លួន ប្រហែលពី(2-3)សីតុណ្ហភាពក្នុងខ្លួន37 ។,ការស្ថិតនៅក្រោមសារពាង្គកាយនៃពងស្វាសមានសារៈសំខាន់ក្នុងការផលិតអរម៉ូនភេទឈ្មោលនិង បង្កើតស្ពែម៉ាតូសូអ៊ីត ។រក្សាសីតុណ្ហភាពឲ្យទាបជាងសីតុណ្ហភាពក្នុងខ្លួន ប្រហែលពី(2-3)សីតុណ្ហភាព ក្នុងខ្លួន37 ។,10,10,4,1.0,0.8759765625,4,9,0,1
555,តើអាណាចក្រភ្នំមានព្រំប្រទល់ជាប់ប្រទេសណាខ្លះ?,អាណាចក្រភ្នំមានព្រំប្រទល់ជាប់ប្រទេសដូចជា -ខាងជើងជាប់ចិន -ខាងត្បូងជាឈូងសមុទ្រខ្មែរ -ខាងកើតជាប់រដ្ឋចម្ប៉ា -ខាងលិចជាប់រដ្ធមនឬភូមា។,អាណាចក្រភ្នំមានព្រំប្រទល់ខាងជើងជាប់នឹងប្រទេសចិន(រដ្ឋណានឆាវនិងតុងតឹង)ខាងកើតជាប់រដ្ឋចម្ប៉ា(ឈូងសមុទ្រចិន)និងខាងត្បូងជាប់និងឈូងសមុទ្រខ្មែរ(នគរភ្នំ)និងខាងលិចជាប់រដ្ឋមនឬភូមា។,6,6,4,1.0,0.984375,4,6,0,0
556,តើឧស្សាហកម្មមានតួនាទីដូចម្ដេចខ្លះចំពោះសេដ្ឋកិច្ចជាតិ?,ឧស្សាហកម្មមាន​តួនាទីចំពោះសេដ្ឋកិច្ចជាតិដូចជា ៖ ​ _ ជួយបង្កើតថវិការជាតិ ​ _ ជួយបង្កើតទិន្នផលជាតិ ​​ _ ជួយឲ្យសេដ្ឋកិច្ចជាតិរីកចម្រើន  _ ប្រជាជនសំបូរធូរធារ  _អភិវឌ្ឍគ្រប់វិស័យ  _ មានទំនាក់ទំនងល្អជាមួយអ្នកជិតខាង  _ មានភាពរុងរឿងនៅក្នុងប្រទេសជាតិ។,ឧស្សាហកម្មមានតួនាទីចំពោះសេដ្ឋកិច្ចដូចជា៖ -ក្រុមហ៊ុនផ្តល់ការងារដល់ប្រជាជនក្នុងប្រាក់ចំណូល -ជួយបង្កើនប្រាក់ចំណូលជាតិដើរទៅមុខ -កាត់បន្ថយភាពក្រីក្ -របង្កើតធនធាន  -ការជួយប្រធានបច្ចេកទេសកសិកម្ម  -ប្រជាជនធូរធារ  -ការអភិវឌ្ឍទៅមុខ ជំរុញឲ្យសេដ្ឋកិច្ចដើរទៅមុខ។,15,15,4,1.0,0.9248046875,4,14,0,1
557,តើគេចែកយុគសម័យបុរេប្រវត្តិសាស្ត្រកម្ពុជាជាប៉ុន្មានយុគសម័យ?អ្វីខ្លះ?,គេចែកយុគសម័យបុរេប្រវត្តិសាស្ត្រកម្ពុជាជាបីយុគសម័យគឺ -យុគថ្មបំបែក (600000 - 12000 ឆ្នាំមុនគ.ស) -យុគថ្មរលីងឬសំលៀង (8000 - 2000 ឆ្នាំមុនគ.ស) -យុគលោហៈ(2000-100 ឆ្នាំមុនគ.ស)។,គេចែកយុគសម័យបុរេប្រវត្តិសាស្ត្រកម្ពុជាជាបីយុគសម័យគឺ -យុគថ្មបំបែក (600000 - 12000 ឆ្នាំមុនគ.ស) -យុគថ្មរលីងឬសំលៀង (8000 - 2000 ឆ្នាំមុនគ.ស) -យុគលោហៈ(2000-100 ឆ្នាំមុនគ.ស)។,5,5,4,1.0,0.9912109375,4,5,0,0
558,តើកត្តាអ្វីខ្លះដែលធ្វើអោយសម័យអង្គររីកចម្រើនដល់កំពូល?​ ចូលរៀបរាប់។,កត្តាដែលធ្វើអោយសម័យអង្គររីកចម្រើនគឺ: កត្តាព្រះរាជា:ព្រះរាជាចាប់ពីព្រះបាទជ័យវរ្ម័នទី 2 រហូតដល់ព្រះបាទជ័យវរ្ម័នទី 7 សុទ្ធតែជាស្ដេចខ្លាំងពូកែ កត្តានយោបាយ: នយោបាយក្នុងប្រទេសបង្រួបបង្រួមជាតិកសាងនិងការពារទឹកដី នយោបាយក្រៅប្រទេស:ចងសម្ព័ន្ធមិត្តជាមួយប្រទេសធំៗវាយយករដ្ឋតូចដាក់ជាចំណុះ កត្តាសេដ្ឋកិច្ច:រីកចម្រើនលើវិស័យកសិកម្មសិប្បកម្មគណនាគម កត្តាសាសនា:ការឯកភាពគ្នារវាងសាសនាព្រាហ្មនិងព្រះពុទ្ធ កត្តាធនធានមនុស្សបន្សល់ទុកតាំងពីសម័យនគរភ្នំនិងចេនឡាមក។,កត្តាដែលធ្វើអោយសម័យអង្គររីកចម្រើនគឺ: .កត្តាព្រះរាជា:ព្រះរាជាចាប់ពីព្រះបាទជ័យវរ្ម័នទី 2 រហូតដល់ព្រះបាទជ័យវរ្ម័នទី 7 សុទ្ធសឹងតែជាស្ដេចខ្លាំងពូកែ .កត្តានយោបាយ: +នយោបាយក្នុងប្រទេស:បង្រួបបង្រួម​ កសាង និងការពារ។ +នយោបាយក្រៅប្រទេស:ចងសម្ព័ន្ធមិត្តជាមួយប្រទេសធំៗដូចជាចិននិងឥណ្ឌា និងវាយយករដ្ឋតូចដាក់ជាចំណុះ .កត្តាសេដ្ឋកិច្ច:ការរីកចម្រើនលើវិស័យកសិកម្ម សិប្បកម្ម គណនាគមន៍ .កត្តាសាសនា:មានការឯកភាពគ្នារវាងសាសនាព្រាហ្មនិងព្រះពុទ្ធ .កត្តាធនធានមនុស្សបន្សល់ទុកតាំងពីសម័យនគរភ្នំនិងចេនឡាមក។,10,10,4,1.0,0.98486328125,4,10,0,0
559,តើកត្តាអ្វីខ្លះដែលធ្វើអោយសម័យអង្គររីកចម្រើនដល់កំពូល?​ ចូលរៀបរាប់។,កត្តាដែលធ្វើអោយសម័យអង្គររីកចម្រើនគឺ: កត្តាព្រះរាជា:ព្រះរាជាចាប់ពីព្រះបាទជ័យវរ្ម័នទី 2 រហូតដល់ព្រះបាទជ័យវរ្ម័នទី 7 សុទ្ធតែជាស្ដេចខ្លាំងពូកែ កត្តានយោបាយ: នយោបាយក្នុងប្រទេសបង្រួបបង្រួមជាតិកសាងនិងការពារទឹកដី នយោបាយក្រៅប្រទេស:ចងសម្ព័ន្ធមិត្តជាមួយប្រទេសធំៗវាយយករដ្ឋតូចដាក់ជាចំណុះ កត្តាសេដ្ឋកិច្ច:រីកចម្រើនលើវិស័យកសិកម្មសិប្បកម្មគណនាគម កត្តាសាសនា:ការឯកភាពគ្នារវាងសាសនាព្រាហ្មនិងព្រះពុទ្ធ កត្តាធនធានមនុស្សបន្សល់ទុកតាំងពីសម័យនគរភ្នំនិងចេនឡាមក។,កត្តាដែលធ្វើអោយសម័យអង្គររីកចម្រើនគឺ: .កត្តាព្រះរាជា:ព្រះរាជាចាប់ពីព្រះបាទជ័យវរ្ម័នទី 2 រហូតដល់ព្រះបាទជ័យវរ្ម័នទី 7 សុទ្ធសឹងតែជាស្ដេចខ្លាំងពូកែ .កត្តានយោបាយ: +នយោបាយក្នុងប្រទេស:បង្រួបបង្រួម​ កសាង និងការពារ។ +នយោបាយក្រៅប្រទេស:ចងសម្ព័ន្ធមិត្តជាមួយប្រទេសធំៗដូចជាចិននិងឥណ្ឌា និងវាយយករដ្ឋតូចដាក់ជាចំណុះ .កត្តាសេដ្ឋកិច្ច:ការរីកចម្រើនលើវិស័យកសិកម្ម សិប្បកម្ម គណនាគមន៍ .កត្តាសាសនា:មានការឯកភាពគ្នារវាងសាសនាព្រាហ្មនិងព្រះពុទ្ធ .កត្តាធនធានមនុស្សបន្សល់ទុកតាំងពីសម័យនគរភ្នំនិងចេនឡាមក។,10,10,4,1.0,0.98486328125,4,10,0,0
560,ចូរនិយាយពីកំណកាម៉ែតញី។,ការស្ថិតនៅក្រោមសារពាង្គកាយនៃពងស្វាសមានសារៈសំខាន់ដូចជាដើម្បីរក្សាសីតុណ្ហភាពឲ្យ ទាបជាងសីតុណ្ហភាពក្នុងខ្លួន ប្រហែលពី(2-3)សីតុណ្ហភាពក្នុងខ្លួន37 ។,កំណកាម៉ែនញី ដំបូងកោសិកាពូជមួយរកចម្ងាយពីរដងទម្លាប់គ្នាបានកោសិកាអូវ៉ូកូនី4 ។ អូវុលរីកមាឌក្លាយជាអូវូស៊ីត1 ។អូវ៉ូស៊ីតមួយរងចំណែកមួយនៃមេយ៉ូសហើយត្រូវបានជាប់គាំងនៅចុង វគ្គមួយ ។,10,4,2,0.4,0.419677734375,2,4,0,0
561,ដូចម្តេចដែលហៅថាមេយ៉ូស? ចូរនិយាយពីវគ្គផ្សេងៗនៃមេយ៉ូស។,មេយ៉ូសជាសំណុំនៃចំណែកកោសិកាពីរដងបន្តបន្ទាប់គ្នាដែលបង្កើតបានជាកោសិកាអាលូអុីតបួន ហៅថាមេយ៉ូស ។ _តេឡូផាស1 ស៊ីតូប្លាសចែកខ្លួនបានជាកោសិកាកូនពីរ ។កោសិកាកូននីមួយៗទទួលបានក្រូម៉ូសូម តែមួយពីរគូអូម៉ូឡូក ។ _ប្រផាស1 មានរយៈពេលវែង ។ _អាណាផាស1 ក្រូម៉ូសូមដំរៀបលើផ្លាស់ភ្ជាប់នឹងក្រយ៉ូងក្រូម៉ាទិចដោយសង់ក្រូងទ័ររបស់វា ។ _តេឡូផាស2 ក្រូម៉ូមនីមួយៗបានមកដល់ប៉ូលភ្នាស _មេតាផាស2 ក្រូម៉ូសូមប្រេះតាមបណ្ដោយភ្ជាប់ខ្លួនទៅនិងក្រយ៉ងក្រូម៉ាទិចដោយសង់ _ប្រូដាស2 ត្តយ៉ងអាក្រូម៉ាទិតកើតមានក្នុងកោសិកាគូនីមួយៗ _អាណាផាស2 សង់ក្រូម៉ែធ្វើចំណែកដែលនាំអោយក្រូម៉ាទិចបងប្អូនដាច់ចេញពីគ្នា ។បន្ទាប់មក ក្រូម៉ូសូមកូនទាំង2ធ្វើដំណើរឆ្ពោះទៅប៉ូលផ្ទុយគ្នារបស់ត្រយ៉ូងអាក្រូម៉ាទិច ។,ដែលហៅថាមេយ៉ូសគឺជាសំណុំនៃចំណែកកោសិកាពីដងបន្តបន្ទាប់គ្នាបង្កើតបានជាកោសិកា អាប្លូអុីត4 ។វគ្គផ្សេងនៃមេយ៉ូសមានដូចជា  _ប្រផាស1 មានរយៈពេលវែង ។ _អាណាផាស1 ក្រូម៉ូសូមដំរៀបលើផ្លាស់ភ្ជាប់នឹងក្រយ៉ូងក្រូម៉ាទិចដោយសង់ក្រូងទ័ររបស់វា ។ _តេឡូផាស1 ស៊ីតូប្លាសចែកខ្លួនបានជាកោសិកាកូនពីរ ។កោសិកាកូននីមួយៗទទួលបានក្រូម៉ូសូម តែមួយពីរគូអូម៉ូឡូក ។ _មេតាផាស ក្រូម៉ូសូមប្រេះតាមបណ្ដោយភ្ជាប់ខ្លួនទៅនិងក្រយ៉ងក្រូម៉ាទិចដោយសង់,10,8,3,0.8,0.65087890625,3,7,0,1
562,តើប្រព័ន្ធផលិតកម្មកសិកម្មនៅប្រទេសកម្ពុជាមានអ្វីខ្លះ?,ប្រព័ន្ធផលិតកម្មកសិកម្មនៅកម្ពុជាមានដូចជាដំណាំដំណាំស្រូវនិងកៅស៊ូដឹកនាំផ្សេងៗទៀតការចិញ្ចឹមសត្វបានចិញ្ចឹមសត្វលើគោកការចិញ្ចឹមសត្វក្នុងទឹកការនេសាទការនេសាទទឹកសាបការនេសាទទឹកប្រៃ  ព្រៃឈើអនុផលព្រៃឈើរកឃ្មុំជ័រទឹកក្តៅសត្វព្រៃ,ប្រព័ន្ធផលិតកម្មកសិកម្មនៅប្រទេសកម្ពុជាមាន​ដូចជា៖ -ដំណាំកៅស៊ូ -ដំណាំពោត -ដំណាំស្រូវ -ការដាំដើមឈើ។,15,3,1,0.2,0.139892578125,1,2,0,1
563,ហេតុអ្វីបានជាផ្នែកឯកជនជាកម្លាំងដ៏សំខាន់សម្រាប់វិនិយោគនិងធ្វើឲ្យមានកំណើនសេដ្ឋកិច្ចក្នុងប្រទេស?,បានជាផ្នែកឯកជនជាកម្លាំងដ៏សំខាន់សម្រាប់វិនិយោគនិងធ្វើឲ្យមានកំណើនសេដ្ឋកិច្ចក្នុងប្រទេស ព្រោះប្រទេសកម្ពុជាជាប្រទេសអភិវឌ្ឍន៍ សេដ្ឋកិច្ចទីផ្សារដោយបានធ្វើកំណែទម្រង់សហគ្រាសឧស្សាហកម្មឲ្យក្លាយទៅជាកម្មសិទ្ធិឯកជន ។ សេដ្ឋកិច្ចទីផ្សារសេរីនេះនាំឲ្យអ្នករកស៊ីបរទេសចូលចិត្តមកវិនិយោគ ហើយកាលណាផ្នែកឯកជនរឹងមាំមកវិនិយោគ ហើយកាលណាផ្នែកឯកជនមិនរឹងមាំអាចបំពេញបន្ថែមវិនិយោគនិងវិស័យសង្គមកិច្ចមានន័យថាវិស័យឯកជនស្រូបយកកម្លាំងការងារកាន់តែកើនឡើង។,ព្រោះវិស័យឯកជនជាក្បាលម៉ាស៊ីនសំខាន់សម្រាប់វិនិយោគនិងធ្វើឱ្យមានកំណើនសេដ្ឋកិច្ចក្នុងប្រទេសព្រោះ៖  • ប្រទេសកម្ពុជាតាំងពីផ្អែកសេដ្ឋកិច្ចទីផ្សារសេរីតាំងពីឆ្នាំ ១៩៩៣ និងផ្ដល់សហគ្រាសឱ្យឯកជនធ្វើសកម្មភាព,15,15,4,1.0,0.64013671875,3,10,1,5
564,តើគេចែកយុគសម័យបុរេប្រវត្តិសាស្ត្រកម្ពុជាជាប៉ុន្មានយុគសម័យ?អ្វីខ្លះ?,គេចែកយុគសម័យបុរេប្រវត្តិសាស្ត្រកម្ពុជាជាបីយុគសម័យគឺ -យុគថ្មបំបែក (600000 - 12000 ឆ្នាំមុនគ.ស) -យុគថ្មរលីងឬសំលៀង (8000 - 2000 ឆ្នាំមុនគ.ស) -យុគលោហៈ(2000-100 ឆ្នាំមុនគ.ស)។,គេចែកយុគសម័យបុរេប្រវត្តិសាស្ត្រកម្ពុជាជាបីយុគសម័យគឺ -យុគថ្មបំបែក (600000 - 12000 ឆ្នាំមុនគ.ស) -យុគថ្មរលីងឬសំលៀង (8000 - 2000 ឆ្នាំមុនគ.ស) -យុគលោហៈ(2000-100 ឆ្នាំមុនគ.ស)។,5,5,4,1.0,0.9912109375,4,5,0,0
565,តើការស្ថិតនៅក្រៅសារពាង្គកាយនៃពងស្វាសមានសារៈសំខាន់ដូចម្តេច?,ការស្ថិតនៅក្រោមសារពាង្គកាយនៃពងស្វាសមានសារៈសំខាន់ដូចជាដើម្បីរក្សាសីតុណ្ហភាពឲ្យ ទាបជាងសីតុណ្ហភាពក្នុងខ្លួន ប្រហែលពី(2-3)សីតុណ្ហភាពក្នុងខ្លួន37 ។,ការស្ថិតនៅក្រោមសារពាង្គកាយនៃពងស្វាសមានសារៈសំខាន់ដូចជាដើម្បីរក្សាសីតុណ្ហភាពឲ្យ ទាបជាងសីតុណ្ហភាពក្នុងខ្លួន ប្រហែលពី(2-3)ដែលជាលក្ខខណ្ឌចាំបាច់សម្រាប់ការផលិត មេជីវិតឈ្មោល ។,10,8,3,0.8,0.8662109375,3,9,0,1
566,តើសេដ្ឋកិច្ចកម្ពុជាពឹងផ្អែកលើវិស័យអ្វីជាសំខាន់?     ក/ ហេតុអ្វីបានជាគេនិយាយថាកម្ពុជាជាប្រទេសកសិកម្ម?     ខ/ តើគេចែកកសិករជាប៉ុន្មានប្រភេទ?អ្វីខ្លះ?,សេដ្ឋកិច្ចកម្ពុជាពឹងផ្អែកលើវិស័យកសិកម្មជាសំខាន់។   ក/ បានជាគេនិយាយថាកម្ពុជាជាប្រទេសឧស្សាហកម្មព្រោះ៖  _  សណ្ឋានដី : ដីមានជីវជាតិល្អនិងសម្បូរទំនាបល្បាប់   _ ផ្លូវទឹក : ផ្លូវទឹកខ្វាត់ខ្វែងងាយស្រួលដល់ការដាំដុះ  _ ប្រជាជន : ប្រជាជនខ្មែរភាគច្រើនចូលចិត្តធ្វើកសិកម្ម  _ អាកាសធាតុ : ទទួលអាកាសធាតុក្តៅសើម  _ កសិកម្មផ្តល់ផល50%នៃផលិតផលជាតិសរុប។  ខ/ គេចែកកសិករទាំងនោះជា4ប្រភេទគឺ៖  _ កសិករធ្វើស្រែឬអ្នកស្រែ : និយមធ្វើស្រែ ស្រូវប្រាំង ស្រូវវស្សា ស្រូវឡើងទឹក  _ កសិករតំបន់ដីខ្ពស់ : គេដាំដំណាំជាអចិន្ត្រៃយ៍(ពោត ដំឡូង ចេក កៅស៊ូសណ្តែក)  _ កសិករធ្វើចម្ការដំណាំស្រូវ : គេដាំដំណាំតាមមាត់ទន្លេ ចិញ្ចឹមសត្វនិងនេសាទ  _ កសិករភូមិភាគឦសាន: គេធ្វើដំណាំព្រៃដុតមានដូចជាពោត ដំឡូង ស្រូវរុក្ខជាតិយកមើមដទៃទៀត និងបរបាញ់សត្វផងដែរ។,សេដ្ឋកិច្ចកម្ពុជាពឹងផ្អែកលើវិស័យកសិកម្មសំខាន់។  ក/ បានជាគេនិយាយថា កម្ពុជាជាប្រទេសកសិកម្មព្រោះ   _ ប្រទេសកម្ពុជាមានការដាំដុះស្រូវកន្លែងផ្សេងៗ   _ សម្បូរទៅដោយព្រៃឈើ   _ សម្បូរទៅដោយធម្មជាតិ   _ មានការដាំដុះបានទិន្នផលខ្ពស់។  ខ/ គេបានគេចែកកសិករទាំងនោះជា4ប្រភេទគឺ    _ កសិករដាំស្រូវ    _ កសិករមិនដាំស្រូវ    _ កសិករដីខ្ពស់     _ កសិករភូមិភាគឥសាន។,20,13,3,0.65,0.266845703125,1,5,2,8
567,ហេតុអ្វីបានជាប្រទេសកម្ពុជាពឹងផ្អែកទៅលើវិស័យកសិកម្ម?,បានជាផ្នែកឯកជនជាកម្លាំងដ៏សំខាន់សម្រាប់កំណើនសេដ្ឋកិច្ចកម្ពុជាព្រោះ -កម្ពុជាបានអនុវត្តសេដ្ឋកិច្ចទីផ្សារសេរីដោយបានធ្វើកំណែទម្រង់ពីសហគ្រាសរដ្ឋឲ្យក្លាយទៅជាកម្មសិទ្ធិឯកជន -សេដ្ឋកិច្ចទីផ្សារសេរីនាំឲ្យអ្នករកស៊ីចូលចិត្តមករកស៊ីនិងដាក់វិនិយោគទុន -កាលណាភ្នែកឯកជនរឹងមាំអាចជួយបំពេញបន្ថែមលើវិនិយោគសាធារណៈក្នុងវិស័យសេដ្ឋកិច្ចគឺផ្នែកឯកជនអាចស្រូបយកកម្លាំងពលកម្មកើនឡើង។,បានជាផ្នែកឯកជនជាកម្លាំងដ៏សំខាន់សម្រាប់វិនិយោគនិងធ្វើឲ្យមានកំណើនសេដ្ឋកិច្ចក្នុងប្រទេសព្រោះប្រទេសកម្ពុជាអនុវត្តសេដ្ឋកិច្ចទីផ្សារដើម្បីឲ្យបរទេសមកវិនិយោគទុនដែលនាំឲ្យប្រទេសក្លាយជាកម្មសិទ្ធិឯកជនដូច្នេះប្រសិនប្រទេសយើងមានការរីកចម្រើសផ្នែកឧស្សាហកម្មនោះប្រទេសយើងនិងមានជម្រើសបុគ្គលិកនិងកម្មករជាច្រើន។,15,10,3,0.6666666666666666,0.3330078125,1,5,2,5
568,ដូចម្តេចដែលហៅថាមេយ៉ូស? ចូរនិយាយពីវគ្គផ្សេងៗនៃមេយ៉ូស។,មេយ៉ូសជាសំណុំនៃចំណែកកោសិកាពីរដងបន្តបន្ទាប់គ្នាដែលបង្កើតបានជាកោសិកាអាលូអុីតបួន ហៅថាមេយ៉ូស ។ _តេឡូផាស1 ស៊ីតូប្លាសចែកខ្លួនបានជាកោសិកាកូនពីរ ។កោសិកាកូននីមួយៗទទួលបានក្រូម៉ូសូម តែមួយពីរគូអូម៉ូឡូក ។ _ប្រផាស1 មានរយៈពេលវែង ។ _អាណាផាស1 ក្រូម៉ូសូមដំរៀបលើផ្លាស់ភ្ជាប់នឹងក្រយ៉ូងក្រូម៉ាទិចដោយសង់ក្រូងទ័ររបស់វា ។ _តេឡូផាស2 ក្រូម៉ូមនីមួយៗបានមកដល់ប៉ូលភ្នាស _មេតាផាស2 ក្រូម៉ូសូមប្រេះតាមបណ្ដោយភ្ជាប់ខ្លួនទៅនិងក្រយ៉ងក្រូម៉ាទិចដោយសង់ _ប្រូដាស2 ត្តយ៉ងអាក្រូម៉ាទិតកើតមានក្នុងកោសិកាគូនីមួយៗ _អាណាផាស2 សង់ក្រូម៉ែធ្វើចំណែកដែលនាំអោយក្រូម៉ាទិចបងប្អូនដាច់ចេញពីគ្នា ។បន្ទាប់មក ក្រូម៉ូសូមកូនទាំង2ធ្វើដំណើរឆ្ពោះទៅប៉ូលផ្ទុយគ្នារបស់ត្រយ៉ូងអាក្រូម៉ាទិច ។,មេយ៉ូសជាសំណុំនៃចំណែកកោសិកាពីរដងបន្តបន្ទាប់គ្នាដែលបង្កើតបានជាកោសិកាអាលូអុីតបួន ហៅថាមេយ៉ូស ។មានបួនវគ្គគឺ ប្រូផាស អាណាផាស មេតាផាស និង តេឡូផាស ។,10,5,2,0.5,0.463623046875,2,5,0,0
569,ដូចម្តេចដែលហៅថាវដ្តទឹក? ចូរពន្យល់ពីដំណាក់កាលនីមួយៗ អោយបានត្រឹមត្រូវ។,ដែលហៅថាវត្តទឹកគឺការហ្វឹកហ្វុលឥតឈប់ឈរមុននឹងបង្កើតជាទឹកភ្លៀងទឹករោងនៅកម្ដៅព្រះអាទិត្យបង្កើតបានជាចំហាយទឹកខ្យល់ស្រុកយកចំហែលទឹកទៅអាកាសធ្វើឲ្យចំហាយទឹកកំណក បង្កើតបានជាពពកធ្លាក់មកជាភ្លៀងក្នុងប្រជាទឹក,ដំណាក់កាលនៃវត្តទឹកអត្ថន័យសំណួរនេះតម្រូវឲ្យពន្យល់អំពីវត្តទឹកនិងដំណើរការនៃដំណាក់កាលនីមួយៗដូចការហូតក្រង្អែងការធ្លាក់ភ្លៀង,12,3,1,0.25,0.372314453125,1,4,0,1
570,ចូរនិយាយពីកំណកាម៉ែតញី។,ការស្ថិតនៅក្រោមសារពាង្គកាយនៃពងស្វាសមានសារៈសំខាន់ដូចជាដើម្បីរក្សាសីតុណ្ហភាពឲ្យ ទាបជាងសីតុណ្ហភាពក្នុងខ្លួន ប្រហែលពី(2-3)សីតុណ្ហភាពក្នុងខ្លួន37 ។,កំណកាម៉ែនញី ដំបូងកោសិកាពូជមួយរកចម្ងាយពីរដងទម្លាប់គ្នាបានកោសិកាអូវ៉ូកូនី4 ។អូវុលរីក មាឌក្លាយជាអូវូស៊ីត1 ។អូវ៉ូស៊ីតមួយរងចំណែកមួយនៃមេយ៉ូសហើយត្រូវបានជាប់គាំងនៅចុង វគ្គមួយ ។,10,5,2,0.5,0.427978515625,2,4,0,1
571,តើប្រព័ន្ធផលិតកម្មកសិកម្មនៅក្នុងប្រទេសកម្ពុជាមានអ្វីខ្លះ?ចូររៀបរាប់​ ។,ប្រព័ន្ធផលិតកម្មកសិកម្មនៅប្រទេសកម្ពុជាមាន៖    _ ដំណាំ : ដំណាំស្រូវ ដំណាំកៅស៊ូ ដំណាំផ្សេងៗទៀត    _ ការចិញ្ចឹមសត្វ : ការចិញ្ចឹមសត្វលើគោក ការចិញ្ចឹមសត្វក្នុងទឹក    _ ការនេសាទ : ការនេសាទទឹកសាប ការនេសាទទឹកប្រៃ  _ ព្រៃឈើ : ផលិតផលឈើ អនុផលព្រៃឈើ(រកឃ្មុំ ជ័រទឹក វល្លិ៍ ផ្តៅ) សត្វព្រៃ ។,ប្រព័ន្ធផលិតកម្មនៅប្រទេសកម្ពុជារួមមាន៖  +កសិកម្មផ្នែកដាំដុះ -ដំណាំស្រូវ លោក ដំឡូងពោត   -ដំណាំកៅស៊ូ -ដំណាំហូងផ្លែ +កសិកម្មនេសាទ -ការនេសាទត្រី -ការចិញ្ចឹមត្រី +កសិកម្មអនុផលព្រៃឈើ -ការកាប់យកព្រៃឈើមានតម្លៃ -ការអាស្រ័យយកផល្លាក្នុងព្រៃល។,10,7,3,0.7,0.34130859375,1,3,2,4
572,ចូររៀបរាប់អំពីទំនាក់ទំនងរវាងការដាំដុះអាជីវកម្មព្រៃឈើនិងនេសាទ។,ទំនាក់ទំនងរវាង ការដាំដុះអាជីវកម្មព្រៃឈើ និងការនេសាទ៖  _ ការដាំដុះអាជីវកម្មព្រៃឈើ និងការនេសាទ ជាភោគទ្រព្យយ៉ាងសំខាន់សម្រាប់ប្រជាជនក្នុងការទ្រទ្រង់ក្នុងជីវភាពរស់នៅនិងការអភិវឌ្ឍន៍ប្រទេសជាតិ   _ ដើម្បីបំពេញតម្រូវការក្នុងកសិកម្មផលិតកម្មនិងត្រូវការផ្សេងៗ មនុស្សនាំគ្នាកាប់ព្រៃឈើដើម្បីធ្វើអាជីវកម្មព្រៃឈើជាមូលហេតុធ្វើឲ្យអាកាសធាតុប្រែប្រួលប៉ះពាល់ដល់ជីវិតមនុស្ស សត្វ និងរុក្ខជាតិ  ​ _ អតិផលនៃប្រព័ន្ធកសិកម្ម នាំឲ្យមានកំណើននៃការប្រើប្រាស់គីមីនិងថ្នាំសម្លាប់សត្វល្អិត។ ជីគីមី និងថ្នាំសម្លាប់សត្វល្អិត ទាំងនោះហូរទៅផ្ដុំគ្នានៅតាមផ្លូវទឹកនានា បំផ្លាញជីវិតសត្វនិងពូជធម្មជាតិ។,រៀបរាប់ពីទំនាក់ទំនងរវាងការដាំដុះអាជីវកម្មព្រៃឈើនិងការនេសាទ៖,15,0,0,0.0,0.033843994140625,0,1,0,1
573,ចូរនិយាយពីកំណកាម៉ែតញី។,ការស្ថិតនៅក្រោមសារពាង្គកាយនៃពងស្វាសមានសារៈសំខាន់ដូចជាដើម្បីរក្សាសីតុណ្ហភាពឲ្យ ទាបជាងសីតុណ្ហភាពក្នុងខ្លួន ប្រហែលពី(2-3)សីតុណ្ហភាពក្នុងខ្លួន37 ។,កំណកាម៉ែតញីដំបូងកោសិកាពូជមួយរួមចំណែកពីរដងបន្តបន្ទាប់គ្នា បានកោសិកាអូវ៉ូកូរី4 ។ អូវ៉ូកូរីនីមួយៗរីកមាឌអាចជាអូវ៉ូស៊ីត1 ។អូវ៉ូស៊ីតមួយរងចំណែកមួយនៃមេយោធាហើយត្រូវបាន ឈប់គាំងនៅវគ្គប្រផ្ដាស1 ។ក្រោយមកពេលគ្រប់អូវ៉ូស៊ីតមួយបន្តធ្វើចំណែកហើយត្រូវបានបញ្ចប់ នៅរយៈពេល6ម៉ោងមុនដំណើរអូវ៉ុលនិងធ្លាក់មកក្រៅជាអូវ៉ូស៊ីត2 ។ប្រសិនបើជួបស្ពែម៉ាតូសូអុីត បង្កើតបានជាអូវុល ។,10,8,3,0.8,0.76416015625,3,8,0,0
574,តើថ្ងៃរំដោះ៧មករា១៩៧៩ មានអត្ថន័យយ៉ាងណាខ្លះចំពោះប្រវត្តិសាស្ត្រកម្ពុជា?,ជាថ្ងៃដែលប្រជាជនខ្មែររួចផុតពីសង្គ្រាមនិងការសម្លាប់ -ជាថ្ងៃដែលប្រជាជនខ្មែរស្គាល់ច្បាប់ពីតម្លៃនៃសន្តិភាព -ជាថ្ងៃដែលប្រជាជនខ្មែរស្គាល់ច្បាប់ពីតម្លៃនៃសន្តិភាព -ប្រទេសកម្ពុជាទទួលបានអធិបតេយ្យភាពនិងបូរណាភាពទឹកដី -ប្រទេសកម្ពុជាទទួលបានឯករាជ្យ -ប្រទេសកម្ពុជាអាចអភិវឌ្ឍន៍ប្រទេសជាតិរបស់ខ្លួន -ប្រទេសកម្ពុជាអាចឈរស្មើមុខមាត់លើឆាកអន្តរជាតិ -ប្រទេសកម្ពុជាកសាងនិងស្ដាយប្រទេសជាតិខ្លួនឯងឡើងវិញ -ប្រទេសកម្ពុជាអាចធ្វើទំនាក់ទំនងជាមួយបណ្ដាប្រទេសនានា.,-ជាថ្ងៃដែលប្រជាជនកម្ពុជាលួចផុតពីការសម្លាប់រង្គានៃរបបខ្មែរក្រហម -ជាថ្ងៃដែលប្រជាជនកម្ពុជាមានសិទ្ធិសេរីភាពពេញលេញរួចផុតពីការគៀបសង្កត់ -ជាថ្ងៃដែលប្រជាជនអាចសម្រេចជោគវាសនាលើប្រទេសខ្លួនឯងដោយផ្ទាល់ -វិជ្ជាជនបានរំដោះវប្បធម៌ជំនឿសាសនាប្រពៃណីទំនៀមទម្លាប់ -ជាថ្ងៃដែលប្រជាជនកម្ពុជាទៅកាន់របបសេរីវិញ -ជាថ្ងៃដែលប្រជាជនកម្ពុជារក្សានៅឯករាជ្យអធិបតេយ្យភាពនិងបូរណៈភាពទឹកដី -ជាថ្ងៃដែលប្រជាជនកម្ពុជារួចផុតពីរបបប្រល័យពូជសាសន៍ខ្មែរក្រហម។,8,8,4,1.0,0.9423828125,4,8,0,0
575,តើប្រព័ន្ធផលិតកម្មកសិកម្មនៅក្នុងប្រទេសកម្ពុជាមានអ្វីខ្លះ?ចូររៀបរាប់​ ។,ប្រព័ន្ធផលិតកម្មកសិកម្មនៅប្រទេសកម្ពុជាមាន៖    _ ដំណាំ : ដំណាំស្រូវ ដំណាំកៅស៊ូ ដំណាំផ្សេងៗទៀត    _ ការចិញ្ចឹមសត្វ : ការចិញ្ចឹមសត្វលើគោក ការចិញ្ចឹមសត្វក្នុងទឹក    _ ការនេសាទ : ការនេសាទទឹកសាប ការនេសាទទឹកប្រៃ  _ ព្រៃឈើ : ផលិតផលឈើ អនុផលព្រៃឈើ(រកឃ្មុំ ជ័រទឹក វល្លិ៍ ផ្តៅ) សត្វព្រៃ ។,ប្រព័ន្ធផលិតកម្មនៅប្រទេសកម្ពុជារួមមាន៖ -ការដាំដុះដំណាំដែលបម្រើក្នុងវិស័យឧស្សាហកម្មដូចជាដំណាំកៅស៊ូដំឡូងមី ថ្នាំជក់និងផ្លែឈើជាដើម  -ការធ្វើកសិកម្មព្រៃឈើដុតយកដីដាំដុះ -ការចិញ្ចឹមសត្វ គោក្របីមាន់ទាជ្រូក  -ការដាំដុះ ដំណាំផ្សេងផ្សេង-ការនេសាទត្រីទាំងទឹកសាបទាំងទឹកប្រៃ  -ការធ្វើអាជីវកម្មព្រៃឈើយកឈើដើម្បីនាំចេញទៅក្រៅប្រទេសឬធ្វើគ្រឿងសង្ហារឹម  -ការធ្វើស្រែចម្ការសម្រាប់ផ្គត់ផ្គង់ក្នុង រង្វង់ គ្រួសារ។,10,6,2,0.6,0.40380859375,2,4,0,2
576,តើអ្វីជាសង្គ្រាមត្រជាក់? តើសង្គ្រាមត្រជាក់ផ្ដល់ផលវិបាកអ្វីខ្លះដល់កម្ពុជា?,សង្គ្រាមត្រជាក់ជាការប្រឈមមុខដាក់គ្នាដោយប្រយោលរវាងសហរដ្ឋអាមេរិចនិងសហភាពសូវៀត ដោយធ្វើការប្រណាំងប្រជែងគ្នាលើផ្នែក  សេដ្ឋកិច សព្វាវុធ យោធា និងបច្ចេកទេស។ សង្រ្គាមត្រជាក់បានផ្ដល់ផលវិបាកកម្ពុជាដូចជា៖ -គ្រាប់បែករបស់សហរដ្ឋអាមេរិក 1669 ដល់ 1973  -សង្គ្រាមស៊ីវិលក្នុងប្រទេសពីឆ្នាំ 1970 ដល់ 1975 និងកើតមានម្តងទៀតពីឆ្នាំ 1979 ដល់ឆ្នាំ 1991 ដែលកើតចេញពីការប្រឆាំងគ្នារវាងក្រុមកុម្មុយនិស្តនិងសេរីនិយម -ការសម្លាប់ប្រជាជនឯងក្រោមរបស់ប្រល័យពូជសាសន៍ឆ្នាំ 1975 និងឆ្នាំ 1979  -ការផ្លាស់ប្ដូរនយោបាយជាញឹកញាប់រហូតមានការមានកិច្ចព្រមព្រៀងសន្តិភាពក្រុងប៉ារីសថ្ងៃទី 23 តុលាឆ្នាំ 1991។,សង្គ្រាមត្រជាក់គឺជាការប្រឈមមុខដាក់គ្នារវាងសហរដ្ឋអាមេរិក និងសហភាពសូវៀតដោយធ្វើការប្រណាំងប្រជែងគ្នាលើផ្នែក  សេដ្ឋកិច សព្វាវុធ យោធា និងបច្ចេកទេស ពោលគឺជាការកាច់បំបាក់គ្នារវាងសហរដ្ឋអាមេរិកនិងសហភាពសូវៀត។  សង្គ្រាមត្រជាក់ផ្ដល់ប៉ះពាល់ដល់កម្ពុជា៖ -មានវិនាសសកម្ម: ការទម្លាក់គ្រាប់បែករបស់់សហរដ្ឋអាមេរិក (១៩៦៩ ដល់ ១៩៧៣) -សង្គ្រាមសុីវិលក្នុងប្រទេសពីឆ្នាំ ១៩៧០ដល់១៩៥៧និងកើតឡើងម្ដងទៀតពីឆ្នាំ១៩៧៥ដល់២៩៧៩ដែលកើតចេញពីការប្រឆាំគ្នារវាងបក្សគម្មុយនីសនិងសេរីនិយម -ការកាប់សម្លាប់ប្រជាជនឯងក្រោមរបបប្រល័យពូជសាសន៍ (១៩៧៥ដល់១៩៧៩) -ការផ្លាស់ប្ដូររបបនយោបាយជាញឹកញាប់រហូតដល់មានកិច្ចព្រមព្រៀងសន្តិភាពទីក្រុងប៉ារីស។,10,9,4,0.9,0.9033203125,4,9,0,0
577,តើកម្ពុជាមានបេតិកភណ្ឌអ្វីខ្លះ ដែលបានចុះបញ្ជីបេតិកភណ្ឌរូបី និង អរូបីពិភពលោករបស់អង្គការយូ ណេស្កូ? ចូររៀបរាប់ឲ្យបានប្រាំ។,បេតិកភណ្ឌរូបិយនិងអរូបិយមានដូចជា -ប្រាសាទព្រះវិហារ -ប្រាសាទអង្គវត្ត -ប្រាសាតសម្បូរព្រៃគុក -ប្រាសាទកោះកេរ្ត៍ -របាំព្រះរាជទ្រព្យ -ល្ខោនខោល -ល្បែងប្រជាប្រិយ។,ប្រាសាទព្រះវិហារ -ប្រាសាទសំបូរព្រៃគុក -ប្រាសាទអង្គរវត្ត -ល្ខោនខោ -ល្ខោនស្បែកធ,5,5,4,1.0,0.94580078125,4,5,0,0
578,ចូររៀបរាប់អំពីទំនាក់ទំនងរវាងការដាំដុះអាជីវកម្មព្រៃឈើនិងនេសាទ។,ទំនាក់ទំនងរវាង ការដាំដុះអាជីវកម្មព្រៃឈើ និងការនេសាទ៖  _ ការដាំដុះអាជីវកម្មព្រៃឈើ និងការនេសាទ ជាភោគទ្រព្យយ៉ាងសំខាន់សម្រាប់ប្រជាជនក្នុងការទ្រទ្រង់ក្នុងជីវភាពរស់នៅនិងការអភិវឌ្ឍន៍ប្រទេសជាតិ   _ ដើម្បីបំពេញតម្រូវការក្នុងកសិកម្មផលិតកម្មនិងត្រូវការផ្សេងៗ មនុស្សនាំគ្នាកាប់ព្រៃឈើដើម្បីធ្វើអាជីវកម្មព្រៃឈើជាមូលហេតុធ្វើឲ្យអាកាសធាតុប្រែប្រួលប៉ះពាល់ដល់ជីវិតមនុស្ស សត្វ និងរុក្ខជាតិ  ​ _ អតិផលនៃប្រព័ន្ធកសិកម្ម នាំឲ្យមានកំណើននៃការប្រើប្រាស់គីមីនិងថ្នាំសម្លាប់សត្វល្អិត។ ជីគីមី និងថ្នាំសម្លាប់សត្វល្អិត ទាំងនោះហូរទៅផ្ដុំគ្នានៅតាមផ្លូវទឹកនានា បំផ្លាញជីវិតសត្វនិងពូជធម្មជាតិ។,រៀបរាប់ពីទំនាក់ទំនងរវាងការដាំដុះអាជីវកម្មព្រៃឈើនិងការនេសាទ៖  _ ការដាំដុះ : ការធ្វើកសិកម្មដាំដំណាំ ការធ្វើអាជីវកម្ម ការដាំដុះស្រូវ ម្រេចនិងរបស់ដែលមានប្រយោជន៍ឲ្យប្រជាជនទិញយកទៅបរិភោគដោយមិនប្រើប្រាស់ថ្នាំគីមី  _ អាជីវកម្មព្រៃឈើ : ការកាប់ព្រៃឈើដើម្បីលក់យកទៅលក់ដោយខុសច្បាប់មិនគោរពគោលការណ៍ កាប់ព្រៃឈើដើម្បីធ្វើជាគ្រឿងសង្ហារឹមនានា ការដុតព្រៃឈើដើម្បីធ្វើកសិកម្ម ការប្រើប្រាស់ឈើដើម្បីសាងសង់ផ្ទះស្នាក់នៅ  _ ការនេសាទ : ការនេសាទត្រីនៅតាមដងទន្លេ នេសាទនៅពេលដែលត្រីពងរួចឬមួយខែទៅពីរខែមិនត្រូវនេសាទពេលត្រូវពងទេ នេសាទនៅមាត់សមុទ្រធំមានរលកធំៗធ្វើឲ្យមានគ្រោះថ្នាក់ខ្លាំងចំពោះអ្នកនេសាទ ការនេសាទត្រីដើម្បីឲ្យប្រជាជនខ្មែរយកទៅធ្វើប្រហុកបរិភោគឬក៏យកទៅលក់តគ្នា។,15,5,1,0.3333333333333333,0.1904296875,1,3,0,2
579,ចូររៀបរាប់អំពីទំនាក់ទំនងរវាងការដាំដុះអាជីវកម្មព្រៃឈើនិងនេសាទ។,ទំនាក់ទំនងរវាង ការដាំដុះអាជីវកម្មព្រៃឈើ និងការនេសាទ៖  _ ការដាំដុះអាជីវកម្មព្រៃឈើ និងការនេសាទ ជាភោគទ្រព្យយ៉ាងសំខាន់សម្រាប់ប្រជាជនក្នុងការទ្រទ្រង់ក្នុងជីវភាពរស់នៅនិងការអភិវឌ្ឍន៍ប្រទេសជាតិ   _ ដើម្បីបំពេញតម្រូវការក្នុងកសិកម្មផលិតកម្មនិងត្រូវការផ្សេងៗ មនុស្សនាំគ្នាកាប់ព្រៃឈើដើម្បីធ្វើអាជីវកម្មព្រៃឈើជាមូលហេតុធ្វើឲ្យអាកាសធាតុប្រែប្រួលប៉ះពាល់ដល់ជីវិតមនុស្ស សត្វ និងរុក្ខជាតិ  ​ _ អតិផលនៃប្រព័ន្ធកសិកម្ម នាំឲ្យមានកំណើននៃការប្រើប្រាស់គីមីនិងថ្នាំសម្លាប់សត្វល្អិត។ ជីគីមី និងថ្នាំសម្លាប់សត្វល្អិត ទាំងនោះហូរទៅផ្ដុំគ្នានៅតាមផ្លូវទឹកនានា បំផ្លាញជីវិតសត្វនិងពូជធម្មជាតិ។,រៀបរាប់ពីទំនាក់ទំនងរវាងការដាំដុះ ការចិញ្ចឹមសត្វ និងការនេសាទ៖ព្រៃលិចទឹកអាចធ្វើការដាំដុះបានអាជីវកម្មព្រៃឈើបានដឹងថាការនេសាទផង។,15,0,0,0.0,0.0526123046875,0,1,0,1
580,តើកត្តាអ្វីខ្លះដែលធ្វើអោយសម័យអង្គររីកចម្រើនដល់កំពូល?​ ចូលរៀបរាប់។,កត្តាដែលធ្វើអោយសម័យអង្គររីកចម្រើនគឺ: កត្តាព្រះរាជា:ព្រះរាជាចាប់ពីព្រះបាទជ័យវរ្ម័នទី 2 រហូតដល់ព្រះបាទជ័យវរ្ម័នទី 7 សុទ្ធតែជាស្ដេចខ្លាំងពូកែ កត្តានយោបាយ: នយោបាយក្នុងប្រទេសបង្រួបបង្រួមជាតិកសាងនិងការពារទឹកដី នយោបាយក្រៅប្រទេស:ចងសម្ព័ន្ធមិត្តជាមួយប្រទេសធំៗវាយយករដ្ឋតូចដាក់ជាចំណុះ កត្តាសេដ្ឋកិច្ច:រីកចម្រើនលើវិស័យកសិកម្មសិប្បកម្មគណនាគម កត្តាសាសនា:ការឯកភាពគ្នារវាងសាសនាព្រាហ្មនិងព្រះពុទ្ធ កត្តាធនធានមនុស្សបន្សល់ទុកតាំងពីសម័យនគរភ្នំនិងចេនឡាមក។,កត្តាដែលធ្វើអោយសម័យអង្គររីកចម្រើនគឺ: កត្តាព្រះរាជា:ព្រះរាជាចាប់ពីព្រះបាទជ័យវរ្ម័នទី 2 រហូតដល់ព្រះបាទជ័យវរ្ម័នទី 7 សុទ្ធសឹងតែជាស្ដេចខ្លាំងពូកែ កត្តានយោបាយ: នយោបាយក្នុងប្រទេសបង្រួបបង្រួមជាតិកសាងនិងការពារទឹកដី នយោបាយក្រៅប្រទេស:ចងសម្ព័ន្ធមិត្តជាមួយប្រទេសធំៗវាយយករដ្ឋតូចដាក់ជាចំណុះ កត្តាសេដ្ឋកិច្ច:រីកចម្រើនលើវិស័យកសិកម្មសិប្បកម្មគណនាគមន៍ កត្តាសាសនា:ការឯកភាពគ្នារវាងសាសនាព្រាហ្មនិងព្រះពុទ្ធ កត្តាធនធានមនុស្សបន្សល់ទុកតាំងពីសម័យនគរភ្នំនិងចេនឡាមក។,10,10,4,1.0,0.9853515625,4,10,0,0
581,តើថ្ងៃរំដោះ៧មករា១៩៧៩ មានអត្ថន័យយ៉ាងណាខ្លះចំពោះប្រវត្តិសាស្ត្រកម្ពុជា?,ថ្ងៃរំដោះ 7 មករា 1979 មានអត្ថន័យជាប្រវត្តិសាស្រ្តដូចជា÷ -ជាថ្ងៃដែលប្រជាជនរួចផុតពីរបបប្រល័យពូជសាសន៍ -ជាថ្ងៃដែលរបបកម្ពុជាប្រជាធិបតេយ្យដួលរលំ -ជាថ្ងៃកំណើតទី 2 របស់ប្រជាជនខ្មែរ -ជាថ្ងៃដែលកងទ័ពរណសិរ្យសាមគ្គីនិងកងទ័ពរំដោះប្រជាជន បានរំដោះប្រជាជនចេញពីរបបប្រល័យពូជសាស្ត្រកម្ពុជា។,ថ្ងៃរំដោះ 7 មករា 1979 មានអត្ថន័យជាប្រវត្តិសាស្រ្តដូចជា÷ -ជាថ្ងៃដែលកងទ័ពរណសិរ្យសាមគ្គីនិងកងទ័ពរំដោះប្រជាជន បានរំដោះប្រជាជនចេញពីរបបប្រល័យពូជសាស្ត្រកម្ពុជា -ជាថ្ងៃកំណើតទី 2 របស់ប្រជាជនខ្មែរ -ជាថ្ងៃដែលរបបកម្ពុជាប្រជាធិបតេយ្យដួលរលំ -ប្រជាជនរួចផុតពីរបបប្រល័យពូជសាសន៍សម្លាប់រង្គាល។,8,5,2,0.625,0.9033203125,4,7,2,2
582,ដូចម្តេចដែលហៅថាមេយ៉ូស? ចូរនិយាយពីវគ្គផ្សេងៗនៃមេយ៉ូស។,មេយ៉ូសជាសំណុំនៃចំណែកកោសិកាពីរដងបន្តបន្ទាប់គ្នាដែលបង្កើតបានជាកោសិកាអាលូអុីតបួន ហៅថាមេយ៉ូស ។ _តេឡូផាស1 ស៊ីតូប្លាសចែកខ្លួនបានជាកោសិកាកូនពីរ ។កោសិកាកូននីមួយៗទទួលបានក្រូម៉ូសូម តែមួយពីរគូអូម៉ូឡូក ។ _ប្រផាស1 មានរយៈពេលវែង ។ _អាណាផាស1 ក្រូម៉ូសូមដំរៀបលើផ្លាស់ភ្ជាប់នឹងក្រយ៉ូងក្រូម៉ាទិចដោយសង់ក្រូងទ័ររបស់វា ។ _តេឡូផាស2 ក្រូម៉ូមនីមួយៗបានមកដល់ប៉ូលភ្នាស _មេតាផាស2 ក្រូម៉ូសូមប្រេះតាមបណ្ដោយភ្ជាប់ខ្លួនទៅនិងក្រយ៉ងក្រូម៉ាទិចដោយសង់ _ប្រូដាស2 ត្តយ៉ងអាក្រូម៉ាទិតកើតមានក្នុងកោសិកាគូនីមួយៗ _អាណាផាស2 សង់ក្រូម៉ែធ្វើចំណែកដែលនាំអោយក្រូម៉ាទិចបងប្អូនដាច់ចេញពីគ្នា ។បន្ទាប់មក ក្រូម៉ូសូមកូនទាំង2ធ្វើដំណើរឆ្ពោះទៅប៉ូលផ្ទុយគ្នារបស់ត្រយ៉ូងអាក្រូម៉ាទិច ។,មេយ៉ូសជាសំណុំនៃចំណែកកោសិកាពីរដងបន្តបន្ទាប់គ្នាដែលបង្កើតបានជាកោសិកាអាលូអុីតបួន ហៅថាមេយ៉ូស ។មានបួនវគ្គគឺ ប្រូផាស អាណាផាស មេតាផាស និង តេឡូផាស ។,10,5,2,0.5,0.463623046875,2,5,0,0
583,តើកម្ពុជាមានបេតិកភណ្ឌអ្វីខ្លះ ដែលបានចុះបញ្ជីបេតិកភណ្ឌរូបី និង អរូបីពិភពលោករបស់អង្គការយូណេស្កូ? ចូររៀបរាប់ឱ្យបានប្រាំ។,កម្ពុជាមានបេតិកភណ្ឌដែលបានចុះបញ្ជីបេតិកភណ្ឌរូបី និង អរូបីពិភពលោករបស់អង្គការយូណេស្កូដូចជា     +ល្ខោនខោល     +រមណីយដ្ឋានអង្គរ     +ចាប៉ីដងវែង     +ប្រាសាទព្រះវិហហារ     +ល្ខោនស្រមោលស្បែកធំ     +របាំព្រះរាជទ្រព្យ     +ក្រមាខ្មែរ     +គុនល្បុកតោ     +រមណីយដ្ឋានសម្បូរព្រៃគុក,កម្ពុជាមានបេតិកភណ្ឌដែលបានចុះបញ្ជីបេតិ កភណ្ឌរូបិយនិងអរូបិយពិភពលោករបស់ អង្គការយូណេស្កូមានដូចជា÷ -រមណីយដ្ឋានប្រាសាទអង្គរវត្ត  -ប្រាសាទព្រះវិហារ  -ប្រាសាទសំបូរព្រៃគុហ៍ -ល្ខោនស្រមោលស្បែកធំ -ចាប៉ីដងវែង។,5,5,4,1.0,0.93505859375,4,5,0,0
584,តើសម័យឧដុង្គចាប់ពីឆ្នាំណាដល់ឆ្នាំណា?ហេតុអ្វីបានជាប្រទេសកម្ពុជាធ្លាក់ចុះខ្សោយកាន់តែខ្លាំងនៅសម័យឧដុង្គ។ចូរពន្យល់,សម័យឧដុង្គចាប់ពីឆ្នាំ បានជាប្រទេសកម្ពុជាធ្លាក់ចុះខ្សោយកាន់តែខ្លាំងនៅសម័យឧដុង្គព្រោះ សង្គ្រាមផ្ទៃក្នុងញឹកញាប់និងការជាវជ្រៀតជ្រែកពីសៀមនិងយួន ការប្រកួតប្រជែងដណ្ដើមរាជ្យបានឡើងក្នុងចំណោមព្រះរាជវង្សានុវង្ស បែកបាក់សាមគ្គីផ្ទៃក្នុងគ្មានការសាមគ្គីរួបរួមនៅក្នុងប្រទេសជិតខាង កម្ពុជាត្រូវបែកជាពីរផ្នែកដោយសារសៀមត្រួតត្រាផ្នែកខាងលិចបាត់ដំបងសៀមរាបត្រួតត្រាខាងត្បូង បាត់បង់ទឹកដីដោយសារខេត្តជាច្រើននៅភាគខាងលិចបាត់ដំបងសៀមរាបមង្គលបុរី ត្រូវបានធ្លាក់ក្នុងកណ្ដាប់ដៃសៀមនៅឆ្នាំនិងមុនបាត់បង់ដីភាគខាងកើតនៅវៀតណាម សេដ្ឋកិច្ចពឹងផ្អែកលើវិស័យកសិកម្មបុរាណដែល សួយសារអាករឲ្យគេ ចំណែកវប្បធម៌វិញវត្តអារាមត្រូវបានបំផ្លិចបំផ្លាញ ប្រទេសជាតិខ្សោយគ្មានកម្លាំងទប់ទល់នឹងការវាយលុកពីខាងក្រៅមន្ត្រីក្បត់ជាតិច្រើន ដោយសារ រាជវង្សផ្ទៃក្នុងការដណ្ដើមអំណាចគ្នា។,សម័យឧដុង្គចាប់ពីឆ្នាំ១៦២០ដល់ឆ្នាំ១៨៦៣។ប្រទេសកម្ពុជាធ្លាក់ចុះខ្សោយកាន់តែខ្លាំងក្នុងសម័យឧដុង្គដោយសារទំនាស់ផ្ទៃក្នុងរាជវង្ស ការឈ្លានពានជាបន្តបន្ទាប់ពីសៀមនិងយួន និងការបាត់បង់ទឹកដី។,15,8,2,0.5333333333333333,0.60546875,2,9,0,1
585,តើសង្គមខ្មែរនៅសម័យអង្គរមានប៉ុន្មានវណ្ណៈ? វណ្ណៈអ្វីខ្លះ? ចូលរៀបរាប់។,សង្គមខ្មែរនៅសម័យអង្គរមានប្រាំវណ្ណៈគឺ -វណ្ណៈក្សត្រឬរាជវង្សនុវង្ស (ជាស្ដេចគ្រប់គ្រងប្រទេស -វណ្ណៈមន្ត្រី (អ្នករស់នៅក្នុងរាជវាំងបម្រើស្ដេច) -វណ្ណៈព្រាហ្ម៍ឬបុព្វជិត​(គឺជាអ្នកបួស) -វណ្ណៈអ្នកជាឬកសិករ (អ្នករស់នៅនឹងធ្វើស្រែចម្ការ) -វណ្ណៈអ្នកងារឬទាសករ(ទាសករបម្រើគេតកូនតចៅ)។,សង្គមខ្មែរនៅសម័យអង្គរមានប្រាំវណ្ណៈគឺ -វណ្ណៈក្សត្រឬរាជវង្សនុវង្ស: មានបុព្វសិទ្ធណាស់គ្មានការបង់ពន្ធ មានអំណាចគ្រប់គ្រាន់រស់នៅដោយស្រួលមិនចាំបាច់ធ្វើការងារ និងមិននឿយហត់ទេ -វណ្ណៈមន្ត្រី: ឋានានុក្រមរបស់ពួកគេអាចសម្គាល់តាមរយៈឥស្សតិយយសនិងចំនួនផ្ទះប្រកក្បឿងរបស់ពួកគេ។ -វណ្ណៈអ្នកបួសឬបុព្វជិត​: មានពួកប៉ាន់ឃាប ព្រាហ្ម៍បុរោហិត ជូគូនិងប៉ាវីស៊ី។ -វណ្ណៈអ្នកជា:ពួកមានឋន្តះដូចពួកឈ្មួញសិប្បករ កសិករនិងប្រជារាស្រ្ដសាមញ្ញ -វណ្ណៈអ្នកងារឬទាសករ:ពួកនេះជាអ្នកបម្រើគេអស់មួយជីវិតតកូនតចៅនេះមានឋានៈទាបបំផុតហើយត្រូវទៅធ្វើការតាមបញ្ជាគេដាក់ឲ្យនឹងគ្មានប្រាក់កម្រៃទេ។ពួកទាសកនេះមានទាសករឈ្លើយសឹក ទាសករតពូជ ទាសករជាជនជាតិភាគតិចនិងទាសករដែលគេចាប់យកមកលក់។,10,10,4,1.0,0.978515625,4,10,0,0
586,បុព្វហេតុអ្វីខ្លះដែលនាំឲ្យអាណាចក្រចេនឡាបែកបាក់ជាពីរគឺអាណាចក្រចេនឡាដីគោកនិងចេនឡាទឹកលិច?,បុព្វហេតុដែលនាំហើយអាណាចក្រចេនឡាបែកជាពីរគឺ -វិសាលភាពទឹកដីធំទូលាយ -ចម្បាំងអត់ឈប់ឈរ -សមន្ដរដ្ឋបះបោរចង់ផ្ដាច់ខ្លួន -វិបត្តិផ្ទៃក្នុង -ព្រះនាងជ័យទេវីគ្មានសមត្ថភាពគ្រប់គ្រង។,បុព្វហេតុដែលនាំហើយអាណាចក្រចេនឡាបែកជាពីរគឺ -វិសាលភាពទឹកដីធំទូលាយ -ចម្បាំងអត់ឈប់ឈរ -សមន្ដរដ្ឋបះបោរចង់ផ្ដាច់ខ្លួន -វិបត្តិផ្ទៃក្នុង -ព្រះនាងជ័យទេវីគ្មានសមត្ថភាពគ្រប់គ្រង។,7,7,4,1.0,0.98779296875,4,7,0,0
587,សេដ្ឋកិច្ចកម្ពុជាពឹងផ្អែកលើវិស័យកសិកម្មជាសំខាន់៖ ​ក.​ ហេតុអ្វីបានជាគេនិយាយថាកម្ពុជាជាប្រទេសកសិកម្ម? ខ. តើគេចែកកសិករទាំងនោះជាប៉ុន្មានប្រភេទ?,សេដ្ឋកិច្ចកម្ពុជាបានផ្អែកលើវិស័យកសិកម្មជាសំខាន់៖ ក​. បានជាគេនិយាយថាប្រទេសកម្ពុជាជាប្រទេសកសិកម្មដោយសារ -ផ្ទៃដីនៅប្រទេសកម្ពុជាប្រហែល៩០ភាគរយសិតតែដំណាំស្រូវ -ប្រជាជនកកម្ពុជា ៧០.៣ភាគរយធ្វើកសិកម្ម -កសិកម្មជួយឲ្យប្រជាជនកម្ពុជាមានការងារធ្វើ -ប្រជាជននិយមធ្វើកសិកម្ម -ដីនៅកម្ពុជាប្រកបជាមួយកាធ្វើកសិកម្ម -កម្ពុជាមានអាកាសធាតុសមស្របសម្រាប់ធ្វើកសិកម្ម ខ. គេចែកកសិកម្មទាំងនោះជាពីរប្រភេទ៖ +កសិករខ្នាតតូច -ធ្វើកសិកម្មដើម្បីជីវិត -ធ្វើលក្ខណៈតិចតួច ទុកតែបរិភោគសម្រាប់គ្រួសារ -មិនលក់ឲ្យអ្នកណា +កសិករខ្នាតធំ -ធ្វើកសិកម្មច្រើនហើយទុកសម្រាប់លក់ឬនាំចេញទៅក្រៅប្រទេស -ធ្វើមួយឆ្នាំអាចទៅពីរលើក -ធ្វើលក្ខណៈច្រើន ដើម្បីលក់និងនាំចេញ។,សេដ្ឋកិច្ចកម្ពុជាបានផ្អែកលើវិស័យកសិកម្មជាសំខាន់ដូចជា៖ ក. កម្ពុជាសម្បូរទៅដីមានជីវជាតិ -មានប្រព័ន្ធធានាសាស្រ្តគ្រប់គ្រាន់ -ជាប្រទេសរីកចម្រើនផ្នែកកសិកម្មស្រាប់ -អាចធ្វើកសិកម្មបែបបុរាណនិងសម័យបាន -ផលិតផលកសិកម្មមានគុណភាពខ្ពស់។ ខ. គេចែកកសិករទាំងនោះជាប៉ុន្មានប្រភេទ -កសិករធ្វើស្រែ -កសិករមិនធ្វើស្រែ -កសិករធ្វើចម្ការមិនដាំស្រូវ។,15,11,3,0.7333333333333333,0.3916015625,2,6,1,5
588,ហេតុអ្វីបានជាមនុស្សស្រូបយកខ្យល់ដែលមានកាបូនម៉ណូអុកស៊ីតអាចបង្កគ្រោះថ្នាក់ដល់ស្លាប់បាន?,បានជាមនុស្សស្រូបយកខ្យល់ដែលមានកាបូនម៉ូណូអុកស៊ីដអាចបង្កឲ្យមានគ្រោះថ្នាក់ដល់ស្លាប់ បានព្រោះកាបូនម៉ូណូអុកស៊ីដមានសមត្ថភាពចាប់យក ក្នុងឈាមបានខ្លាំងជាងអុកស៊ីសែន វារារាំងឈាមមិនឲ្យដឹកនាំអុកស៊ីសែនទៅចិញ្ចឹមសរីរាង្គជាពិសេសខួរក្បាលដែលបណ្តាលឲ្យ ស្លាប់និង សន្លប់ ។,បានជាមនុស្សស្រូបយកខ្យល់ដែលមាន កាបូនម៉ូណូអុកស៊ីដអាចបង្កគ្រោះថ្នាក់ដល់ស្លាប់បានព្រោះ វាជាខ្យល់ពុលដែលមានពោរពេញដោយបរិយាកាសជុំវិញខ្លួន ។,5,4,3,0.8,0.5810546875,2,3,1,1
589,ដូចម្តេចដែលហៅថាមេយ៉ូស? ចូរនិយាយពីវគ្គផ្សេងៗនៃមេយ៉ូស។,មេយ៉ូសជាសំណុំនៃចំណែកកោសិកាពីរដងបន្តបន្ទាប់គ្នាដែលបង្កើតបានជាកោសិកាអាលូអុីតបួន ហៅថាមេយ៉ូស ។ _តេឡូផាស1 ស៊ីតូប្លាសចែកខ្លួនបានជាកោសិកាកូនពីរ ។កោសិកាកូននីមួយៗទទួលបានក្រូម៉ូសូម តែមួយពីរគូអូម៉ូឡូក ។ _ប្រផាស1 មានរយៈពេលវែង ។ _អាណាផាស1 ក្រូម៉ូសូមដំរៀបលើផ្លាស់ភ្ជាប់នឹងក្រយ៉ូងក្រូម៉ាទិចដោយសង់ក្រូងទ័ររបស់វា ។ _តេឡូផាស2 ក្រូម៉ូមនីមួយៗបានមកដល់ប៉ូលភ្នាស _មេតាផាស2 ក្រូម៉ូសូមប្រេះតាមបណ្ដោយភ្ជាប់ខ្លួនទៅនិងក្រយ៉ងក្រូម៉ាទិចដោយសង់ _ប្រូដាស2 ត្តយ៉ងអាក្រូម៉ាទិតកើតមានក្នុងកោសិកាគូនីមួយៗ _អាណាផាស2 សង់ក្រូម៉ែធ្វើចំណែកដែលនាំអោយក្រូម៉ាទិចបងប្អូនដាច់ចេញពីគ្នា ។បន្ទាប់មក ក្រូម៉ូសូមកូនទាំង2ធ្វើដំណើរឆ្ពោះទៅប៉ូលផ្ទុយគ្នារបស់ត្រយ៉ូងអាក្រូម៉ាទិច ។,មេយ៉ូសជាសំណុំនៃចំណែកកោសិកាពីរដងបន្តបន្ទាប់គ្នាដែលបង្កើតបានជាកោសិកាអាលូអុីតបួន ហៅថាមេយ៉ូស ។មានបួនវគ្គគឺ ប្រូផាស អាណាផាស មេតាផាស និង តេឡូផាស ។,10,4,2,0.4,0.463623046875,2,5,0,1
590,តើព្រះបាទពញាយ៉ាតមានបុត្រប៉ុន្មានអង្គព្រះនាមអ្វីខ្លះ?ជាមួយអ្នកម្នាងណាខ្លះ?,ព្រះបាទពញាយ៉ាតមានបុត្របីអង្គគឺ នារាយណ៍រាជា ជាបុត្រជាមួយម្នាងទេវី ស្រីរាជាជាបុត្រជាមួយបុទុមកេសរ និងធម្មរាជាជាបុត្រជាមួយសុីសង៉ាម(បុត្រីស្ដេចសៀម)។,ព្រះបាទពញាយ៉ាតមានបុត្របីអង្គគឺ នារាយណ៍រាជា ជាបុត្រជាមួយម្នាងទេវី ស្រីរាជាជាបុត្រជាមួយបុទុមកេសរ និងធម្មរាជាជាបុត្រជាមួយសុីសង៉ាម(បុត្រីស្ដេចសៀម)។,5,5,4,1.0,0.9755859375,4,5,0,0
591,ចូររៀបរាប់អំពីទំនាក់ទំនងរវាងការដាំដុះអាជីវកម្មព្រៃឈើនិងនេសាទ។,ទំនាក់ទំនងរវាង ការដាំដុះអាជីវកម្មព្រៃឈើ និងការនេសាទ៖  _ ការដាំដុះអាជីវកម្មព្រៃឈើ និងការនេសាទ ជាភោគទ្រព្យយ៉ាងសំខាន់សម្រាប់ប្រជាជនក្នុងការទ្រទ្រង់ក្នុងជីវភាពរស់នៅនិងការអភិវឌ្ឍន៍ប្រទេសជាតិ   _ ដើម្បីបំពេញតម្រូវការក្នុងកសិកម្មផលិតកម្មនិងត្រូវការផ្សេងៗ មនុស្សនាំគ្នាកាប់ព្រៃឈើដើម្បីធ្វើអាជីវកម្មព្រៃឈើជាមូលហេតុធ្វើឲ្យអាកាសធាតុប្រែប្រួលប៉ះពាល់ដល់ជីវិតមនុស្ស សត្វ និងរុក្ខជាតិ  ​ _ អតិផលនៃប្រព័ន្ធកសិកម្ម នាំឲ្យមានកំណើននៃការប្រើប្រាស់គីមីនិងថ្នាំសម្លាប់សត្វល្អិត។ ជីគីមី និងថ្នាំសម្លាប់សត្វល្អិត ទាំងនោះហូរទៅផ្ដុំគ្នានៅតាមផ្លូវទឹកនានា បំផ្លាញជីវិតសត្វនិងពូជធម្មជាតិ។,ទំនាក់ទំនងរវាងការដាំដុះអាជីវកម្មព្រៃឈើ និងការនេសាទព្រោះ៖  _ ផ្ដល់ជាប្រព័ន្ធជីវៈចម្រុះ  _ ផ្ដល់ចំណីដល់សត្វព្រៃ  _ សម្បូរដីដាំដុះ  _ ផ្ដល់ជាជម្រកដល់កសិដ្ឋាន កសិករ  _ ផ្ដល់ជាគម្របព្រៃឈើ  _ ប្រជាជនមានការងារធ្វើ  _ មានជីវភាពសមរម្យ។,15,5,1,0.3333333333333333,0.1380615234375,1,2,0,3
592,តើអាណាចក្រភ្នំមានព្រំប្រទល់ជាប់ប្រទេសណាខ្លះ?,អាណាចក្រភ្នំមានព្រំប្រទល់ជាប់ប្រទេសដូចជា -ខាងជើងជាប់ចិន -ខាងត្បូងជាឈូងសមុទ្រខ្មែរ -ខាងកើតជាប់រដ្ឋចម្ប៉ា -ខាងលិចជាប់រដ្ធមនឬភូមា។,អាណាចក្រភ្នំមានព្រំប្រទល់ខាងជើងជាប់នឹងប្រទេសចិន(រដ្ឋណានឆាវនិងតុងតឹង)ខាងកើតជាប់រដ្ឋចម្ប៉ា(ឈូងសមុទ្រចិន)និងខាងត្បូងជាប់និងឈូងសមុទ្រខ្មែរ(នគរភ្នំ)និងខាងលិចជាប់រដ្ឋមនឬភូមា។,6,6,4,1.0,0.984375,4,6,0,0
593,ចូរនិយាយពីកំណកាម៉ែតញី។,ការស្ថិតនៅក្រោមសារពាង្គកាយនៃពងស្វាសមានសារៈសំខាន់ដូចជាដើម្បីរក្សាសីតុណ្ហភាពឲ្យ ទាបជាងសីតុណ្ហភាពក្នុងខ្លួន ប្រហែលពី(2-3)សីតុណ្ហភាពក្នុងខ្លួន37 ។,កំណកាម៉ែតញីដំបូងកោសិកាពូជមួយរួមចំណែកពីរដងបន្តបន្ទាប់គ្នា បានកោសិកាអូវ៉ូកូរី4 ។ អូវ៉ូកូរីនីមួយៗរីកមាឌអាចជាអូវ៉ូស៊ីត1 ។អូវ៉ូស៊ីតមួយរងចំណែកមួយនៃមេយោធាហើយត្រូវបាន ឈប់គាំងនៅវគ្គប្រផ្ដាស1 ។ក្រោយមកពេលគ្រប់អូវ៉ូស៊ីតមួយបន្តធ្វើចំណែកហើយត្រូវបានបញ្ចប់ នៅរយៈពេល6ម៉ោង ។,10,5,2,0.5,0.425048828125,2,4,0,1
594,តើអាណាចក្រភ្នំមានព្រំប្រទល់ជាប់ប្រទេសណាខ្លះ?,អាណាចក្រភ្នំមានព្រំប្រទល់ជាប់ប្រទេសដូចជា -ខាងជើងជាប់ចិន -ខាងត្បូងជាឈូងសមុទ្រខ្មែរ -ខាងកើតជាប់រដ្ឋចម្ប៉ា -ខាងលិចជាប់រដ្ធមនឬភូមា។,អាណាចក្រភ្នំមានព្រំប្រទល់ខាងជើងជាប់នឹងប្រទេសចិន(រដ្ឋណានឆាវនិងតុងតឹង)ខាងកើតជាប់រដ្ឋចម្ប៉ា(ឈូងសមុទ្រចិន)និងខាងត្បូងជាប់និងឈូងសមុទ្រខ្មែរ(នគរភ្នំ)និងខាងលិចជាប់រដ្ឋមនឬភូមា។,6,6,4,1.0,0.984375,4,6,0,0
595,តើអាណាចក្រភ្នំមានព្រំប្រទល់ជាប់ប្រទេសណាខ្លះ?,អាណាចក្រភ្នំមានព្រំប្រទល់ជាប់ប្រទេសដូចជា -ខាងជើងជាប់ចិន -ខាងត្បូងជាឈូងសមុទ្រខ្មែរ -ខាងកើតជាប់រដ្ឋចម្ប៉ា -ខាងលិចជាប់រដ្ធមនឬភូមា។,អាណាចក្រភ្នំមានព្រំប្រទល់ខាងជើងជាប់នឹងប្រទេសចិន(រដ្ឋណានឆាវនិងតុងតឹង)ខាងកើតជាប់រដ្ឋចម្ប៉ា(ឈូងសមុទ្រចិន)និងខាងត្បូងជាប់និងឈូងសមុទ្រខ្មែរ(នគរភ្នំ)និងខាងលិចជាប់រដ្ឋមនឬភូមា។,6,6,4,1.0,0.984375,4,6,0,0
596,តើកម្ពុជាមានបេតិកភណ្ឌអ្វីខ្លះ ដែលបានចុះបញ្ជីបេតិកភណ្ឌរូបី និង អរូបីពិភពលោករបស់អង្គការយូណេស្កូ? ចូររៀបរាប់ឱ្យបានប្រាំ។,កម្ពុជាមានបេតិកភណ្ឌដែលបានចុះបញ្ជីបេតិកភណ្ឌរូបី និង អរូបីពិភពលោករបស់អង្គការយូណេស្កូដូចជា     +ល្ខោនខោល     +រមណីយដ្ឋានអង្គរ     +ចាប៉ីដងវែង     +ប្រាសាទព្រះវិហហារ     +ល្ខោនស្រមោលស្បែកធំ     +របាំព្រះរាជទ្រព្យ     +ក្រមាខ្មែរ     +គុនល្បុកតោ     +រមណីយដ្ឋានសម្បូរព្រៃគុក,កម្ពុជាមានបេតិកភណ្ឌដែលបានចុះបញ្ជីបេតិកភណ្ឌរូបី និង អរូបីពិភពលោករបស់អង្គការយូណេស្កូដូចជា     +ល្ខោនខោល     +រមណីយដ្ឋានអង្គរ     +ចាប៉ីដងវែង     +ប្រាសាទព្រះវិហហារ     +ល្ខោនស្រមោលស្បែកធំ     +របាំព្រះរាជទ្រព្យ     +ក្រមាខ្មែរ     +គុនល្បុកតោ     +រមណីយដ្ឋានសម្បូរព្រៃគុក,5,5,4,1.0,0.96630859375,4,5,0,0
597,សេដ្ឋកិច្ចកម្ពុជាពឹងផ្អែកលើវិស័យកសិកម្មជាសំខាន់៖ ​ក.​ ហេតុអ្វីបានជាគេនិយាយថាកម្ពុជាជាប្រទេសកសិកម្ម? ខ. តើគេចែកកសិករទាំងនោះជាប៉ុន្មានប្រភេទ?,សេដ្ឋកិច្ចកម្ពុជាបានផ្អែកលើវិស័យកសិកម្មជាសំខាន់៖ ក​. បានជាគេនិយាយថាប្រទេសកម្ពុជាជាប្រទេសកសិកម្មដោយសារ -ផ្ទៃដីនៅប្រទេសកម្ពុជាប្រហែល៩០ភាគរយសិតតែដំណាំស្រូវ -ប្រជាជនកកម្ពុជា ៧០.៣ភាគរយធ្វើកសិកម្ម -កសិកម្មជួយឲ្យប្រជាជនកម្ពុជាមានការងារធ្វើ -ប្រជាជននិយមធ្វើកសិកម្ម -ដីនៅកម្ពុជាប្រកបជាមួយកាធ្វើកសិកម្ម -កម្ពុជាមានអាកាសធាតុសមស្របសម្រាប់ធ្វើកសិកម្ម ខ. គេចែកកសិកម្មទាំងនោះជាពីរប្រភេទ៖ +កសិករខ្នាតតូច -ធ្វើកសិកម្មដើម្បីជីវិត -ធ្វើលក្ខណៈតិចតួច ទុកតែបរិភោគសម្រាប់គ្រួសារ -មិនលក់ឲ្យអ្នកណា +កសិករខ្នាតធំ -ធ្វើកសិកម្មច្រើនហើយទុកសម្រាប់លក់ឬនាំចេញទៅក្រៅប្រទេស -ធ្វើមួយឆ្នាំអាចទៅពីរលើក -ធ្វើលក្ខណៈច្រើន ដើម្បីលក់និងនាំចេញ។,សេដ្ឋកិច្ចកម្ពុជាបានផ្អែកលើវិស័យកសិកម្មជាសំខាន់៖ ក. បានជាគេនិយាយថាកម្ពុជាជាប្រទេសកសិកម្មគឺដោយសារនៅឆ្នាំ ២០០៨ ប្រជាជនកម្ពុជាភាគច្រើននាំគ្នាធ្វើ កសិកម្មពិសេសអ្នកជនបទ។ កម្ពុជាសម្បូរដោយដីមានជីវជាតិនិងវាលទំនាបពិសេសប្រទេសកម្ពុជាស្ថិតនៅ តំបន់ត្រូពិចដែលអំណោយផលដល់ការដាំដុះនិងមានរដូវ២ច្បាស់លាស់គឺ រដូវប្រាំង និងរដូវស្សា ដែលមានភាព ងាយស្រួលដល់កសិករក្នុងការធ្វើកសិកម្ម។ ខ. គេចែកកសិករទាំងនោះជា ៣ ប្រភេទដូចជា៖ -កសិករដាំស្រូវ -កសិករឡើងត្នោត -កសិករព្រៃឈើ។,15,8,2,0.5333333333333333,0.6484375,3,10,1,2
598,តើប្រព័ន្ធផលិតកម្មកសិកម្មនៅប្រទេសកម្ពុជាមានអ្វីខ្លះ?,ប្រព័ន្ធផលិតកម្មកសិកម្មនៅកម្ពុជាមានដូចជាដំណាំដំណាំស្រូវនិងកៅស៊ូដឹកនាំផ្សេងៗទៀតការចិញ្ចឹមសត្វបានចិញ្ចឹមសត្វលើគោកការចិញ្ចឹមសត្វក្នុងទឹកការនេសាទការនេសាទទឹកសាបការនេសាទទឹកប្រៃ  ព្រៃឈើអនុផលព្រៃឈើរកឃ្មុំជ័រទឹកក្តៅសត្វព្រៃ,ប្រព័ន្ធផលិតកម្មកសិកម្មនៅប្រទេសកម្ពុជាមាន,15,0,0,0.0,0.055511474609375,0,1,0,1
599,តើកត្តាអ្វីខ្លះដែលបណ្ដាលឲ្យសៀមវាយបែកបន្ទាយលង្វែក?,កត្តាដែលបណ្ដាលឲ្យសៀមវាយបន្ទាយលង្វែកព្រះរាជាព្រះសត្ថាទីមួយឆោតល្ងង់ទៅជួយរំដោះក្រុងឰយុធ្យារបស់សៀមមកពីការត្រួតត្រាភូមាសៀមរមិលគុណប្រើល្បិចបញ្ជូនសល់ពីរអង្គ យកការវិបត្តិផ្ទៃក្នុងជាជួរជលសារលោករវល់ នាដើមម៉ឺនមន្ត្រីប្រជារាស្ត្រមិនពេញចិត្តដែលតែងទៅកូនអាយុដប់មួយវស្សា ឲ្យកូនរៀននៅ ក្នុងនាម មហាឧបរាជ ធ្វើឲ្យប្រជារាស្ត្របាត់បង់ស្មារតីប្រយុទ្ធប្រជារាស្ត្រខ្មែរក្រីក្រឆោតល្ងង់ចង់បានប្រាក់ដួលក៏នាំគ្នាកាប់ឆ្ការគុម្ពឫស្សីដែលជារបងការពារបន្ទាយលង្វែកដ៏រឹងមាំ រីប្រទេសខ្មែរហាក់បីដូចជាបាត់បង់សាមគ្គីដូចជាស្ថានីយមួយនាំកូនទាំងពីររត់ភៀសខ្លួនទៅប្រទេសឡាវមិនគិតពីប្រជារាស្ត្រនាំឲ្យប្រជាជន អស់ជំនឿ,កត្តាដែលធ្វើឲ្យសៀមវាយបែកបន្ទាយលង្វែក បែកបាក់សាមគ្គីភាព,10,2,1,0.2,0.19091796875,1,2,0,0
600,តើកត្តាអ្វីខ្លះដែលបណ្ដាលឲ្យសៀមវាយបែកបន្ទាយលង្វែក?,កត្តាដែលបណ្ដាលឲ្យសៀមវាយបន្ទាយលង្វែកព្រះរាជាព្រះសត្ថាទីមួយឆោតល្ងង់ទៅជួយរំដោះក្រុងឰយុធ្យារបស់សៀមមកពីការត្រួតត្រាភូមាសៀមរមិលគុណប្រើល្បិចបញ្ជូនសល់ពីរអង្គ យកការវិបត្តិផ្ទៃក្នុងជាជួរជលសារលោករវល់ នាដើមម៉ឺនមន្ត្រីប្រជារាស្ត្រមិនពេញចិត្តដែលតែងទៅកូនអាយុដប់មួយវស្សា ឲ្យកូនរៀននៅ ក្នុងនាម មហាឧបរាជ ធ្វើឲ្យប្រជារាស្ត្របាត់បង់ស្មារតីប្រយុទ្ធប្រជារាស្ត្រខ្មែរក្រីក្រឆោតល្ងង់ចង់បានប្រាក់ដួលក៏នាំគ្នាកាប់ឆ្ការគុម្ពឫស្សីដែលជារបងការពារបន្ទាយលង្វែកដ៏រឹងមាំ រីប្រទេសខ្មែរហាក់បីដូចជាបាត់បង់សាមគ្គីដូចជាស្ថានីយមួយនាំកូនទាំងពីររត់ភៀសខ្លួនទៅប្រទេសឡាវមិនគិតពីប្រជារាស្ត្រនាំឲ្យប្រជាជន អស់ជំនឿ,កត្តាដែលបណ្ដាលឲ្យសៀមវាយយកបន្ទាយលង្វែកព្រោះ សត្ថាទីមួយឆោតល្ងង់ទៅជួយរំដោះក្រុងឰយុធ្យារបស់ពួកសៀមពីការត្រួតត្រារបស់ភូមា សៀម ពួកវារមិលគុណប្រើល្បិចបញ្ជូនពីក្បាលមកយកការណ៍ក្នុងបន្ទាយលង្វែកនិងប្រើល្បិចបាចប្រាក់ដួងចូលក្នុងគុម្ពឫស្សី វិបត្តិផ្ទៃក្នុង រាជវង្សសានុវង្ស នាម៉ឺនមន្ត្រី ប្រជារាស្ត្រ មិនពេញចិត្តនឹងព្រះរាជា តែងតាំងកូនអាយុដប់មួយវស្សាឲ្យគ្រប់គ្រងរាជធានីនិងប្រាំមួយវស្សាជាមហាឧបរាជ បានធ្វើឲ្យប្រជារាស្ត្របាត់បង់ស្មារតីតតាំងប្រយុទ្ធនឹងសង្គ្រាម ប្រជារាស្ត្រខ្មែរ ក្នុងនោះចង់បានប្រាក់ដួងក៏នាំគ្នាកាប់ឆ្ការគុម្ពឫស្សីដែលជារបងការពារបន្ទាយលង្វែកដ៏រឹងមាំ សាមគ្គីភាពប្រជាជនខ្មែរហាក់ដូចជាបាត់បង់សាមគ្គីភាព ដូចជាសាខាទីមួយនាំកូនទាំងពីររត់ភៀសខ្លួនទៅប្រទេសឡាវដោយមិនដោយមិនគិតពីប្រជារាស្ត្រនាំឲ្យប្រជាជនអស់ជំនឿ។,10,10,4,1.0,0.931640625,4,9,0,1
601,តើព្រះអង្គឌួងមានស្នាព្រហស្ថអ្វីខ្លះចំពោះប្រទេសជាតិនិងប្រជារាស្ត្រខ្មែរ?,ព្រះបាទអង្គឌួងមានស្នាព្រហស្តដូចជាផ្នែករដ្ឋបាលរៀបចំប្រព័ន្ធរដ្ឋបាលនិងច្បាប់ទម្លាប់ស្ដារឡើងវិញមានរបៀបផ្នែកសេដ្ឋកិច្ចលើកស្ទួយវិស័យកសិកម្មជួសជុលប្រព័ន្ធ សេះនិងពាណិជ្ជកម្ម ភ្នែកបរទេសស្វែងរកជំនួយពីបារាំងដើម្បីទប់ទល់នឹងការត្រួតត្រាយួននិងសៀម ផ្នែកវប្បធម៌លើកស្ទួយវប្បធម៌អក្សរសាស្ត្រខ្មែរនិង សាសនា កត្តាផ្ទៃក្នុង ការបែកបាក់រាជវង្សានុវង្សបែកបាក់សាមគ្គី។,ព្រះអង្គឌួងមានស្នាព្រហស្តដូចជានយោបាយទាមទារទឹកដីដែលបាត់បង់មកវិញនិងស្វែងរកកិច្ចការពារពីប្រទេសបារាំងដើម្បីប្រទេសពីការ ត្រួតត្រារបស់សៀមយួន វប្បធម៌ លើកស្ទួយអក្សរសាស្ត្រខ្មែរនិពន្ធរឿងកាកីនិងជួសជុលវត្តអារាម សេដ្ឋកិច្ច បោះពុម្ពប្រាក់ដួងប្រើប្រាស់និងកសាងផ្លូវថ្នល់ផ្លូវពីឧត្តុង្គទៅកំពត។,15,13,3,0.8666666666666667,0.8505859375,3,13,0,0
602,តើឧស្សាហកម្មមានតួនាទីដូចម្ដេចខ្លះចំពោះសេដ្ឋកិច្ចជាតិ?,ឧស្សាហកម្មមាន​តួនាទីចំពោះសេដ្ឋកិច្ចជាតិដូចជា ៖ ​ _ ជួយបង្កើតថវិការជាតិ ​ _ ជួយបង្កើតទិន្នផលជាតិ ​​ _ ជួយឲ្យសេដ្ឋកិច្ចជាតិរីកចម្រើន  _ ប្រជាជនសំបូរធូរធារ  _អភិវឌ្ឍគ្រប់វិស័យ  _ មានទំនាក់ទំនងល្អជាមួយអ្នកជិតខាង  _ មានភាពរុងរឿងនៅក្នុងប្រទេសជាតិ។,ឧស្សាហកម្មមានតួនាទីចំពោះសេដ្ឋកិច្ចដូចជា៖,15,0,0,0.0,0.31103515625,1,5,1,5
603,តើសេដ្ឋកិច្ចកម្ពុជាពឹងផ្អែកលើវិស័យអ្វីជាសំខាន់?     ក/ ហេតុអ្វីបានជាគេនិយាយថាកម្ពុជាជាប្រទេសកសិកម្ម?     ខ/ តើគេចែកកសិករជាប៉ុន្មានប្រភេទ?អ្វីខ្លះ?,សេដ្ឋកិច្ចកម្ពុជាពឹងផ្អែកលើវិស័យកសិកម្មជាសំខាន់។   ក/ បានជាគេនិយាយថាកម្ពុជាជាប្រទេសឧស្សាហកម្មព្រោះ៖  _  សណ្ឋានដី : ដីមានជីវជាតិល្អនិងសម្បូរទំនាបល្បាប់   _ ផ្លូវទឹក : ផ្លូវទឹកខ្វាត់ខ្វែងងាយស្រួលដល់ការដាំដុះ  _ ប្រជាជន : ប្រជាជនខ្មែរភាគច្រើនចូលចិត្តធ្វើកសិកម្ម  _ អាកាសធាតុ : ទទួលអាកាសធាតុក្តៅសើម  _ កសិកម្មផ្តល់ផល50%នៃផលិតផលជាតិសរុប។  ខ/ គេចែកកសិករទាំងនោះជា4ប្រភេទគឺ៖  _ កសិករធ្វើស្រែឬអ្នកស្រែ : និយមធ្វើស្រែ ស្រូវប្រាំង ស្រូវវស្សា ស្រូវឡើងទឹក  _ កសិករតំបន់ដីខ្ពស់ : គេដាំដំណាំជាអចិន្ត្រៃយ៍(ពោត ដំឡូង ចេក កៅស៊ូសណ្តែក)  _ កសិករធ្វើចម្ការដំណាំស្រូវ : គេដាំដំណាំតាមមាត់ទន្លេ ចិញ្ចឹមសត្វនិងនេសាទ  _ កសិករភូមិភាគឦសាន: គេធ្វើដំណាំព្រៃដុតមានដូចជាពោត ដំឡូង ស្រូវរុក្ខជាតិយកមើមដទៃទៀត និងបរបាញ់សត្វផងដែរ។,ក/ សេដ្ឋកិច្ចពឹងផ្អែកលើវិស័យកសិកម្មជាសំខាន់ ព្រោះគេនិយាយថាប្រទេសកម្ពុជាជាប្រទេសកសិកម្ម ព្រោះកម្ពុជាស្ថិតនៅតំបន់ត្រូពិចក្តៅហើយសើម ជាតំបន់ទំនាបកណ្ដាល និងតំបន់ខ្ពង់រាបមានភ្លៀងធ្លាក់ច្រើនសណ្ឋានដីសើម និងក្តៅមានសារធាតុសម្បូរទៅដោយប្រើធារាសាស្រ្ត  និងមានផ្ទៃដីដាំដុះប្រហែល 90% នៃផ្ទៃដីអនុគ្រោះដល់កសិករក្នុងការកសិកម្ម ។ ខ/ គេចែកកសិករទាំងនោះជា ២ ប្រភេទគឺ៖   _សកម្ម   _និងអសកម្ម ។,20,12,2,0.6,0.314453125,1,6,1,6
604,តើប្រព័ន្ធផលិតកម្មកសិកម្មនៅក្នុងប្រទេសកម្ពុជាមានអ្វីខ្លះ?ចូររៀបរាប់​ ។,ប្រព័ន្ធផលិតកម្មកសិកម្មនៅប្រទេសកម្ពុជាមាន៖    _ ដំណាំ : ដំណាំស្រូវ ដំណាំកៅស៊ូ ដំណាំផ្សេងៗទៀត    _ ការចិញ្ចឹមសត្វ : ការចិញ្ចឹមសត្វលើគោក ការចិញ្ចឹមសត្វក្នុងទឹក    _ ការនេសាទ : ការនេសាទទឹកសាប ការនេសាទទឹកប្រៃ  _ ព្រៃឈើ : ផលិតផលឈើ អនុផលព្រៃឈើ(រកឃ្មុំ ជ័រទឹក វល្លិ៍ ផ្តៅ) សត្វព្រៃ ។,ប្រព័ន្ធផលិតកម្មនៅប្រទេសកម្ពុជារួមមាន៖ -ការដាំស្រូវកៅស៊ូនិងដំណាំផ្សេងផ្សេងនិង +នេសាទនេសាទទឹកសាបដែលនេសាទត្រីការ -ចិញ្ចឹមសត្វចិញ្ចឹមសត្វលើគោកជើងទឹក  -ការយកឃ្មំុ  -ការកាប់ព្រៃឈើ។,10,10,4,1.0,0.58837890625,2,6,2,4
605,តើសេដ្ឋកិច្ចកម្ពុជាពឹងផ្អែកលើវិស័យអ្វីជាសំខាន់?     ក/ ហេតុអ្វីបានជាគេនិយាយថាកម្ពុជាជាប្រទេសកសិកម្ម?     ខ/ តើគេចែកកសិករជាប៉ុន្មានប្រភេទ?អ្វីខ្លះ?,សេដ្ឋកិច្ចកម្ពុជាពឹងផ្អែកលើវិស័យកសិកម្មជាសំខាន់។   ក/ បានជាគេនិយាយថាកម្ពុជាជាប្រទេសឧស្សាហកម្មព្រោះ៖  _  សណ្ឋានដី : ដីមានជីវជាតិល្អនិងសម្បូរទំនាបល្បាប់   _ ផ្លូវទឹក : ផ្លូវទឹកខ្វាត់ខ្វែងងាយស្រួលដល់ការដាំដុះ  _ ប្រជាជន : ប្រជាជនខ្មែរភាគច្រើនចូលចិត្តធ្វើកសិកម្ម  _ អាកាសធាតុ : ទទួលអាកាសធាតុក្តៅសើម  _ កសិកម្មផ្តល់ផល50%នៃផលិតផលជាតិសរុប។  ខ/ គេចែកកសិករទាំងនោះជា4ប្រភេទគឺ៖  _ កសិករធ្វើស្រែឬអ្នកស្រែ : និយមធ្វើស្រែ ស្រូវប្រាំង ស្រូវវស្សា ស្រូវឡើងទឹក  _ កសិករតំបន់ដីខ្ពស់ : គេដាំដំណាំជាអចិន្ត្រៃយ៍(ពោត ដំឡូង ចេក កៅស៊ូសណ្តែក)  _ កសិករធ្វើចម្ការដំណាំស្រូវ : គេដាំដំណាំតាមមាត់ទន្លេ ចិញ្ចឹមសត្វនិងនេសាទ  _ កសិករភូមិភាគឦសាន: គេធ្វើដំណាំព្រៃដុតមានដូចជាពោត ដំឡូង ស្រូវរុក្ខជាតិយកមើមដទៃទៀត និងបរបាញ់សត្វផងដែរ។,សេដ្ឋកិច្ចកម្ពុជាពឹងផ្អែកលើវិស័យកសិកម្មសំខាន់ ក- ប្រទេសកម្ពុជាជាប្រទេសកសិកម្មពីព្រោះ -ផ្ទៃដីកម្ពុជាអំណោយផលដល់កសិកម្មគ្រប់ប្រភេទមានវាលទំនាបខ្ពង់រាបអាកាសធាតុទៀងទាត់ខ្យល់មូសុងដែលមានសំណើមនូវកម្ដៅគ្រប់គ្រាន់(ផ្ទៃដីកសិកម្មមាន៩០%) -ប្រជាជនធ្វើកសិកម្មច្រើនតែជួយផ្ដល់ការងារដល់ប្រជាជន(កសិករមាន៧២.៣%) -ជួយដល់សេដ្ឋកិច្ចគ្រួសារនិងជាតិ -សម្រាប់ផ្គត់ផ្គង់ក្នុងស្រុកនិងសសម្រាប់នាំចេញ  -ស្រូវជាអាហារចាំបាច់សម្រាប់ប្រជាជន -ផ្ដល់នូវវត្ថុធាតុដើមសម្រាប់ឧស្សាហកម្ម(កៅស៊ូដំឡូង..) -ការបន្ថយការធ្វើចលនាបម្លាស់ទីលំនៅរបស់ប្រជាជន(កសិកម្មនៅជនបទស្រាប់)...។ ខ.គេចែកកសិករទាំងនោះជាបួនប្រភេទ -កសិករអនុផលព្រៃឈើ(កៅស៊ូ វល្លិ៍ ផ្ដៅ…) -កសិករចិញ្ចឹមត្រី(វារីវប្បកម្មនិងនេសាទ) -កសិករចិញ្ចឹមសត្វ (គោ ជ្រូក ទា…) -កសិករដាំដំណាំ(ស្រូវ ពោត សណ្តែក…)។,20,10,2,0.5,0.470947265625,2,9,0,1
606,តើការស្ថិតនៅក្រៅសារពាង្គកាយនៃពងស្វាសមានសារៈសំខាន់ដូចម្តេច?,ការស្ថិតនៅក្រោមសារពាង្គកាយនៃពងស្វាសមានសារៈសំខាន់ដូចជាដើម្បីរក្សាសីតុណ្ហភាពឲ្យ ទាបជាងសីតុណ្ហភាពក្នុងខ្លួន ប្រហែលពី(2-3)សីតុណ្ហភាពក្នុងខ្លួន37 ។,ការស្ថិតនៅក្រោមសារពាង្គកាយនៃពងស្វាសមានសារៈសំខាន់ក្នុងការផលិតអរម៉ូនភេទឈ្មោលនិង បង្កើតស្ពែម៉ាតូសូអ៊ីត ។,10,3,1,0.3,0.2088623046875,1,2,0,1
607,តើអាណាចក្រភ្នំមានព្រំប្រទល់ជាប់ប្រទេសណាខ្លះ?,អាណាចក្រភ្នំមានព្រំប្រទល់ជាប់ប្រទេសដូចជា -ខាងជើងជាប់ចិន -ខាងត្បូងជាឈូងសមុទ្រខ្មែរ -ខាងកើតជាប់រដ្ឋចម្ប៉ា -ខាងលិចជាប់រដ្ធមនឬភូមា។,អាណាចក្រភ្នំមានព្រំប្រទល់ខាងជើងជាប់នឹងប្រទេសចិន(រដ្ឋណានឆាវនិងតុងតឹង)ខាងកើតជាប់រដ្ឋចម្ប៉ា(ឈូងសមុទ្រចិន)និងខាងត្បូងជាប់និងឈូងសមុទ្រខ្មែរ(នគរភ្នំ)និងខាងលិចជាប់រដ្ឋមនឬភូមា។,6,6,4,1.0,0.984375,4,6,0,0
608,តើឧស្សាហកម្មមានតួនាទីចំពោះសេដ្ឋកិច្ចជាតិយ៉ាងដូចម្ដេច?,ឧស្សាហកម្មមានតួនាទីសម្រាប់សេដ្ឋកិច្ចជាតិដូចជា -ជួយបង្កើតប្រាក់ចំណូលចូលជាតិ -បង្កើតការងារដល់ប្រជាជន -បង្កើតប្រាក់ចំណូលចូលក្នុងគ្រួសារ -ប្រជាជនមានជីវភាពធូរធារ -ជួយរក្សាជញ្ជីងពាណិជ្ជកម្ម -ជួយបង្កើតទិន្នផលសម្រាប់ការនាំចេញនាំចូល -បង្កើននូវសង្ឃភារៈសម្រាប់ប្រើប្រាស់។,ឧស្សាហកម្មមានតួនាទីចំពោះសេដ្ឋកិច្ចជាតិដូចជា៖ -ជួយបង្កើនការងារដល់ប្រជាជន -ជួយបង្កើនថវិកាជាតិ ផ្ដល់ចំណូលជាតិ -ជួយឲ្យសេដ្ឋកិច្ចដើរទៅមុខ -ឧស្សាហកម្មកាត់ដេរ ឧស្សាហកម្មនេះមិនទៀងទាត់ និងមិនរឹងមាំ ព្រោះតម្រូវការទីផ្សាមុខទំនិញនេះថយចុះ រួមផ្សំទាំងការ ប្រកួតប្រជែង -ទីផ្សារដូចគ្នានៃបណ្ដាលប្រទេសផ្សេងៗ និងតម្លៃដឹកជញ្ចូន។,15,8,2,0.5333333333333333,0.58935546875,2,9,0,1
609,តើឧស្សាហកម្មមានអ្នកតួនាទីចំពោះសេដ្ឋកិច្ចយ៉ាងដូចម្ដេច?,ឧស្សាហកម្មមានតួនាទីសម្រាប់សេដ្ឋកិច្ចជាតិដូចជា -ជួយបង្កើតប្រាក់ចំណូលចូលជាតិ -បង្កើតការងារដល់ប្រជាជន -បង្កើតប្រាក់ចំណូលចូលក្នុងគ្រួសារ -ប្រជាជនមានជីវភាពធូរធារ -ជួយរក្សាជញ្ជីងពាណិជ្ជកម្ម -ជួយបង្កើតទិន្នផលសម្រាប់ការនាំចេញនាំចូល -បង្កើននូវសង្ឃភារៈសម្រាប់ប្រើប្រាស់។,ឧស្សាហកម្មមាននាទីចំពោះសេដ្ឋកិច្ចជាតិដូចជាជួយឲ្យមានប្រាក់ចំណូលពីឧស្សាហកម្មបន្ថែមជួយឲ្យជាតិមានការរីកចម្រើននៅក្នុងសង្គម។ផលិតផលទទួលបានពីឧស្សាហកម្មនាំចេញក្រៅប្រទេសទទួលបានជួយឱ្យជាតិរីកចម្រើនអំពីការប្រមូលអំពីផលិតផលទាំងអស់នោះ។,15,8,2,0.5333333333333333,0.40087890625,2,6,0,2
610,ចូររៀបរាប់អំពីទំនាក់ទំនងរវាងការដាំដុះអាជីវកម្មព្រៃឈើនិងនេសាទ។,ទំនាក់ទំនងរវាង ការដាំដុះអាជីវកម្មព្រៃឈើ និងការនេសាទ៖  _ ការដាំដុះអាជីវកម្មព្រៃឈើ និងការនេសាទ ជាភោគទ្រព្យយ៉ាងសំខាន់សម្រាប់ប្រជាជនក្នុងការទ្រទ្រង់ក្នុងជីវភាពរស់នៅនិងការអភិវឌ្ឍន៍ប្រទេសជាតិ   _ ដើម្បីបំពេញតម្រូវការក្នុងកសិកម្មផលិតកម្មនិងត្រូវការផ្សេងៗ មនុស្សនាំគ្នាកាប់ព្រៃឈើដើម្បីធ្វើអាជីវកម្មព្រៃឈើជាមូលហេតុធ្វើឲ្យអាកាសធាតុប្រែប្រួលប៉ះពាល់ដល់ជីវិតមនុស្ស សត្វ និងរុក្ខជាតិ  ​ _ អតិផលនៃប្រព័ន្ធកសិកម្ម នាំឲ្យមានកំណើននៃការប្រើប្រាស់គីមីនិងថ្នាំសម្លាប់សត្វល្អិត។ ជីគីមី និងថ្នាំសម្លាប់សត្វល្អិត ទាំងនោះហូរទៅផ្ដុំគ្នានៅតាមផ្លូវទឹកនានា បំផ្លាញជីវិតសត្វនិងពូជធម្មជាតិ។,រៀបរាប់ពីទំនាក់ទំនងរវាងការដាំដុះ ការចិញ្ចឹមសត្វ និងការនេសាទ៖  -ដើម្បីបំពេញតម្រូវការក្នុងកសិកម្ម និងមានតម្រូវការផ្សេងៗទៀតរបស់មនុស្សគឺការប្រើប្រាស់ជា -ហេតុធ្វើឱ្យមានការប្រែប្រួលលោកសពត ប៉ះពាល់ដល់ដីធ្លី  -ការដាំដុះសត្វ និងរុក្ខជាតិ យកកិច្ចការពារនៃប្រព័ន្ធផលិតកម្មឱ្យមានកំណើន -ការប្រើប្រាស់ឱ្យសមស្របសត្វក្នុងទឹកនិងដីឥដ្ឋឱ្យមាន -ការទាក់ទាញនៅក្នុងទន្លេបឹង ហើយជំរុញឱ្យដឹង និងពង្រីកឱ្យបានល្អជាពិសេស ។,15,15,4,1.0,0.83544921875,3,13,1,2
611,តើកត្តាអ្វីខ្លះដែលធ្វើអោយសម័យអង្គររីកចម្រើនដល់កំពូល?​ ចូលរៀបរាប់។,កត្តាដែលធ្វើអោយសម័យអង្គររីកចម្រើនគឺ: កត្តាព្រះរាជា:ព្រះរាជាចាប់ពីព្រះបាទជ័យវរ្ម័នទី 2 រហូតដល់ព្រះបាទជ័យវរ្ម័នទី 7 សុទ្ធតែជាស្ដេចខ្លាំងពូកែ កត្តានយោបាយ: នយោបាយក្នុងប្រទេសបង្រួបបង្រួមជាតិកសាងនិងការពារទឹកដី នយោបាយក្រៅប្រទេស:ចងសម្ព័ន្ធមិត្តជាមួយប្រទេសធំៗវាយយករដ្ឋតូចដាក់ជាចំណុះ កត្តាសេដ្ឋកិច្ច:រីកចម្រើនលើវិស័យកសិកម្មសិប្បកម្មគណនាគម កត្តាសាសនា:ការឯកភាពគ្នារវាងសាសនាព្រាហ្មនិងព្រះពុទ្ធ កត្តាធនធានមនុស្សបន្សល់ទុកតាំងពីសម័យនគរភ្នំនិងចេនឡាមក។,កត្តាដែលធ្វើអោយសម័យអង្គររីកចម្រើនគឺ: កត្តាព្រះរាជា:ព្រះរាជាចាប់ពីព្រះបាទជ័យវរ្ម័នទី 2 រហូតដល់ព្រះបាទជ័យវរ្ម័នទី 7 សុទ្ធសឹងតែជាស្ដេចខ្លាំងពូកែ កត្តានយោបាយ: នយោបាយក្នុងប្រទេសបង្រួបបង្រួមជាតិកសាងនិងការពារទឹកដី នយោបាយក្រៅប្រទេស:ចងសម្ព័ន្ធមិត្តជាមួយប្រទេសធំៗវាយយករដ្ឋតូចដាក់ជាចំណុះ កត្តាសេដ្ឋកិច្ច:រីកចម្រើនលើវិស័យកសិកម្មសិប្បកម្មគណនាគមន៍ កត្តាសាសនា:ការឯកភាពគ្នារវាងសាសនាព្រាហ្មនិងព្រះពុទ្ធ កត្តាធនធាន:មនុស្សបន្សល់ទុកតាំងពីសម័យនគរភ្នំនិងចេនឡាមក។,10,10,4,1.0,0.98486328125,4,10,0,0
612,តើកត្តាអ្វីខ្លះដែលធ្វើអោយសម័យអង្គររីកចម្រើនដល់កំពូល?​ ចូលរៀបរាប់។,កត្តាដែលធ្វើអោយសម័យអង្គររីកចម្រើនគឺ: កត្តាព្រះរាជា:ព្រះរាជាចាប់ពីព្រះបាទជ័យវរ្ម័នទី 2 រហូតដល់ព្រះបាទជ័យវរ្ម័នទី 7 សុទ្ធតែជាស្ដេចខ្លាំងពូកែ កត្តានយោបាយ: នយោបាយក្នុងប្រទេសបង្រួបបង្រួមជាតិកសាងនិងការពារទឹកដី នយោបាយក្រៅប្រទេស:ចងសម្ព័ន្ធមិត្តជាមួយប្រទេសធំៗវាយយករដ្ឋតូចដាក់ជាចំណុះ កត្តាសេដ្ឋកិច្ច:រីកចម្រើនលើវិស័យកសិកម្មសិប្បកម្មគណនាគម កត្តាសាសនា:ការឯកភាពគ្នារវាងសាសនាព្រាហ្មនិងព្រះពុទ្ធ កត្តាធនធានមនុស្សបន្សល់ទុកតាំងពីសម័យនគរភ្នំនិងចេនឡាមក។,កត្តាដែលធ្វើអោយសម័យអង្គររីកចម្រើនគឺ: .កត្តាព្រះរាជា:ព្រះរាជាចាប់ពីព្រះបាទជ័យវរ្ម័នទី 2 រហូតដល់ព្រះបាទជ័យវរ្ម័នទី 7 សុទ្ធសឹងតែជាស្ដេចខ្លាំងពូកែ .កត្តានយោបាយ: +នយោបាយក្នុងប្រទេស:បង្រួបបង្រួម​ កសាង និងការពារ។ +នយោបាយក្រៅប្រទេស:ចងសម្ព័ន្ធមិត្តជាមួយប្រទេសធំៗដូចជាចិននិងឥណ្ឌា និងវាយយករដ្ឋតូចដាក់ជាចំណុះ .កត្តាសេដ្ឋកិច្ច:ការរីកចម្រើនលើវិស័យកសិកម្ម សិប្បកម្ម គណនាគមន៍ .កត្តាសាសនា:មានការឯកភាពគ្នារវាងសាសនាព្រាហ្មនិងព្រះពុទ្ធ .កត្តាធនធានមនុស្សបន្សល់ទុកតាំងពីសម័យនគរភ្នំនិងចេនឡាមក។,10,10,4,1.0,0.98486328125,4,10,0,0
613,តើឧស្សាហកម្មមានតួនាទីដូចម្ដេចខ្លះចំពោះសេដ្ឋកិច្ចជាតិ?,ឧស្សាហកម្មមាន​តួនាទីចំពោះសេដ្ឋកិច្ចជាតិដូចជា ៖ ​ _ ជួយបង្កើតថវិការជាតិ ​ _ ជួយបង្កើតទិន្នផលជាតិ ​​ _ ជួយឲ្យសេដ្ឋកិច្ចជាតិរីកចម្រើន  _ ប្រជាជនសំបូរធូរធារ  _អភិវឌ្ឍគ្រប់វិស័យ  _ មានទំនាក់ទំនងល្អជាមួយអ្នកជិតខាង  _ មានភាពរុងរឿងនៅក្នុងប្រទេសជាតិ។,ឧស្សាហកម្មមាន​តួនាទីចំពោះសេដ្ឋកិច្ចជាតិដូចជា ៖ ​ _ ជួយបង្កើតថវិការជាតិ ​ _ ជួយបង្កើតទិន្នផលជាតិ ​​ _ ជួយឲ្យសេដ្ឋកិច្ចជាតិរីកចម្រើន  _ ប្រជាជនសំបូរធូរធារ  _អភិវឌ្ឍគ្រប់វិស័យ  _ មានទំនាក់ទំនងល្អជាមួយអ្នកជិតខាង  _ មានភាពរុងរឿងនៅក្នុងប្រទេសជាតិ។,15,15,4,1.0,0.955078125,4,14,0,1
614,តើកម្ពុជាមានបេតិកភណ្ឌអ្វីខ្លះ ដែលបានចុះបញ្ជីបេតិកភណ្ឌរូបី និង អរូបីពិភពលោករបស់អង្គការយូណេស្កូ? ចូររៀបរាប់ឱ្យបានប្រាំ។,កម្ពុជាមានបេតិកភណ្ឌដែលបានចុះបញ្ជីបេតិកភណ្ឌរូបី និង អរូបីពិភពលោករបស់អង្គការយូណេស្កូដូចជា     +ល្ខោនខោល     +រមណីយដ្ឋានអង្គរ     +ចាប៉ីដងវែង     +ប្រាសាទព្រះវិហហារ     +ល្ខោនស្រមោលស្បែកធំ     +របាំព្រះរាជទ្រព្យ     +ក្រមាខ្មែរ     +គុនល្បុកតោ     +រមណីយដ្ឋានសម្បូរព្រៃគុក,កម្ពុជាមានបេតិកភណ្ឌដែលបានចុះបញ្ជីបេតិកភណ្ឌរូបី និង អរូបីពិភពលោករបស់អង្គការយូណេស្កូដូចជា     +ល្ខោនខោល     +រមណីយដ្ឋានអង្គរ     +ល្បែងទាយព្រ័ត្រ     +ល្ខោនស្រមោលស្បែកធំ     +ប្រាសាទព្រះវិហហារ     +ក្រមា     +របាំព្រះរាជទ្រព្យ     +ក្រមាខ្មែរ     +គុនល្បុកតោ     +រមណីយដ្ឋានសម្បូរព្រៃគុក។,5,5,4,1.0,0.97412109375,4,5,0,0
615,តើឧស្សាហកម្មមានតួនាទីដូចម្ដេចខ្លះចំពោះសេដ្ឋកិច្ចជាតិ?,ឧស្សាហកម្មមាន​តួនាទីចំពោះសេដ្ឋកិច្ចជាតិដូចជា ៖ ​ _ ជួយបង្កើតថវិការជាតិ ​ _ ជួយបង្កើតទិន្នផលជាតិ ​​ _ ជួយឲ្យសេដ្ឋកិច្ចជាតិរីកចម្រើន  _ ប្រជាជនសំបូរធូរធារ  _អភិវឌ្ឍគ្រប់វិស័យ  _ មានទំនាក់ទំនងល្អជាមួយអ្នកជិតខាង  _ មានភាពរុងរឿងនៅក្នុងប្រទេសជាតិ។,ឧស្សាហកម្មមានតួនាទីចំពោះសេដ្ឋកិច្ចដូចជា៖-បានផ្តល់ចំណូលក្នុងសេដ្ឋកិច្ចជាតិ -ជួយផ្តល់ការងារសម្រាប់ប្រជាជន -ផ្គត់ផ្គង់ការនាំចេញទៅក្រៅប្រទេស -ផ្គត់ផ្គង់ក្នុងស្រុកបានគ្រប់គ្រាន់ -ជួយកាត់បន្ថយការនាំចូលពីបរទេស -ទាក់ទាញអ្នកវិនិយោគក្នុង និងក្រៅប្រទេស -ជួយដល់ជីវភាពគ្រួសារ -ជួយដោយផ្ទាល់ (ឧស្សាហកម្មកាត់ដេរ វាយនភណ្ឌ សហគ្រាសផលិតស្ករស ជលផល... ជាដើម) -ជួយដោយប្រយោល (ជួយកសិករដែលធ្វើកសិកម្មដូចជា ដាំកៅស៊ូ ដំឡូងមី ស្រូវ ផ្លែឈើ... ជាដើម)។,15,15,4,1.0,0.9404296875,4,14,0,1
616,ចូរពណ៌នាពីពីការអភិវឌ្ឍសេដ្ឋកិច្ច សង្គម នៅកម្ពុជាពីឆ្នាំ១៩៩៣ មកទល់សព្វថ្ងៃ?,ពណ៌នាពីពីការអភិវឌ្ឍសេដ្ឋកិច្ច សង្គម នៅកម្ពុជាពីឆ្នាំ១៩៩៣ មកទល់សព្វថ្ងៃ .វិស័យសេដ្ឋកិច្ច:  +សេដ្ឋកិច្ចកម្ពុជាមានការរីកចម្រើនឡើងជាបន្តបន្ទាប់ដែលធ្វើឲ្យប្រទេសកម្ពុជាមានជីវភាពល្អប្រសើរ។ +កសិកម្មរីកចម្រើនខាងដាំដំណាំស្រូវទទួលបានទិន្នផលខ្ពស់ជាបន្តបន្ទាប់ +ឧស្សាហកម្មមានតំណាងរោងចក្រច្រើនកន្លែងនិងលើកឡើងនៅសហគ្រឿងធំៗដែលបានផ្ដល់ចំណូលដល់ប្រជាពលរដ្ឋ +ពាណិជ្ជកម្មកាលនាំចូលមកក្នុងប្រទេសនិងមានវិនិយោគក្នុងប្រទេស +គមនាគមន៍កសាងស្ពានផ្លូវថ្នល់អាកាសយានដ្ឋានផ្គត់ផ្គង់ប្រព័ន្ធទឹកពីទីក្រុងដល់ជនបទ កំពុងផែ +ហិរញ្ញវត្ថុមានស្ថេរភាពក្នុងអត្រាប្ដូរប្រាក់ +ធនាគារលើកឡើងនៅធនាគារជាតិហ្នឹងឯកជនជាច្រើន .វិស័យសង្គម +ការអប់រំសិក្សា បង្កើតសាលារៀនគ្រប់កម្រិតពីមត្តីរហូតដល់ឧត្តមសិក្សាបណ្ដុះបណ្ដាលធនធានមនុស្សនិងបញ្ជូននិស្សិតឲ្យទៅរៀននៅក្រៅប្រទេស។ +វប្បធម៌អរិយធម៌ ស្ដារវប្បធម៌ឡើងវិញនិងដាក់បញ្ចូលជាសម្បត្តិបេតិកភណ្ឌពិភពលោកចាប់ផ្ដើមប្រជាជនមានសិទ្ធិជឿលើសាសនា។ +សុខាភិបាលបង្កើតឲ្យមានមន្ទីរពេទ្យលោកសុខភាពនិងឱសថសាស្ត្រ +សិល្បៈបង្កើតឲ្យមានសាលាសាកលវិទ្យាល័យសិល្បៈ.,ពណ៌នាពីពីការអភិវឌ្ឍសេដ្ឋកិច្ច សង្គម នៅកម្ពុជាពីឆ្នាំ១៩៩៣ មកទល់សព្វថ្ងៃ .វិស័យសេដ្ឋកិច្ច:  +សេដ្ឋកិច្ចកម្ពុជាមានការរីកចម្រើនឡើងជាបន្តបន្ទាប់ដែលធ្វើឲ្យប្រទេសកម្ពុជាមានជីវភាពល្អប្រសើរ។ +កសិកម្មរីកចម្រើនខាងដាំដំណាំស្រូវទទួលបានទិន្នផលខ្ពស់ជាបន្តបន្ទាប់ +ឧស្សាហកម្មមានតំណាងរោងចក្រច្រើនកន្លែងនិងលើកឡើងនៅសហគ្រឿងធំៗដែលបានផ្ដល់ចំណូលដល់ប្រជាពលរដ្ឋ +ពាណិជ្ជកម្មកាលនាំចូលមកក្នុងប្រទេសនិងមានវិនិយោគក្នុងប្រទេស +គមនាគមន៍កសាងស្ពានផ្លូវថ្នល់អាកាសយានដ្ឋានផ្គត់ផ្គង់ប្រព័ន្ធទឹកពីទីក្រុងដល់ជនបទ កំពុងផែ +ហិរញ្ញវត្ថុមានស្ថេរភាពក្នុងអត្រាប្ដូរប្រាក់ +ធនាគារលើកឡើងនៅធនាគារជាតិហ្នឹងឯកជនជាច្រើន .វិស័យសង្គម +ការអប់រំសិក្សា បង្កើតសាលារៀនគ្រប់កម្រិតពីមត្តីរហូតដល់ឧត្តមសិក្សាបណ្ដុះបណ្ដាលធនធានមនុស្សនិងបញ្ជូននិស្សិតឲ្យទៅរៀននៅក្រៅប្រទេស។ +វប្បធម៌អរិយធម៌ ស្ដារវប្បធម៌ឡើងវិញនិងដាក់បញ្ចូលជាសម្បត្តិបេតិកភណ្ឌពិភពលោកចាប់ផ្ដើមប្រជាជនមានសិទ្ធិជឿលើសាសនា។ +សុខាភិបាលបង្កើតឲ្យមានមន្ទីរពេទ្យលោកសុខភាពនិងឱសថសាស្ត្រ +សិល្បៈបង្កើតឲ្យមានសាលាសាកលវិទ្យាល័យសិល្បៈ.,10,10,4,1.0,0.90283203125,4,9,0,1
617,ចូរនិយាយពីកំណកាម៉ែតញី។,ការស្ថិតនៅក្រោមសារពាង្គកាយនៃពងស្វាសមានសារៈសំខាន់ដូចជាដើម្បីរក្សាសីតុណ្ហភាពឲ្យ ទាបជាងសីតុណ្ហភាពក្នុងខ្លួន ប្រហែលពី(2-3)សីតុណ្ហភាពក្នុងខ្លួន37 ។,កំណកាម៉ែតញីដំបូងកោសិកាពូជមួយរួមចំណែកពីរដងបន្តបន្ទាប់គ្នា បានកោសិកាអូវ៉ូកូរី4 ។ អូវ៉ូកូរីនីមួយៗរីកមាឌអាចជាអូវ៉ូស៊ីត1 ។អូវ៉ូស៊ីតមួយរងចំណែកមួយនៃមេយោធាហើយត្រូវបាន ឈប់គាំងនៅវគ្គប្រផ្ដាស1 ។ក្រោយមកពេលគ្រប់អូវ៉ូស៊ីតមួយបន្តធ្វើចំណែកហើយត្រូវបានបញ្ចប់ នៅរយៈពេល6ម៉ោងមុនដំណើរអូវ៉ុលនិងធ្លាក់មកក្រៅជាអូវ៉ូស៊ីត2 ។ប្រសិនបើជួបស្ពែម៉ាតូសូអុីត បង្កើតបានជាអូវុល ។,10,8,3,0.8,0.76416015625,3,8,0,0
618,តើកត្តាអ្វីខ្លះដែលធ្វើអោយសម័យអង្គររីកចម្រើនដល់កំពូល?​ ចូលរៀបរាប់។,កត្តាដែលធ្វើអោយសម័យអង្គររីកចម្រើនគឺ: កត្តាព្រះរាជា:ព្រះរាជាចាប់ពីព្រះបាទជ័យវរ្ម័នទី 2 រហូតដល់ព្រះបាទជ័យវរ្ម័នទី 7 សុទ្ធតែជាស្ដេចខ្លាំងពូកែ កត្តានយោបាយ: នយោបាយក្នុងប្រទេសបង្រួបបង្រួមជាតិកសាងនិងការពារទឹកដី នយោបាយក្រៅប្រទេស:ចងសម្ព័ន្ធមិត្តជាមួយប្រទេសធំៗវាយយករដ្ឋតូចដាក់ជាចំណុះ កត្តាសេដ្ឋកិច្ច:រីកចម្រើនលើវិស័យកសិកម្មសិប្បកម្មគណនាគម កត្តាសាសនា:ការឯកភាពគ្នារវាងសាសនាព្រាហ្មនិងព្រះពុទ្ធ កត្តាធនធានមនុស្សបន្សល់ទុកតាំងពីសម័យនគរភ្នំនិងចេនឡាមក។,កត្តាដែលធ្វើអោយសម័យអង្គររីកចម្រើនគឺ: .កត្តាព្រះរាជា:ព្រះរាជាចាប់ពីព្រះបាទជ័យវរ្ម័នទី 2 រហូតដល់ព្រះបាទជ័យវរ្ម័នទី 7 សុទ្ធសឹងតែជាស្ដេចខ្លាំងពូកែ .កត្តាសេដ្ឋកិច្ច: +នយោបាយក្នុងប្រទេស:បង្រួបបង្រួម​ កសាង និងការពារ។ +នយោបាយក្រៅប្រទេស:ចងសម្ព័ន្ធមិត្តជាមួយប្រទេសធំៗដូចជាចិននិងឥណ្ឌា និងវាយយករដ្ឋតូចដាក់ជាចំណុះ .កត្តាប្រទេសជាតិ:មានការរីកចម្រើនខ្លាំងខ្លា .កត្តាធនធានមនុស្សបន្សល់ទុកតាំងពីសម័យនគរភ្នំនិងចេនឡាមក។,10,9,4,0.9,0.953125,4,10,0,1
619,តើសម័យឧដុង្គចាប់ពីឆ្នាំណាដល់ឆ្នាំណា?ហេតុអ្វីបានជាប្រទេសកម្ពុជាធ្លាក់ចុះខ្សោយកាន់តែខ្លាំងនៅសម័យឧដុង្គ។ចូរពន្យល់,សម័យឧដុង្គចាប់ពីឆ្នាំ បានជាប្រទេសកម្ពុជាធ្លាក់ចុះខ្សោយកាន់តែខ្លាំងនៅសម័យឧដុង្គព្រោះ សង្គ្រាមផ្ទៃក្នុងញឹកញាប់និងការជាវជ្រៀតជ្រែកពីសៀមនិងយួន ការប្រកួតប្រជែងដណ្ដើមរាជ្យបានឡើងក្នុងចំណោមព្រះរាជវង្សានុវង្ស បែកបាក់សាមគ្គីផ្ទៃក្នុងគ្មានការសាមគ្គីរួបរួមនៅក្នុងប្រទេសជិតខាង កម្ពុជាត្រូវបែកជាពីរផ្នែកដោយសារសៀមត្រួតត្រាផ្នែកខាងលិចបាត់ដំបងសៀមរាបត្រួតត្រាខាងត្បូង បាត់បង់ទឹកដីដោយសារខេត្តជាច្រើននៅភាគខាងលិចបាត់ដំបងសៀមរាបមង្គលបុរី ត្រូវបានធ្លាក់ក្នុងកណ្ដាប់ដៃសៀមនៅឆ្នាំនិងមុនបាត់បង់ដីភាគខាងកើតនៅវៀតណាម សេដ្ឋកិច្ចពឹងផ្អែកលើវិស័យកសិកម្មបុរាណដែល សួយសារអាករឲ្យគេ ចំណែកវប្បធម៌វិញវត្តអារាមត្រូវបានបំផ្លិចបំផ្លាញ ប្រទេសជាតិខ្សោយគ្មានកម្លាំងទប់ទល់នឹងការវាយលុកពីខាងក្រៅមន្ត្រីក្បត់ជាតិច្រើន ដោយសារ រាជវង្សផ្ទៃក្នុងការដណ្ដើមអំណាចគ្នា។,សម័យឧដុង្គចាប់ពីឆ្នាំ មូលហេតុដែលចុះខ្សោយផ្លូវ សង្គ្រាមក្នុងស្រុក ការដណ្ដើមរាជ្យសម្បត្តិគ្នាក្នុងរាជវង្សានុវង្ស ការលូកដៃពីបរទេសស្ដេចខ្មែរខ្លះពឹងសៀមខ្លះពន្លឿនធ្វើឲ្យបរទេសទាំងពីរមានឱកាសត្រួតត្រានិងលេបយកទឹកដីខ្មែរ សេដ្ឋកិច្ចធ្លាក់ចុះដោយសារសង្គ្រាម ចាប់រហូតធ្វើឲ្យប្រជាជនគ្មានពេល បង្កបង្កើនផល។,15,13,3,0.8666666666666667,0.85693359375,3,13,0,0
620,បុព្វហេតុអ្វីខ្លះដែលនាំឲ្យអាណាចក្រចេនឡាបែកបាក់ជាពីរគឺអាណាចក្រចេនឡាដីគោកនិងចេនឡាទឹកលិច?,បុព្វហេតុដែលនាំហើយអាណាចក្រចេនឡាបែកជាពីរគឺ -វិសាលភាពទឹកដីធំទូលាយ -ចម្បាំងអត់ឈប់ឈរ -សមន្ដរដ្ឋបះបោរចង់ផ្ដាច់ខ្លួន -វិបត្តិផ្ទៃក្នុង -ព្រះនាងជ័យទេវីគ្មានសមត្ថភាពគ្រប់គ្រង។,បុព្វហេតុដែលនាំហើយអាណាចក្រចេនឡាបែកជាពីរគឺ -វិសាលភាពទឹកដីធំទូលាយ -ចម្បាំងអត់ឈប់ឈរ -សមន្ដរដ្ឋបះបោរចង់ផ្ដាច់ខ្លួន -វិបត្តិផ្ទៃក្នុង -ព្រះនាងជ័យទេវីគ្មានសមត្ថភាពគ្រប់គ្រង។,7,7,4,1.0,0.98779296875,4,7,0,0
621,តើថ្ងៃរំដោះ៧មករា១៩៧៩ មានអត្ថន័យយ៉ាងណាខ្លះចំពោះប្រវត្តិសាស្ត្រកម្ពុជា?,ជាថ្ងៃដែលប្រជាជនខ្មែររួចផុតពីសង្គ្រាមនិងការសម្លាប់ -ជាថ្ងៃដែលប្រជាជនខ្មែរស្គាល់ច្បាប់ពីតម្លៃនៃសន្តិភាព -ជាថ្ងៃដែលប្រជាជនខ្មែរស្គាល់ច្បាប់ពីតម្លៃនៃសន្តិភាព -ប្រទេសកម្ពុជាទទួលបានអធិបតេយ្យភាពនិងបូរណាភាពទឹកដី -ប្រទេសកម្ពុជាទទួលបានឯករាជ្យ -ប្រទេសកម្ពុជាអាចអភិវឌ្ឍន៍ប្រទេសជាតិរបស់ខ្លួន -ប្រទេសកម្ពុជាអាចឈរស្មើមុខមាត់លើឆាកអន្តរជាតិ -ប្រទេសកម្ពុជាកសាងនិងស្ដាយប្រទេសជាតិខ្លួនឯងឡើងវិញ -ប្រទេសកម្ពុជាអាចធ្វើទំនាក់ទំនងជាមួយបណ្ដាប្រទេសនានា.,ជាថ្ងៃដែលប្រជាពលរដ្ឋខ្មែររួចផុតពីរបបខ្មែរងងឹតប្រល័យពូជសាសន៍ -ប្រជាជនមានសិទ្ធិសេរីភាព -រួចផុតពីការគាបសង្កត់របស់ពួកខ្មែរក្រហម -កម្ពុជាមានសិទ្ធិសម្រេចជោគវាសនារបស់ខ្លួន -ប្រជាជនមានអាហារហូបចុកគ្រប់គ្រាន់ -ប្រទេសមានសន្តិភាព,8,6,3,0.75,0.88671875,4,7,1,1
622,បុព្វហេតុអ្វីខ្លះដែលនាំឲ្យអាណាចក្រចេនឡាបែកបាក់ជាពីរគឺអាណាចក្រចេនឡាដីគោកនិងចេនឡាទឹកលិច?,បុព្វហេតុដែលនាំហើយអាណាចក្រចេនឡាបែកជាពីរគឺ -វិសាលភាពទឹកដីធំទូលាយ -ចម្បាំងអត់ឈប់ឈរ -សមន្ដរដ្ឋបះបោរចង់ផ្ដាច់ខ្លួន -វិបត្តិផ្ទៃក្នុង -ព្រះនាងជ័យទេវីគ្មានសមត្ថភាពគ្រប់គ្រង។,បុព្វហេតុដែលនាំហើយអាណាចក្រចេនឡាបែកជាពីរគឺ -វិសាលភាពទឹកដីធំទូលាយ -ចម្បាំងអត់ឈប់ឈរ -សមន្ដរដ្ឋបះបោរចង់ផ្ដាច់ខ្លួន -វិបត្តិផ្ទៃក្នុង -ព្រះនាងជ័យទេវីគ្មានសមត្ថភាពគ្រប់គ្រង។,7,7,4,1.0,0.98779296875,4,7,0,0
623,តើសេដ្ឋកិច្ចកម្ពុជាពឹងផ្អែកលើវិស័យអ្វីជាសំខាន់?     ក/ ហេតុអ្វីបានជាគេនិយាយថាកម្ពុជាជាប្រទេសកសិកម្ម?     ខ/ តើគេចែកកសិករជាប៉ុន្មានប្រភេទ?អ្វីខ្លះ?,សេដ្ឋកិច្ចកម្ពុជាពឹងផ្អែកលើវិស័យកសិកម្មជាសំខាន់។   ក/ បានជាគេនិយាយថាកម្ពុជាជាប្រទេសឧស្សាហកម្មព្រោះ៖  _  សណ្ឋានដី : ដីមានជីវជាតិល្អនិងសម្បូរទំនាបល្បាប់   _ ផ្លូវទឹក : ផ្លូវទឹកខ្វាត់ខ្វែងងាយស្រួលដល់ការដាំដុះ  _ ប្រជាជន : ប្រជាជនខ្មែរភាគច្រើនចូលចិត្តធ្វើកសិកម្ម  _ អាកាសធាតុ : ទទួលអាកាសធាតុក្តៅសើម  _ កសិកម្មផ្តល់ផល50%នៃផលិតផលជាតិសរុប។  ខ/ គេចែកកសិករទាំងនោះជា4ប្រភេទគឺ៖  _ កសិករធ្វើស្រែឬអ្នកស្រែ : និយមធ្វើស្រែ ស្រូវប្រាំង ស្រូវវស្សា ស្រូវឡើងទឹក  _ កសិករតំបន់ដីខ្ពស់ : គេដាំដំណាំជាអចិន្ត្រៃយ៍(ពោត ដំឡូង ចេក កៅស៊ូសណ្តែក)  _ កសិករធ្វើចម្ការដំណាំស្រូវ : គេដាំដំណាំតាមមាត់ទន្លេ ចិញ្ចឹមសត្វនិងនេសាទ  _ កសិករភូមិភាគឦសាន: គេធ្វើដំណាំព្រៃដុតមានដូចជាពោត ដំឡូង ស្រូវរុក្ខជាតិយកមើមដទៃទៀត និងបរបាញ់សត្វផងដែរ។,សេដ្ឋកិច្ចជាតិផ្អែកលើវិស័យកសិកម្មជាសំខាន់ព្រោះវិស័យនេះសំខាន់ដល់ជាតិដូចជា៖-ប្រទេសកម្ពុជាមានអាកាសធាតុ-អំណោយផលដល់វិស័យកសិកម្ម-ប្រទេសកម្ពុជាមានប្រព័ន្ធផ្លូវទឹកឲ្យគ្រប់គ្រង -ប្រទេសកម្ពុជាមានដីទំនេរច្រើនសម្រាប់ធ្វើ -កសិកម្មប្រជាជនភាគច្រើន ជាកសិករ -ប្រទេសកម្ពុជាមានដីសម្បូរជីវជាតិ -មានប្រព័ន្ធធារាសាស្ត្រ -ច្រើនមានអាកាសធាតុអំណោយផលសម្រាប់ការដាំដុះលូតលាស់នារដូវច្បាស់លាស់មានទឹកភ្លៀងគ្រប់គ្រាន់  -ប្រជាជនចូលចិត្តការងារដាំដុះ។,20,13,3,0.65,0.658203125,3,13,0,0
624,ហេតុអ្វីបានជាមនុស្សស្រូបយកខ្យល់ដែលមានកាបូនម៉ណូអុកស៊ីតអាចបង្កគ្រោះថ្នាក់ដល់ស្លាប់បាន?,បានជាមនុស្សស្រូបយកខ្យល់ដែលមានកាបូនម៉ូណូអុកស៊ីដអាចបង្កឲ្យមានគ្រោះថ្នាក់ដល់ស្លាប់ បានព្រោះកាបូនម៉ូណូអុកស៊ីដមានសមត្ថភាពចាប់យក ក្នុងឈាមបានខ្លាំងជាងអុកស៊ីសែន វារារាំងឈាមមិនឲ្យដឹកនាំអុកស៊ីសែនទៅចិញ្ចឹមសរីរាង្គជាពិសេសខួរក្បាលដែលបណ្តាលឲ្យ ស្លាប់និង សន្លប់ ។,បានជាមនុស្សស្រូបយកខ្យល់ដែលមានកាបូនម៉ូណូអុកស៊ីដអាចបង្កឲ្យមានគ្រោះថ្នាក់ដល់ស្លាប់ បានព្រោះកាបូនម៉ូណូអុកស៊ីដមានសមត្ថភាពចាប់យក ក្នុងឈាមបានខ្លាំងជាងអុកស៊ីសែន វារារាំងឈាមមិនឲ្យដឹកនាំអុកស៊ីសែនទៅចិញ្ចឹមសរីរាង្គជាពិសេសខួរក្បាលដែលបណ្តាលឲ្យ ស្លាប់និង សន្លប់ ។,5,4,3,0.8,0.76123046875,3,4,0,0
625,ចូរពណ៏នាពីការអភិវឌ្ឍសេដ្ឋកិច្ច សង្គម នៅកម្ពុជាពីឆ្នាំ១៩៩៣ មកទល់សព្វថ្ងៃ?,ការអភិវឌ្ឈនៅកម្ពុជា +វិស័យសេដ្ឋកិច្ច -ជួយជំរុញវិស័យកសិកម្ម ឧស្សាហកម្ម ពាណិជ្ជកម្ម ទេសចរណ៌ មានការអភិវឌ្ឈ -មានកំណើនការវិនិយោគពីឯកជនបង្កើតទុនបរទេស -មានទំនាក់ទំនងពាណិជ្ជកម្មអន្តរជាតិជាមួយអាស៊ាននិងមហាអំណាចធំៗ -មានកំណើនភ្ញៀវទេសចរណ៌ជាតិនិងអន្តរជាតិ ផ្ដល់ចំណូលដល់ប្រជាជន -កសាងហេដ្ឋារចនាសម្ព័ន្ធ មានផ្លូវថ្នល់ ស្ពានដែក កំពង់ផែ អាកាសយាន្តដ្ឋាន ដោយបំពាក់ប្រព័ន្ធទឹកភ្លើងពីទីក្រុងទៅជនបទ +វិស័យសង្គម -មានការទប់ស្កាត់សង្គ្រាម -លើកស្ទួយការគោរពសិទ្ធិមនុស្ស -ទប់ស្កាត់អំពើពុករលួយ -ធ្វើឱ្យរដ្ឋាភិបាលមានលទ្ធភាពសម្រេចផែនការនានាតាមការកំណត់ -ជួយឱ្យមានរក្សាសន្តិភាព សុខសុវត្ថិភាព -មានការអភិវឌ្ឈសាលារៀន មន្ទីរពេទ្យ -មានសមភាពយែនឌ័រក្នុងសង្គម -កម្ពុជារៀបចំកម្មវិធីធំៗថ្នាក់ជាតិ។,ការអភិវឌ្ឈនៅកម្ពុជា +វិស័យសេដ្ឋកិច្ច -ជួយជំរុញវិស័យកសិកម្ម ឧស្សាហកម្ម ពាណិជ្ជកម្ម ទេសចរណ៌ មានការអភិវឌ្ឈ -មានកំណើនការវិនិយោគពីឯកជនបង្កើតទុនបរទេស -មានទំនាក់ទំនងពាណិជ្ជកម្មអន្តរជាតិជាមួយអាស៊ាននិងមហាអំណាចធំៗ -មានកំណើនភ្ញៀវទេសចរណ៌ជាតិនិងអន្តរជាតិ ផ្ដល់ចំណូលដល់ប្រជាជន -កសាងហេដ្ឋារចនាសម្ព័ន្ធ មានផ្លូវថ្នល់ ស្ពានដែក កំពង់ផែ អាកាសយាន្តដ្ឋាន ដោយបំពាក់ប្រព័ន្ធទឹកភ្លើងពីទីក្រុងទៅជនបទ +វិស័យសង្គម -មានការទប់ស្កាត់សង្គ្រាម -លើកស្ទួយការគោរពសិទ្ធិមនុស្ស -ទប់ស្កាត់អំពើពុករលួយ -ធ្វើឱ្យរដ្ឋាភិបាលមានលទ្ធភាពសម្រេចផែនការនានាតាមការកំណត់ -ជួយឱ្យមានរក្សាសន្តិភាព សុខសុវត្ថិភាព -មានការអភិវឌ្ឈសាលារៀន មន្ទីរពេទ្យ -មានសមភាពយែនឌ័រក្នុងសង្គម -កម្ពុជារៀបចំកម្មវិធីធំៗថ្នាក់ជាតិ។,10,10,4,1.0,0.97119140625,4,10,0,0
626,តើសង្គមខ្មែរនៅសម័យអង្គរមានប៉ុន្មានវណ្ណៈ? វណ្ណៈអ្វីខ្លះ? ចូលរៀបរាប់។,សង្គមខ្មែរនៅសម័យអង្គរមានប្រាំវណ្ណៈគឺ -វណ្ណៈក្សត្រឬរាជវង្សនុវង្ស (ជាស្ដេចគ្រប់គ្រងប្រទេស -វណ្ណៈមន្ត្រី (អ្នករស់នៅក្នុងរាជវាំងបម្រើស្ដេច) -វណ្ណៈព្រាហ្ម៍ឬបុព្វជិត​(គឺជាអ្នកបួស) -វណ្ណៈអ្នកជាឬកសិករ (អ្នករស់នៅនឹងធ្វើស្រែចម្ការ) -វណ្ណៈអ្នកងារឬទាសករ(ទាសករបម្រើគេតកូនតចៅ)។,សង្គមខ្មែរនៅសម័យអង្គរមានប្រាំវណ្ណៈគឺ -វណ្ណៈក្សត្រ:វណ្ណៈនេះមានបុព្វសិទ្ធណាស់ដូចជាគ្មានការបង់ពន្ធ មិនជាប់កំណែននិងមិនត្រូវធ្វើការងារធ្ងន់ជាដើម។ -វណ្ណៈមន្ត្រី:ជាអ្នកដែលធ្វើការក្នុងវាំងនិងបម្រើព្រះរាជា -វណ្ណៈអ្នកបួស:ពួកប៉ាន់ឃាបគឺពួកព្រាហ្មណ៍​ ពួកនេះស្លៀកពាក់ដូចគេទៀតដែរ ខុសត្រង់មានពាក់ខ្សែរអំបោះដវេញមួយខ្សែរនៅក ជាសញ្ញាថាអ្នកចេះ។ -វណ្ណៈអ្នកជា:ពួកគេជាវណ្ណៈកណ្ដាលក្នុងសង្គម​ ដែលមានឋានន្ដរមានប្រហាក់ប្រហែលនិងពួកឈ្មួញសិប្បកម្ម សិប្បករនិងប្រជារាស្ត្រសាមញ្ញ -វណ្ណៈទាសករ:ពួកគេជាវណ្ណៈទាបបំផុតនៅក្នុងសង្គមដែលជាអ្នកបម្រើគេអស់មួយជីវិត។,10,10,4,1.0,0.95849609375,4,10,0,0
627,ហេតុអ្វីបានជាផ្នែកឯកជនជាកម្លាំងដ៏សំខាន់សម្រាប់វិនិយោគនិងធ្វើឲ្យមានកំណើនសេដ្ឋកិច្ចក្នុងប្រទេស?,បានជាផ្នែកឯកជនជាកម្លាំងដ៏សំខាន់សម្រាប់វិនិយោគនិងធ្វើឲ្យមានកំណើនសេដ្ឋកិច្ចក្នុងប្រទេស ព្រោះប្រទេសកម្ពុជាជាប្រទេសអភិវឌ្ឍន៍ សេដ្ឋកិច្ចទីផ្សារដោយបានធ្វើកំណែទម្រង់សហគ្រាសឧស្សាហកម្មឲ្យក្លាយទៅជាកម្មសិទ្ធិឯកជន ។ សេដ្ឋកិច្ចទីផ្សារសេរីនេះនាំឲ្យអ្នករកស៊ីបរទេសចូលចិត្តមកវិនិយោគ ហើយកាលណាផ្នែកឯកជនរឹងមាំមកវិនិយោគ ហើយកាលណាផ្នែកឯកជនមិនរឹងមាំអាចបំពេញបន្ថែមវិនិយោគនិងវិស័យសង្គមកិច្ចមានន័យថាវិស័យឯកជនស្រូបយកកម្លាំងការងារកាន់តែកើនឡើង។,ព្រោះវិស័យឯកជនជាក្បាលម៉ាស៊ីនសំខាន់សម្រាប់វិនិយោគនិងធ្វើឱ្យមានកំណើនសេដ្ឋកិច្ចក្នុងប្រទេសព្រោះ៖ -អនុវត្តនៅពេលទីផ្សារសេរីឆ្នាំ1993 ពីសហគ្រាសឲ្យក្លាយជាក្លាយជាទៅជាសិទ្ធិឯកជន  កាលណាដែលផ្នែកឯកជនជួយបំពេញបន្ថែមលើនយោបាយ កែប្រែពីក្រុមហ៊ុនរបស់រដ្ឋទៅជារបស់ឯកជនដោយ -ឯកជនមានសិទ្ធិជាងរដ្ឋហើយឯកជនគ្រប់គ្រងលើវិស័យពាណិជ្ជកម្មឧស្សាហកម្ម កសិកម្ម  ការអនុវត្តសេដ្ឋកិច្ចសេរីដែលធ្វើឲ្យអ្នកវិនិយោគទុននៅក្រៅប្រទេស ចូលចិត្តមកវិនិយោគទុន,15,14,4,0.9333333333333333,0.76953125,3,12,1,2
628,តើការស្ថិតនៅក្រៅសារពាង្គកាយនៃពងស្វាសមានសារៈសំខាន់ដូចម្តេច?,ការស្ថិតនៅក្រោមសារពាង្គកាយនៃពងស្វាសមានសារៈសំខាន់ដូចជាដើម្បីរក្សាសីតុណ្ហភាពឲ្យ ទាបជាងសីតុណ្ហភាពក្នុងខ្លួន ប្រហែលពី(2-3)សីតុណ្ហភាពក្នុងខ្លួន37 ។,ការស្ថិតនៅក្រោមសារពាង្គកាយនៃពងស្វាសមានសារៈសំខាន់ក្នុងការផលិតអរម៉ូនភេទឈ្មោលនិង បង្កើតស្ពែម៉ាតូសូអ៊ីត ។រក្សាសីតុណ្ហភាពឲ្យទាបជាងសីតុណ្ហភាពក្នុងខ្លួន ប្រហែលពី(2-3)សីតុណ្ហភាព ក្នុងខ្លួន37 ។,10,10,4,1.0,0.8759765625,4,9,0,1
629,តើប្រទេសកម្ពុជាចូលជាសមាជិក សហគមន៍អាសុីអាគ្នេយ៍ទទួលបានផលវិជ្ជមាននិងផលអវិជ្ជមានដូចម្ដេចខ្លះ?,ប្រទេសកម្ពុជាចូលជាសមាជិកសាមាសហគមន៍អាស៊ីអាគ្នេយ៍ទទួលផលវិជ្ជមាននឹងអវិជ្ជមានដូចជា៖ +ផលវិជ្ជមាន៖ -កម្ពុជាលែងឯកោទៅទៀត -បានចូលរួមនៅរាល់ការសម្រេចចិត្តនានាក្នុងតំបន់ -កម្ពុជាបានឈរស្មើមុខមាត់ជាមួយបណ្ដាប្រទេសជាសមាជិកអាស៊ាន -កម្ពុជាមានដៃគូច្រើនទាំងក្នុងតំបន់និងពិភព -កម្ពុជាអាចពង្រីកអនុភាពនិងបង្កើតតួនាទីរបស់ខ្លួនកាន់តែសកម្មភាពដែលក្នុងតំបន់នៃអន្តរជាតិ -កម្ពុជាមានសិទ្ធពេញលេញក្រោមការរៀបចំកិច្ចប្រជុំធំៗក្នុងប្រទេសខ្លួនលក្ខណៈតំបន់និងពិភពលោក -ការលើកលែងទិដ្ឋការ -កម្ពុជាក្លាយជាកន្លែងវិនិយោគដ៏មានសក្តានុពលពាណិជ្ជកម្មរវាងពាណិជ្ជកម្មនិងស្រួលជាងមុនចំពោះទីផ្សារ -សេដ្ឋកិច្ចកម្ពុជាមានកំណើនរៀងរាល់ឆ្នាំ -ប្រជាជនអាចរកការងារធ្វើទាំងក្នុងប្រទេសក្នុងតំបន់និងក្រៅតំបន់ -កំណើនភ្ញៀវទេសចរជាច្រើន +ផលអវិជ្ជមាន៖ -ពាណិជ្ជកម្មសេដ្ឋកិច្ចដំណើរការមិនល្អ -កម្ពុជាបាត់បង់ជំនឿសាសនាប្រពៃណីទំនៀមទម្លាប់,ប្រទេសកម្ពុជាបានចូលជាសមាជិកអាស៊ានសហគមន៍អាស៊ីអាគ្នេយ៍ទទួលបានផល៖ +ផលវិជ្ជមាន -កម្ពុជាអាចបង្កើតទំនាក់ទំនងពាណិជ្ជកម្មជាមួយប្រទេសក្នុងតំបន់ -កម្ពុជាមានឱកាសប្រគួតប្រជែងខ្ពស់ជាមួយប្រទេសក្នុងតំបន់ -ទាញវិនិយោគទុនបរទេសក្នុងតំបន់ និងសកលលោកដើម្បីឱ្យសេដ្ឋកិច្ចរីកចម្រើន -កម្ពុជាទទួលបានកំណើនភ្ញៀវទេសចរណ៍ -កម្ពុជាចូលរួមដោះស្រាយបញ្ហាផ្សេងៗជាមួយប្រទេសអាស៑ាន -កម្ពុជាទទួលបាននូវសុខសន្តិភាព -មានការផ្លាស់ប្ដូរផ្នែកចំណេះដឹងសង្គមវប្បធម៌ កីឡៃបច្ចេកវិទ្យា -កម្ពុជាទទួលបានផលចំណេញច្រើនពីការធ្វើទំនាក់ទំនងនយោបាយបរទេស។ +ផលអវិជ្ជមាន -ប្រគួតប្រជែងសេដ្ឋកិច្ច -សហគ្រាសក្នុងស្រុកខ្លះពិបាក -មានជនបរទេសជាច្រើន។,10,9,4,0.9,0.84912109375,3,8,1,1
630,តើគេចែកយុគសម័យបុរេប្រវត្តិសាស្ត្រកម្ពុជាជាប៉ុន្មានយុគសម័យ?អ្វីខ្លះ?,គេចែកយុគសម័យបុរេប្រវត្តិសាស្ត្រកម្ពុជាជាបីយុគសម័យគឺ -យុគថ្មបំបែក (600000 - 12000 ឆ្នាំមុនគ.ស) -យុគថ្មរលីងឬសំលៀង (8000 - 2000 ឆ្នាំមុនគ.ស) -យុគលោហៈ(2000-100 ឆ្នាំមុនគ.ស)។,គេចែកយុគសម័យបុរេប្រវត្តិសាស្ត្រកម្ពុជាជាបីយុគសម័យគឺ -យុគថ្មបំបែក (600000 - 12000 ឆ្នាំមុនគ.ស) -យុគថ្មរលីងឬសំលៀង (8000 - 2000 ឆ្នាំមុនគ.ស) -យុគលោហៈ(2000-100 ឆ្នាំមុនគ.ស)។,5,5,4,1.0,0.9912109375,4,5,0,0
631,តើអាណាចក្រភ្នំមានព្រំប្រទល់ជាប់ប្រទេសណាខ្លះ?,អាណាចក្រភ្នំមានព្រំប្រទល់ជាប់ប្រទេសដូចជា -ខាងជើងជាប់ចិន -ខាងត្បូងជាឈូងសមុទ្រខ្មែរ -ខាងកើតជាប់រដ្ឋចម្ប៉ា -ខាងលិចជាប់រដ្ធមនឬភូមា។,អាណាចក្រភ្នំមានព្រំប្រទល់ជាប់ប្រទេសដូចជា -ខាងជើងជាប់ចិន(រដ្ឋណានឆាវតុងកឹង) -ខាងត្បូងជាឈូងសមុទ្រខ្មែរ(ឈូងសមុទ្រនគរភ្នំ) -ខាងកើតជាប់រដ្ឋចម្ប៉ា -ខាងលិចជាប់រដ្ឋមនឬភូមា។,6,6,4,1.0,0.98583984375,4,6,0,0
632,ហេតុអ្វីបានជាផ្នែកឯកជនជាកម្លាំងដ៏សំខាន់សម្រាប់វិនិយោគនិងធ្វើឲ្យមានកំណើនសេដ្ឋកិច្ចក្នុងប្រទេស?,បានជាផ្នែកឯកជនជាកម្លាំងដ៏សំខាន់សម្រាប់វិនិយោគនិងធ្វើឲ្យមានកំណើនសេដ្ឋកិច្ចក្នុងប្រទេស ព្រោះប្រទេសកម្ពុជាជាប្រទេសអភិវឌ្ឍន៍ សេដ្ឋកិច្ចទីផ្សារដោយបានធ្វើកំណែទម្រង់សហគ្រាសឧស្សាហកម្មឲ្យក្លាយទៅជាកម្មសិទ្ធិឯកជន ។ សេដ្ឋកិច្ចទីផ្សារសេរីនេះនាំឲ្យអ្នករកស៊ីបរទេសចូលចិត្តមកវិនិយោគ ហើយកាលណាផ្នែកឯកជនរឹងមាំមកវិនិយោគ ហើយកាលណាផ្នែកឯកជនមិនរឹងមាំអាចបំពេញបន្ថែមវិនិយោគនិងវិស័យសង្គមកិច្ចមានន័យថាវិស័យឯកជនស្រូបយកកម្លាំងការងារកាន់តែកើនឡើង។,បានជាផ្នែកឯកជនជាកម្លាំងដ៏សំខាន់វិនិយោគនិងធ្វើឲ្យមានកំណើនសេដ្ឋកិច្ចក្នុងប្រទេសព្រោះ -កម្ពុជាជាប្រទេសអនុវត្តសេដ្ឋកិច្ចទីផ្សារសេរីចាប់ពីឆ្នាំមួយពាន់ប្រាំបួនរយកៅសិបបីដែលបានធ្វើកំណែទម្រង់សហគ្រាសឲ្យក្លាយទៅជាកម្មសិទ្ធិឯកជន -សេដ្ឋកិច្ចទីផ្សារសេរីបាននាំឲ្យនៅរស់ស៊ីបរទេស វិនិយោគិន ណាផ្នែកឯកជនដ៏រឹងមាំអាចបំពេញបន្ថែមវិនិយោគជាសាធារណៈក្នុងវិស័យសង្គមកិច្ចមានន័យថាវិស័យឯកជនអាចស្រូបយក-----កម្លាំងការងារកាន់តែច្រើនឡើង។,15,4,1,0.26666666666666666,0.460693359375,2,7,1,3
633,តើប្រព័ន្ធផលិតកម្មកសិកម្មនៅក្នុងប្រទេសកម្ពុជាមានអ្វីខ្លះ?ចូររៀបរាប់​ ។,ប្រព័ន្ធផលិតកម្មកសិកម្មនៅប្រទេសកម្ពុជាមាន៖    _ ដំណាំ : ដំណាំស្រូវ ដំណាំកៅស៊ូ ដំណាំផ្សេងៗទៀត    _ ការចិញ្ចឹមសត្វ : ការចិញ្ចឹមសត្វលើគោក ការចិញ្ចឹមសត្វក្នុងទឹក    _ ការនេសាទ : ការនេសាទទឹកសាប ការនេសាទទឹកប្រៃ  _ ព្រៃឈើ : ផលិតផលឈើ អនុផលព្រៃឈើ(រកឃ្មុំ ជ័រទឹក វល្លិ៍ ផ្តៅ) សត្វព្រៃ ។,. ប្រព័ន្ធផលិតកម្មនៅប្រទេសកម្ពុជារួមមាន៖ ការដាំដំណាំ ដាំកៅស៊ូដាំ ដំឡូង ដាំស្រូវជាដើម មានការនេសាទ កាេនសាទបែបបុរាណនេះសាបក្រោមក៏រងនូវ ការចិញ្ចឹមសត្វលក្ខណៈ សារនិងការចិញ្ចឹមសត្វ ធ្វើបែបនេះជាមុខរបរ អនុផលព្រៃឈើកាប់ព្រៃឈើធ្វើអាជីវកម្ម។,10,10,4,1.0,0.83251953125,3,8,1,2
634,ហេតុអ្វីបានជាផ្នែកឯកជនជាកម្លាំងដ៏សំខាន់សម្រាប់វិនិយោគ និងធ្វើឲ្យមានកំណើនសេដ្ឋកិច្ចក្នុងប្រទេស?,បានជាផ្នែកឯកជនជាកម្លាំងដ៏សំខាន់សម្រាប់កំណើនសេដ្ឋកិច្ចកម្ពុជាព្រោះ -កម្ពុជាបានអនុវត្តសេដ្ឋកិច្ចទីផ្សារសេរីដោយបានធ្វើកំណែទម្រង់ពីសហគ្រាសរដ្ឋឲ្យក្លាយទៅជាកម្មសិទ្ធិឯកជន -សេដ្ឋកិច្ចទីផ្សារសេរីនាំឲ្យអ្នករកស៊ីចូលចិត្តមករកស៊ីនិងដាក់វិនិយោគទុន -កាលណាភ្នែកឯកជនរឹងមាំអាចជួយបំពេញបន្ថែមលើវិនិយោគសាធារណៈក្នុងវិស័យសេដ្ឋកិច្ចគឺផ្នែកឯកជនអាចស្រូបយកកម្លាំងពលកម្មកើនឡើង។,ហេតុបានជាផ្នែកឯកជនជាកម្លាំងដ៏សំខាន់សម្រាប់វិនិយោគនិងធ្វើឲ្យមានកំណើនក្នុងប្រទេសពីព្រោះអ្នកឯកជនខ្លះ ភាគច្រើនមានវិស័យក្នុងស្រុកនិងក្រៅស្រុកហើយគេស្គាល់ពីទំនិញបានច្រើនបានជាគេពឹងផ្អែកលើផ្នែកឯកជនហើយគេមាន ចំណូលច្រើនសម្រាប់ធ្វើឲ្យមានកំណើរសេដ្ឋកិច្ចនិងមានមុខរបរច្បាស់លាស់សម្រាប់វិនិយោគក្រុមហ៊ុនធំៗនៅក្នុងប្រទេស។,15,6,2,0.4,0.2418212890625,1,4,1,2
635,ចូរនិយាយពីកំណកាម៉ែតញី។,ការស្ថិតនៅក្រោមសារពាង្គកាយនៃពងស្វាសមានសារៈសំខាន់ដូចជាដើម្បីរក្សាសីតុណ្ហភាពឲ្យ ទាបជាងសីតុណ្ហភាពក្នុងខ្លួន ប្រហែលពី(2-3)សីតុណ្ហភាពក្នុងខ្លួន37 ។,កំណកាម៉ែតញីដំបូងកោសិកាពូជមួយរួមចំណែកពីរដងបន្តបន្ទាប់គ្នា បានកោសិកាអូវ៉ូកូរី4 ។ អូវ៉ូកូរីនីមួយៗរីកមាឌអាចជាអូវ៉ូស៊ីត1 ។អូវ៉ូស៊ីតមួយរងចំណែកមួយនៃមេយោធាហើយត្រូវបាន ឈប់គាំងនៅវគ្គប្រផ្ដាស1 ។,10,5,2,0.5,0.394775390625,2,4,0,1
