idx,Question,Reference,Answer,Max Score,true_raw,true_label,true_score,pred_score,pred_label,pred_raw,abs_error,raw_abs_error
0,តើប្រព័ន្ធផលិតកម្មកសិកម្មនៅក្នុងប្រទេសកម្ពុជាមានអ្វីខ្លះ?ចូររៀបរាប់​ ។,ប្រព័ន្ធផលិតកម្មកសិកម្មនៅប្រទេសកម្ពុជាមាន៖    _ ដំណាំ : ដំណាំស្រូវ ដំណាំកៅស៊ូ ដំណាំផ្សេងៗទៀត    _ ការចិញ្ចឹមសត្វ : ការចិញ្ចឹមសត្វលើគោក ការចិញ្ចឹមសត្វក្នុងទឹក    _ ការនេសាទ : ការនេសាទទឹកសាប ការនេសាទទឹកប្រៃ  _ ព្រៃឈើ : ផលិតផលឈើ អនុផលព្រៃឈើ(រកឃ្មុំ ជ័រទឹក វល្លិ៍ ផ្តៅ) សត្វព្រៃ ។,ប្រព័ន្ធផលិតកម្មកសិកម្មនៅប្រទេសកម្ពុជាមានដូចជា៖  _ ឧស្សាហកម្ម  _ កសិកម្ម  _ ពាណិជ្ជកម្ម  _ ទេសចរណ៍  _ ទូរគមនាគម៏ ​ _ ត្បាញហូលផាមួង។,10,2,1,0.2,0.60400390625,2,6,1,4
1,ចូររៀបរាប់ពីទំនាក់ទំនងរវាងការដាំដុះ​ អាជីវកម្មព្រៃឈើ និងការនេសាទ។,ទំនាក់ទំនងរវាងការដាំដុះ អាជីវកម្មព្រៃឈើ និងការនេសាទមានដូចជា៖ -ការដាំដុះដោយប្រើជីធម្មជាតិ -ការប្រើប្រាស់ជីគីមី -ដាំដុះនិងធ្វើតាមរដូវ -អាជីវកម្មព្រៃឈើ -ការកាប់បំផ្លាញព្រៃឈើ -ការដុតព្រៃឈើ -ការកាប់ឈើយកទៅធ្វើអាជីវកម្ម +ការនេសាទ -ការនេសាទត្រីពេលត្រីពក -ការនេសាទដោយប្រើអគ្គិសនី -ការនេសាទហួសកម្រិត -ការនេសាទគឺជាមុខរបរប្រចាំថ្ងៃាបស់ប្រជាជន -នឹងជាអាហារប្រចាំថ្ងៃរបស់ប្រជាជន -ការនេសាទធ្វើប្រជាជនមានមុខរបររកស៊ីត្រឹមត្រូវ -ការនេសាទប្រើប្រាស់ឧបករណ៍នេសាទខុសច្បាប់ -ការបំផ្លាញជំរកត្រី -ការបកហូរទឹកចេញពី,រៀបរាប់ពីទំនាក់ទំនងនៃការដាំដុះ អាជីវកម្មព្រៃឈើ និងការនេសាទ៖ -ការដាំដុះព្រៃឈើជាភោគទ្រព្យយ៉ាងសំខាន់សម្រាប់ប្រជាជនកម្ពុជាក្នុងការទ្រទ្រង់ជីវិត និងជីវភាពរស់នៅនិងការអភិវឌ្ឍន៍ផ្លូវជាតិ -ដើម្បីបំពេញតម្រូវការផលិកម្មនិងតម្រូវការផ្សេងៗទៀត ព្រៃឈើ ធ្វើអាជីវកម្ម ធ្វើផ្ទះ អាកាសធាតុប្រែប្រួល បាត់បង់ជីវិតសត្វកម្រសត្វ ព្រៃ បាត់បង់ឧស្ម័នធម្មជាតិ -ទិន្នផលនៃប្រព័ន្ធផលិតកសិកម្មនាំឲ្យមានកំណើននៃការប្រើប្រាស់គីមីសម្លាប់សត្វល្អិត។​ ថ្នាំសម្លាប់សត្វល្អិត គីមីបានហូរនៅផ្ដុំទឹកបំផ្លាញ មច្ឆាជាតិ។,15,15,4,1.0,0.61572265625,2,9,2,6
2,តើកត្តាអ្វីខ្លះដែលធ្វើអោយសម័យអង្គររីកចម្រើនដល់កំពូល?​ ចូលរៀបរាប់។,កត្តាដែលធ្វើអោយសម័យអង្គររីកចម្រើនគឺ: កត្តាព្រះរាជា:ព្រះរាជាចាប់ពីព្រះបាទជ័យវរ្ម័នទី 2 រហូតដល់ព្រះបាទជ័យវរ្ម័នទី 7 សុទ្ធតែជាស្ដេចខ្លាំងពូកែ កត្តានយោបាយ: នយោបាយក្នុងប្រទេសបង្រួបបង្រួមជាតិកសាងនិងការពារទឹកដី នយោបាយក្រៅប្រទេស:ចងសម្ព័ន្ធមិត្តជាមួយប្រទេសធំៗវាយយករដ្ឋតូចដាក់ជាចំណុះ កត្តាសេដ្ឋកិច្ច:រីកចម្រើនលើវិស័យកសិកម្មសិប្បកម្មគណនាគម កត្តាសាសនា:ការឯកភាពគ្នារវាងសាសនាព្រាហ្មនិងព្រះពុទ្ធ កត្តាធនធានមនុស្សបន្សល់ទុកតាំងពីសម័យនគរភ្នំនិងចេនឡាមក។,កត្តាដែលធ្វើអោយសម័យអង្គររីកចម្រើនគឺ: កត្តាព្រះរាជា:ព្រះរាជាចាប់ពីព្រះបាទជ័យវរ្ម័នទី 2 រហូតដល់ព្រះបាទជ័យវរ្ម័នទី 7 សុទ្ធសឹងតែជាស្ដេចខ្លាំងពូកែ កត្តានយោបាយ: នយោបាយក្នុងប្រទេសបង្រួបបង្រួមជាតិកសាងនិងការពារទឹកដី នយោបាយក្រៅប្រទេស:ចងសម្ព័ន្ធមិត្តជាមួយប្រទេសធំៗវាយយករដ្ឋតូចដាក់ជាចំណុះ,10,5,2,0.5,0.69873046875,3,7,1,2
3,តើព្រះអង្គឌួងមានស្នាព្រហស្ថអ្វីខ្លះចំពោះប្រទេសជាតិនិងប្រជារាស្ត្រខ្មែរ?,ព្រះបាទអង្គឌួងមានស្នាព្រហស្តដូចជាផ្នែករដ្ឋបាលរៀបចំប្រព័ន្ធរដ្ឋបាលនិងច្បាប់ទម្លាប់ស្ដារឡើងវិញមានរបៀបផ្នែកសេដ្ឋកិច្ចលើកស្ទួយវិស័យកសិកម្មជួសជុលប្រព័ន្ធ សេះនិងពាណិជ្ជកម្ម ភ្នែកបរទេសស្វែងរកជំនួយពីបារាំងដើម្បីទប់ទល់នឹងការត្រួតត្រាយួននិងសៀម ផ្នែកវប្បធម៌លើកស្ទួយវប្បធម៌អក្សរសាស្ត្រខ្មែរនិង សាសនា កត្តាផ្ទៃក្នុង ការបែកបាក់រាជវង្សានុវង្សបែកបាក់សាមគ្គី។,ព្រះបាទអង្គឌួងមានស្នាព្រហស្តដូចជាផ្នែករដ្ឋបាលរៀបចំប្រព័ន្ធរដ្ឋបាលនិងច្បាប់ទម្លាប់ស្ដារឡើងវិញមានរបៀបផ្នែកសេដ្ឋកិច្ចលើកស្ទួយវិស័យកសិកម្មជួសជុលប្រព័ន្ធ សេះនិងពាណិជ្ជកម្ម ភ្នែកបរទេសស្វែងរកជំនួយពីបារាំងដើម្បីទប់ទល់នឹងការត្រួតត្រាយួននិងសៀម ផ្នែកវប្បធម៌លើកស្ទួយវប្បធម៌អក្សរសាស្ត្រខ្មែរនិង សាសនា កត្តាផ្ទៃក្នុង ការបែកបាក់រាជវង្សានុវង្សបែកបាក់សាមគ្គី។,15,15,4,1.0,0.60400390625,2,9,2,6
4,ចូរពណ៌នាពីពីការអភិវឌ្ឍសេដ្ឋកិច្ច សង្គម នៅកម្ពុជាពីឆ្នាំ១៩៩៣ មកទល់សព្វថ្ងៃ?,ពណ៌នាពីពីការអភិវឌ្ឍសេដ្ឋកិច្ច សង្គម នៅកម្ពុជាពីឆ្នាំ១៩៩៣ មកទល់សព្វថ្ងៃ .វិស័យសេដ្ឋកិច្ច:  +សេដ្ឋកិច្ចកម្ពុជាមានការរីកចម្រើនឡើងជាបន្តបន្ទាប់ដែលធ្វើឲ្យប្រទេសកម្ពុជាមានជីវភាពល្អប្រសើរ។ +កសិកម្មរីកចម្រើនខាងដាំដំណាំស្រូវទទួលបានទិន្នផលខ្ពស់ជាបន្តបន្ទាប់ +ឧស្សាហកម្មមានតំណាងរោងចក្រច្រើនកន្លែងនិងលើកឡើងនៅសហគ្រឿងធំៗដែលបានផ្ដល់ចំណូលដល់ប្រជាពលរដ្ឋ +ពាណិជ្ជកម្មកាលនាំចូលមកក្នុងប្រទេសនិងមានវិនិយោគក្នុងប្រទេស +គមនាគមន៍កសាងស្ពានផ្លូវថ្នល់អាកាសយានដ្ឋានផ្គត់ផ្គង់ប្រព័ន្ធទឹកពីទីក្រុងដល់ជនបទ កំពុងផែ +ហិរញ្ញវត្ថុមានស្ថេរភាពក្នុងអត្រាប្ដូរប្រាក់ +ធនាគារលើកឡើងនៅធនាគារជាតិហ្នឹងឯកជនជាច្រើន .វិស័យសង្គម +ការអប់រំសិក្សា បង្កើតសាលារៀនគ្រប់កម្រិតពីមត្តីរហូតដល់ឧត្តមសិក្សាបណ្ដុះបណ្ដាលធនធានមនុស្សនិងបញ្ជូននិស្សិតឲ្យទៅរៀននៅក្រៅប្រទេស។ +វប្បធម៌អរិយធម៌ ស្ដារវប្បធម៌ឡើងវិញនិងដាក់បញ្ចូលជាសម្បត្តិបេតិកភណ្ឌពិភពលោកចាប់ផ្ដើមប្រជាជនមានសិទ្ធិជឿលើសាសនា។ +សុខាភិបាលបង្កើតឲ្យមានមន្ទីរពេទ្យលោកសុខភាពនិងឱសថសាស្ត្រ +សិល្បៈបង្កើតឲ្យមានសាលាសាកលវិទ្យាល័យសិល្បៈ.,ពណ៌នាពីពីការអភិវឌ្ឍសេដ្ឋកិច្ច សង្គម នៅកម្ពុជាពីឆ្នាំ១៩៩៣ មកទល់សព្វថ្ងៃ +សេដ្ឋកិច្ច -រាជរដ្ឋាភិបាលបានអនុវត្តគោលនយោបាយឈ្នះឈ្នះដែលធ្វើឲ្យសេដ្ឋកិច្ចកម្ពុជារីកចម្រើន -នយោបាយចតុកោណដែលជាការអភិវឌ្ឍន៍តាមជំហានគីង្គក់ប៉ុន្តែបច្ចុប្បន្ននាយករដ្ឋមន្ត្រីថ្មីបានអនុវត្តនយោបាយចតុកោណដំណាក់កាលចុងក្រោយ -កម្ពុជាបានធ្វើកិច្ចសហប្រតិបត្តិការជាមួយបណ្ដាប្រទេសនានា -សេដ្ឋកិច្ចកម្ពុជាមានការលូតលាស់យ៉ាងឆាប់រហ័ស -កម្ពុជាទទួលបានជំនួយយ៉ាងច្រើនពីបណ្ដាប្រទេសលើលោក -ឧស្សាហកម្មនៅប្រទេសកម្ពុជាមានការកើនឡើងដោយមានកំណើនរោងចក្រកាត់ដេរដែលបានបង្កើតឱកាសការងារដល់ប្រជាជន -កម្ពុជាមានការធ្វើពាណិជ្ជកម្មជាមួយប្រទេសជាច្រើនតាមរយៈផ្លូវទឹក -កម្ពុជាប្រកាន់យកលទ្ធិប្រជាធិបតេយ្យ -កម្ពុជាចូលជាសមាជិកអាស៊ាននៅថ្ងៃទី 30 ខែមេសាឆ្នាំ១៩៩៩ -ចូលជាសមាជិកអង្គការពាណិជ្ជកម្មពិភពលោកនៅឆ្នាំ២០០៤ -កម្ពុជាធ្វើជាម្ចាស់ផ្ទះអាស៊ាននៅឆ្នាំ 2002 និងឆ្នាំ 2012 និងឆ្នាំ 2022 +សង្គម -ការអប់រំ: រាជរដ្ឋាភិបាលបានចូលរួមកសាងសាលារៀនជាច្រើននៅតាមទីជនបទនិងប្រជុំជននិងបានបញ្ជូនសិស្សនិងនិស្សិតជាច្រើនអ្នកទៅរៀននៅក្រៅប្រទេសនិងបង្កើតក្រសួងអប់រំយុវជននិងកីឡា -វប្បធម៌: បានបង្កើតសាលាវិចិត្រសិល្បៈនិងលើកទឹកចិត្តដល់ធនធានសិល្បករគ្រប់រូបឲ្យខិតខំប្រឹងប្រែងរក្សាកេរដំណែល -ហេដ្ឋារចនាសម្ព័ន្ធ: បានកសាងផ្លូវថ្នល់ស្ពានជាច្រើនទាំងនៅតាមខេត្តនិងទីប្រជុំជននានាជាពិសេសបានអភិវឌ្ឍន៍នៅទីក្រុងភ្នំពេញដែលសំបូរផ្លូវថ្នល់ខ្វែតខ្វែងស្ពានអាការនានាដែលជួយសម្រាលដល់ការកក់ស្ទះចរាចរណ៍,10,10,4,1.0,0.62890625,3,6,1,4
5,បុព្វហេតុអ្វីខ្លះដែលនាំឲ្យអាណាចក្រចេនឡាបែកបាក់ជាពីរគឺអាណាចក្រចេនឡាដីគោកនិងចេនឡាទឹកលិច?,បុព្វហេតុដែលនាំហើយអាណាចក្រចេនឡាបែកជាពីរគឺ -វិសាលភាពទឹកដីធំទូលាយ -ចម្បាំងអត់ឈប់ឈរ -សមន្ដរដ្ឋបះបោរចង់ផ្ដាច់ខ្លួន -វិបត្តិផ្ទៃក្នុង -ព្រះនាងជ័យទេវីគ្មានសមត្ថភាពគ្រប់គ្រង។,បុព្វហេតុដែលនាំហើយអាណាចក្រចេនឡាបែកជាពីរគឺ -វិសាលភាពទឹកដីធំទូលាយ -ចម្បាំងអត់ឈប់ឈរ -សមន្ដរដ្ឋបះបោរចង់ផ្ដាច់ខ្លួន -ព្រះនាងជ័យទេវីគ្មានសមត្ថភាពគ្រប់គ្រង។,7,7,4,1.0,0.9111328125,4,6,0,1
6,តើថ្ងៃរំដោះ៧មករា១៩៧៩ មានអត្ថន័យយ៉ាងណាខ្លះចំពោះប្រវត្តិសាស្ត្រកម្ពុជា?,ថ្ងៃរំដោះ 7 មករា 1979 មានអត្ថន័យជាប្រវត្តិសាស្រ្តដូចជា÷ -ជាថ្ងៃដែលប្រជាជនរួចផុតពីរបបប្រល័យពូជសាសន៍ -ជាថ្ងៃដែលរបបកម្ពុជាប្រជាធិបតេយ្យដួលរលំ -ជាថ្ងៃកំណើតទី 2 របស់ប្រជាជនខ្មែរ -ជាថ្ងៃដែលកងទ័ពរណសិរ្យសាមគ្គីនិងកងទ័ពរំដោះប្រជាជន បានរំដោះប្រជាជនចេញពីរបបប្រល័យពូជសាស្ត្រកម្ពុជា។,ថ្ងៃរំដោះ៧ មករា 1979 មានអត្ថន័យជាប្រវត្តិសាស្រ្តកម្ពុជាដូចជា៖ -ជាថ្ងៃដែលប្រជាជនកម្ពុជារួចផុតពីការសម្លាប់រង្គាលនៃរបបកម្ពុជាប្រជាធិបតេយ្យ -ជាថ្ងៃកំណើតទី 2 របស់គោរដ្ឋកម្ពុជាដែលបានរួចផុតពីរបបកម្ពុជាប្រជាធិបតេយ្យ -បាននាំមកជូនប្រជាជនវិញនូវសិទ្ធិសេរីភាពទាំងអស់ក្រោយការដួលរលំនៃរបបកម្ពុជាប្រជាធិបតេយ្យ -ការរស់រៀនឡើងវិញនូវវប្បធម៌ជាតិមានដូចជាជំនឿសាសនាប្រពៃណីសិល្បៈជាដើម -ស្ដារនិងកសាងប្រទេសឡើងវិញស្របតាមឆន្ទះនិងគោលបំណងប្រជាជន -ជាថ្ងៃនៃការស្ដារមុខមាត់ប្រទេសកម្ពុជាឡើងវិញលើឆាកតំបន់និងអន្តរជាតិ -បង្ហាញពីបង្ហាញពីសាមគ្គីភាពរវាងប្រទេសកម្ពុជាវៀតណាម -ជាកម្លាំងស្នូលនៃការបង្រួបបង្រួមជាតិ -កម្ពុជាអាចកំណត់វាសនាប្រទេសជាតិដោយខ្លួនឯង -ចាប់ផ្ដើមការបង្កើតសមត្ថភាពធនធានមនុស្សដោយបញ្ជូននិស្សិតទៅបណ្ដុះបណ្ដាលនៅក្រៅប្រទេស -កម្ពុជាអាចមានឯករាជ្យសន្តិភាពសេរីភាពបានគល់ស្ថិរភាពដើម្បីដំណើរបន្តទៅមុខដោយសុខភាព -អាចមានផ្លូវដើរដោយច្បាស់លាស់ដោយមិនជាន់ដានអតីតកាល។,8,8,4,1.0,0.95849609375,4,8,0,0
7,តើកត្តាអ្វីខ្លះដែលធ្វើអោយសម័យអង្គររីកចម្រើនដល់កំពូល?​ ចូលរៀបរាប់។,កត្តាដែលធ្វើអោយសម័យអង្គររីកចម្រើនគឺ: កត្តាព្រះរាជា:ព្រះរាជាចាប់ពីព្រះបាទជ័យវរ្ម័នទី 2 រហូតដល់ព្រះបាទជ័យវរ្ម័នទី 7 សុទ្ធតែជាស្ដេចខ្លាំងពូកែ កត្តានយោបាយ: នយោបាយក្នុងប្រទេសបង្រួបបង្រួមជាតិកសាងនិងការពារទឹកដី នយោបាយក្រៅប្រទេស:ចងសម្ព័ន្ធមិត្តជាមួយប្រទេសធំៗវាយយករដ្ឋតូចដាក់ជាចំណុះ កត្តាសេដ្ឋកិច្ច:រីកចម្រើនលើវិស័យកសិកម្មសិប្បកម្មគណនាគម កត្តាសាសនា:ការឯកភាពគ្នារវាងសាសនាព្រាហ្មនិងព្រះពុទ្ធ កត្តាធនធានមនុស្សបន្សល់ទុកតាំងពីសម័យនគរភ្នំនិងចេនឡាមក។,កត្តាដែលធ្វើអោយសម័យអង្គររីកចម្រើនគឺ: .កត្តាព្រះរាជា:ព្រះរាជាចាប់ពីព្រះបាទជ័យវរ្ម័នទី 2 រហូតដល់ព្រះបាទជ័យវរ្ម័នទី 7 សុទ្ធសឹងតែជាស្ដេចខ្លាំងពូកែ .កត្តានយោបាយ: +នយោបាយក្នុងប្រទេស:បង្រួបបង្រួម​ កសាង និងការពារ។ +នយោបាយក្រៅប្រទេស:ចងសម្ព័ន្ធមិត្តជាមួយប្រទេសធំៗដូចជាចិននិងឥណ្ឌា និងវាយយករដ្ឋតូចដាក់ជាចំណុះ .កត្តាសេដ្ឋកិច្ច:ការរីកចម្រើនលើវិស័យកសិកម្ម សិប្បកម្ម គណនាគមន៍ .កត្តាសាសនា:មានការឯកភាពគ្នារវាងសាសនាព្រាហ្មនិងព្រះពុទ្ធ .កត្តាធនធានមនុស្សបន្សល់ទុកតាំងពីសម័យនគរភ្នំនិងចេនឡាមក។,10,10,4,1.0,0.96044921875,4,10,0,0
8,តើគេចែកយុគសម័យបុរេប្រវត្តិសាស្ត្រកម្ពុជាជាប៉ុន្មានយុគសម័យ?អ្វីខ្លះ?,គេចែកយុគសម័យបុរេប្រវត្តិសាស្ត្រកម្ពុជាជាបីយុគសម័យគឺ -យុគថ្មបំបែក (600000 - 12000 ឆ្នាំមុនគ.ស) -យុគថ្មរលីងឬសំលៀង (8000 - 2000 ឆ្នាំមុនគ.ស) -យុគលោហៈ(2000-100 ឆ្នាំមុនគ.ស)។,គេចែកយុគសម័យបុរេប្រវត្តិសាស្ត្រកម្ពុជាជាបីយុគសម័យគឺ -យុគថ្មបំបែក (600000 - 12000 ឆ្នាំមុនគ.ស) -យុគថ្មរលីងឬសំលៀង (8000 - 2000 ឆ្នាំមុនគ.ស) -យុគលោហៈ(2000-100 ឆ្នាំមុនគ.ស)។,5,5,4,1.0,0.96923828125,4,5,0,0
9,ចូរនិយាយពីកំណកាម៉ែតញី។,ការស្ថិតនៅក្រោមសារពាង្គកាយនៃពងស្វាសមានសារៈសំខាន់ដូចជាដើម្បីរក្សាសីតុណ្ហភាពឲ្យ ទាបជាងសីតុណ្ហភាពក្នុងខ្លួន ប្រហែលពី(2-3)សីតុណ្ហភាពក្នុងខ្លួន37 ។,កំណកាម៉ែនញី ដំបូងកោសិកាពូជមួយរកចម្ងាយពីរដងទម្លាប់គ្នាបានកោសិកាអូវ៉ូកូនី4 ។អូវុលរីក មាឌក្លាយជាអូវូស៊ីត1 ។អូវ៉ូស៊ីតមួយរងចំណែកមួយនៃមេយ៉ូសហើយត្រូវបានជាប់គាំងនៅចុង វគ្គមួយ ។,10,5,2,0.5,0.436767578125,2,4,0,1
10,រៀបរាប់ពីទំនាក់ទំនងរវាងការដាំដុះអាជីវកម្មព្រៃឈើនិងនេសាទ។,ទំនាក់ទំនងរវាងការដាំដុះ អាជីវកម្មព្រៃឈើ និងការនេសាទមានដូចជា៖ -ការដាំដុះដោយប្រើជីធម្មជាតិ -ការប្រើប្រាស់ជីគីមី -ដាំដុះនិងធ្វើតាមរដូវ -អាជីវកម្មព្រៃឈើ -ការកាប់បំផ្លាញព្រៃឈើ -ការដុតព្រៃឈើ -ការកាប់ឈើយកទៅធ្វើអាជីវកម្ម +ការនេសាទ -ការនេសាទត្រីពេលត្រីពក -ការនេសាទដោយប្រើអគ្គិសនី -ការនេសាទហួសកម្រិត -ការនេសាទគឺជាមុខរបរប្រចាំថ្ងៃាបស់ប្រជាជន -នឹងជាអាហារប្រចាំថ្ងៃរបស់ប្រជាជន -ការនេសាទធ្វើប្រជាជនមានមុខរបររកស៊ីត្រឹមត្រូវ -ការនេសាទប្រើប្រាស់ឧបករណ៍នេសាទខុសច្បាប់ -ការបំផ្លាញជំរកត្រី -ការបកហូរទឹកចេញពី,ទំនាក់ទំនងការដាំព្រៃកសិកម្មព្រៃឈើនិងការនេសាទ +កសិកម្មព្រៃឈើ -ជួយបង្កើននូវចម្រកសម្រាប់មនុស្ស -បង្កើនអុកស៊ីសែនក្នុងបរិយាកាស -ការប្រើប្រាស់ព្រៃឈើមួយសម្រាប់ធ្វើគ្រឿងលម្អផ្សេងៗ តុ ទូ កៅ​ ។ល។ -ផ្ដល់ជាម្ហូបសម្រាប់មនុស្សសត្វផ្ដល់ជាម្ហូបសម្រាប់មនុស្សសត្វ -ការកាប់ឈើសម្រាប់ធ្វើជាអាជីវកម្ម -ជួយបង្កើនការងារដល់ប្រជាជន +ការដាំដុះការដាំដុះនៅកម្ពុជាចែកចេញជាពីរការដាំដុះសម្រាប់លក់និងការដាំដុះសម្រាប់លក្ខណៈគ្រួសារ -ការដាំដុះសម្រាប់លក់ឬសម្រាប់ធ្វើអាជីវកម្មរួមមានដំណាំ .ស្រូវ .កៅស៊ូ .ពោត .សណ្ដែក .ល្ង .អំពៅ .ដំឡូង -ការដាំដុះសម្រាប់លក្ខណៈគ្រប់គ្រួសារគឺជាការដាំសម្រាប់តែនៅជុំវិញផ្ទះសម្រាប់តែគ្រួសារប៉ុណ្ណោះ +ការនេសាទ -ការនេសាទនៅរដូវត្រីពង -ការនេសាទដោយប្រើឧបករណ៍ឆក់ -ការនេសាទដោយការអូសទាញ -ការនេសាទខុសរដូវត្រីពងរួច -ការនិស្សិតខុសច្បាប់ជាដើម។,15,5,1,0.3333333333333333,0.599609375,2,9,1,4
11,តើសង្គមខ្មែរនៅសម័យអង្គរមានប៉ុន្មានវណ្ណៈ? វណ្ណៈអ្វីខ្លះ? ចូលរៀបរាប់។,សង្គមខ្មែរនៅសម័យអង្គរមានប្រាំវណ្ណៈគឺ -វណ្ណៈក្សត្រឬរាជវង្សនុវង្ស (ជាស្ដេចគ្រប់គ្រងប្រទេស -វណ្ណៈមន្ត្រី (អ្នករស់នៅក្នុងរាជវាំងបម្រើស្ដេច) -វណ្ណៈព្រាហ្ម៍ឬបុព្វជិត​(គឺជាអ្នកបួស) -វណ្ណៈអ្នកជាឬកសិករ (អ្នករស់នៅនឹងធ្វើស្រែចម្ការ) -វណ្ណៈអ្នកងារឬទាសករ(ទាសករបម្រើគេតកូនតចៅ)។,សង្គមខ្មែរនៅសម័យអង្គរមានប្រាំវណ្ណៈគឺ -វណ្ណៈក្សត្រឬរាជវង្សនុវង្ស: មានបុព្វសិទ្ធណាស់គ្មានការបង់ពន្ធ មានអំណាចគ្រប់គ្រាន់រស់នៅដោយស្រួលមិនចាំបាច់ធ្វើការងារ និងមិននឿយហត់ទេ -វណ្ណៈមន្ត្រី: ឋានានុក្រមរបស់ពួកគេអាចសម្គាល់តាមរយៈឥស្សតិយយសនិងចំនួនផ្ទះប្រកក្បឿងរបស់ពួកគេ។ -វណ្ណៈអ្នកបួសឬបុព្វជិត​: មានពួកប៉ាន់ឃាប ព្រាហ្ម៍បុរោហិត ជូគូនិងប៉ាវីស៊ី។ -វណ្ណៈអ្នកជា:ពួកមានឋន្តះដូចពួកឈ្មួញសិប្បករ កសិករនិងប្រជារាស្រ្ដសាមញ្ញ -វណ្ណៈអ្នកងារឬទាសករ:ពួកនេះជាបម្រើគេអស់មួយជីវិតតកូនតចៅនេះមានឋានៈទាបបំផុតហើយត្រូវទៅធ្វើការតាមបញ្ជាគេដាក់ឲ្យនឹងគ្មានប្រាក់កម្រៃទេ។ពួកទាសកនេះមានទាសករឈ្លើយសឹក ទាសករតពូជ ទាសករជាជនជាតិភាគតិចនិងទាសករដែលគេចាប់យកមកលក់។,10,10,4,1.0,0.6044921875,2,6,2,4
12,ហេតុអ្វីបានជាមនុស្សស្រូបយកខ្យល់ដែលមានកាបូនម៉ណូអុកស៊ីតអាចបង្កគ្រោះថ្នាក់ដល់ស្លាប់បាន?,បានជាមនុស្សស្រូបយកខ្យល់ដែលមានកាបូនម៉ូណូអុកស៊ីដអាចបង្កឲ្យមានគ្រោះថ្នាក់ដល់ស្លាប់ បានព្រោះកាបូនម៉ូណូអុកស៊ីដមានសមត្ថភាពចាប់យក ក្នុងឈាមបានខ្លាំងជាងអុកស៊ីសែន វារារាំងឈាមមិនឲ្យដឹកនាំអុកស៊ីសែនទៅចិញ្ចឹមសរីរាង្គជាពិសេសខួរក្បាលដែលបណ្តាលឲ្យ ស្លាប់និង សន្លប់ ។,បានជាមនុស្សស្រូបយកខ្យល់ដែលមាន កាបូនម៉ូណូអុកស៊ីដអាចបង្កគ្រោះថ្នាក់ដល់ស្លាប់បានព្រោះ វាជាខ្យល់ពុលដែលមានពោរពេញដោយបរិយាកាសជុំវិញខ្លួន ។,5,2,2,0.4,0.60693359375,2,3,0,1
13,បុព្វហេតុអ្វីខ្លះដែលនាំឲ្យអាណាចក្រចេនឡាបែកបាក់ជាពីរគឺអាណាចក្រចេនឡាដីគោកនិងចេនឡាទឹកលិច?,បុព្វហេតុដែលនាំហើយអាណាចក្រចេនឡាបែកជាពីរគឺ -វិសាលភាពទឹកដីធំទូលាយ -ចម្បាំងអត់ឈប់ឈរ -សមន្ដរដ្ឋបះបោរចង់ផ្ដាច់ខ្លួន -វិបត្តិផ្ទៃក្នុង -ព្រះនាងជ័យទេវីគ្មានសមត្ថភាពគ្រប់គ្រង។,បុព្វហេតុដែលនាំហើយអាណាចក្រចេនឡាបែកជាពីរគឺ -វិសាលភាពទឹកដីធំទូលាយ -ចម្បាំងអត់ឈប់ឈរ -សមន្ដរដ្ឋបះបោរចង់ផ្ដាច់ខ្លួន -វិបត្តិផ្ទៃក្នុង -ព្រះនាងជ័យទេវីគ្មានសមត្ថភាពគ្រប់គ្រង។,7,7,4,1.0,0.93798828125,4,7,0,0
14,តើព្រះបាទពញាយ៉ាតមានបុត្រប៉ុន្មានអង្គព្រះនាមអ្វីខ្លះ?ជាមួយអ្នកម្នាងណាខ្លះ?,ព្រះបាទពញាយ៉ាតមានបុត្របីអង្គគឺ នារាយណ៍រាជា ជាបុត្រជាមួយម្នាងទេវី ស្រីរាជាជាបុត្រជាមួយបុទុមកេសរ និងធម្មរាជាជាបុត្រជាមួយសុីសង៉ាម(បុត្រីស្ដេចសៀម)។,ព្រះបាទពញាយ៉ាតមានបុត្របីអង្គគឺ នារាយណ៍រាជា ជាបុត្រជាមួយម្នាងទេវី ស្រីរាជាជាបុត្រជាមួយបុទុមកេសរ និងធម្មរាជាជាបុត្រជាមួយសុីសង៉ាម(បុត្រីស្ដេចសៀម)។,5,5,4,1.0,0.615234375,2,3,2,2
15,ចូរពន្យល់ពាក្យ : ប៉ង់សៀ; បរិយាកាស; ដៃទន្លេ; ភ្នំភ្លើង។,ប៉ង់សៀ -បរិយាកាសគឺជាឧស្ម័នដែលនៅជុំវិញផែនដី -ដៃទន្លេជាទឹកសាបដែលហូរចូលទៅក្នុងស្ទឹងបឹងនឹងមានទីតាំងជាវង្សប្រាំង -ភ្នំភ្លើងគឺជារន្ធមួយនៅសំបកផែនដីដែលតាមរយៈនោះកម្អែលផេះហូរចេញ,ប៉ង់សៀ -បរិយាកាសគឺជាឧស្ម័នដែលនៅជុំវិញផែនដី -ដៃទន្លេជាទឹកសាបដែលហូរចូលទៅក្នុងស្ទឹងបឹងនឹងមានទីតាំងជាវង្សប្រាំង -ភ្នំភ្លើងគឺជារន្ធមួយនៅសំបកផែនដីដែលតាមរយៈនោះកម្អែលផេះហូរចេញ,8,8,4,1.0,0.62939453125,3,5,1,3
16,ចូររៀបរាប់អំពីទំនាក់ទំនងរវាងការដាំដុះអាជីវកម្មព្រៃឈើនិងនេសាទ។,ទំនាក់ទំនងរវាង ការដាំដុះអាជីវកម្មព្រៃឈើ និងការនេសាទ៖  _ ការដាំដុះអាជីវកម្មព្រៃឈើ និងការនេសាទ ជាភោគទ្រព្យយ៉ាងសំខាន់សម្រាប់ប្រជាជនក្នុងការទ្រទ្រង់ក្នុងជីវភាពរស់នៅនិងការអភិវឌ្ឍន៍ប្រទេសជាតិ   _ ដើម្បីបំពេញតម្រូវការក្នុងកសិកម្មផលិតកម្មនិងត្រូវការផ្សេងៗ មនុស្សនាំគ្នាកាប់ព្រៃឈើដើម្បីធ្វើអាជីវកម្មព្រៃឈើជាមូលហេតុធ្វើឲ្យអាកាសធាតុប្រែប្រួលប៉ះពាល់ដល់ជីវិតមនុស្ស សត្វ និងរុក្ខជាតិ  ​ _ អតិផលនៃប្រព័ន្ធកសិកម្ម នាំឲ្យមានកំណើននៃការប្រើប្រាស់គីមីនិងថ្នាំសម្លាប់សត្វល្អិត។ ជីគីមី និងថ្នាំសម្លាប់សត្វល្អិត ទាំងនោះហូរទៅផ្ដុំគ្នានៅតាមផ្លូវទឹកនានា បំផ្លាញជីវិតសត្វនិងពូជធម្មជាតិ។,"ទំនាក់ទំនងរវាងការដាំដុះ អាជីវកម្មព្រៃឈើ និងការនេសាទ៖ + ការដាំដុះ៖   _ ការធ្វើស្រែ ឬស្រូវប្រដេញទឹក   _ ការដាំដំណាំ (ពោត, ដំឡូងមី, កៅស៊ូ និងថ្នាំជក់)   _ ការចិញ្ចឹមសត្វ (ការចិញ្ចឹមគោ មាន់ ជ្រូក ត្រី មាន់)   _ ការធ្វើចម្ការ (ត្រូវធ្វើនៅតាមតំបន់ខ្ពង់រាប ឬតំបន់ទំនាប) + អាជីវកម្មព្រៃឈើ៖   _ ការកាប់ឈើយកទៅធ្វើជាគ្រឿងសង្ហារឹម   _ ការអាជីវកម្មព្រៃឈើ និងការកាប់ឈើហួសប្រមាណ   _ ការប្រមូលផលព្រៃឈើយកទៅលក់នៅបរទេស   _ ការធ្វើកសិកម្មព្រៃដុតដើម្បីយកដីធ្វើកសិកម្ម ឬការដាំដុះ   _ ការកាប់ឈើមានតម្លៃយកទៅលក់នៅក្រៅ + ការនេសាទ៖   _ ការនេសាទត្រីដោយទំនើប និងបែបបុរាណ   _ ការនេសាទលើសកម្រិតឱ្យបាត់បង់ត្រីច្រើន   _ ការនេសាទដោយប្រើអគ្គីសនីឬការឆក់   _ ការនេសាទដោយមានកម្រិត មិនត្រូវនេសាទនៅរដូវត្រីពង   _ ការនេសាទបែបបច្ចេកទេស។",15,5,1,0.3333333333333333,0.6044921875,2,9,1,4
17,តើសង្គមខ្មែរនៅសម័យអង្គរមានប៉ុន្មានវណ្ណៈ? វណ្ណៈអ្វីខ្លះ? ចូលរៀបរាប់។,សង្គមខ្មែរនៅសម័យអង្គរមានប្រាំវណ្ណៈគឺ -វណ្ណៈក្សត្រឬរាជវង្សនុវង្ស (ជាស្ដេចគ្រប់គ្រងប្រទេស -វណ្ណៈមន្ត្រី (អ្នករស់នៅក្នុងរាជវាំងបម្រើស្ដេច) -វណ្ណៈព្រាហ្ម៍ឬបុព្វជិត​(គឺជាអ្នកបួស) -វណ្ណៈអ្នកជាឬកសិករ (អ្នករស់នៅនឹងធ្វើស្រែចម្ការ) -វណ្ណៈអ្នកងារឬទាសករ(ទាសករបម្រើគេតកូនតចៅ)។,សង្គមខ្មែរនៅសម័យអង្គរមានប្រាំវណ្ណៈគឺ -វណ្ណៈក្សត្រឬរាជវង្សនុវង្ស (ជាស្ដេចគ្រប់គ្រងប្រទេស -វណ្ណៈមន្ត្រី (អ្នករស់នៅក្នុងរាជវាំងបម្រើស្ដេច) -វណ្ណៈព្រាហ្ម៍ឬបុព្វជិត​(គឺជាអ្នកបួស) -វណ្ណៈអ្នកជាឬកសិករ (អ្នករស់នៅនឹងធ្វើស្រែចម្ការ) -វណ្ណៈអ្នកងារឬទាសករ(ទាសករបម្រើគេតកូនតចៅ)។,10,10,4,1.0,0.66796875,3,7,1,3
18,បុព្វហេតុអ្វីខ្លះដែលនាំឲ្យអាណាចក្រចេនឡាបែកបាក់ជាពីរគឺអាណាចក្រចេនឡាដីគោកនិងចេនឡាទឹកលិច?,បុព្វហេតុដែលនាំហើយអាណាចក្រចេនឡាបែកជាពីរគឺ -វិសាលភាពទឹកដីធំទូលាយ -ចម្បាំងអត់ឈប់ឈរ -សមន្ដរដ្ឋបះបោរចង់ផ្ដាច់ខ្លួន -វិបត្តិផ្ទៃក្នុង -ព្រះនាងជ័យទេវីគ្មានសមត្ថភាពគ្រប់គ្រង។,បុព្វហេតុដែលនាំហើយអាណាចក្រចេនឡាបែកជាពីរគឺ -វិសាលភាពទឹកដីធំទូលាយ -ចម្បាំងអត់ឈប់ឈរ -សមន្ដរដ្ឋបះបោរចង់ផ្ដាច់ខ្លួន -វិបត្តិផ្ទៃក្នុង -ព្រះនាងជ័យទេវីគ្មានសមត្ថភាពគ្រប់គ្រង។,7,7,4,1.0,0.93798828125,4,7,0,0
19,តើសេដ្ឋកិច្ចកម្ពុជាពឹងផ្អែកលើវិស័យអ្វីជាសំខាន់?     ក/ ហេតុអ្វីបានជាគេនិយាយថាកម្ពុជាជាប្រទេសកសិកម្ម?     ខ/ តើគេចែកកសិករជាប៉ុន្មានប្រភេទ?អ្វីខ្លះ?,សេដ្ឋកិច្ចកម្ពុជាពឹងផ្អែកលើវិស័យកសិកម្មជាសំខាន់។   ក/ បានជាគេនិយាយថាកម្ពុជាជាប្រទេសឧស្សាហកម្មព្រោះ៖  _  សណ្ឋានដី : ដីមានជីវជាតិល្អនិងសម្បូរទំនាបល្បាប់   _ ផ្លូវទឹក : ផ្លូវទឹកខ្វាត់ខ្វែងងាយស្រួលដល់ការដាំដុះ  _ ប្រជាជន : ប្រជាជនខ្មែរភាគច្រើនចូលចិត្តធ្វើកសិកម្ម  _ អាកាសធាតុ : ទទួលអាកាសធាតុក្តៅសើម  _ កសិកម្មផ្តល់ផល50%នៃផលិតផលជាតិសរុប។  ខ/ គេចែកកសិករទាំងនោះជា4ប្រភេទគឺ៖  _ កសិករធ្វើស្រែឬអ្នកស្រែ : និយមធ្វើស្រែ ស្រូវប្រាំង ស្រូវវស្សា ស្រូវឡើងទឹក  _ កសិករតំបន់ដីខ្ពស់ : គេដាំដំណាំជាអចិន្ត្រៃយ៍(ពោត ដំឡូង ចេក កៅស៊ូសណ្តែក)  _ កសិករធ្វើចម្ការដំណាំស្រូវ : គេដាំដំណាំតាមមាត់ទន្លេ ចិញ្ចឹមសត្វនិងនេសាទ  _ កសិករភូមិភាគឦសាន: គេធ្វើដំណាំព្រៃដុតមានដូចជាពោត ដំឡូង ស្រូវរុក្ខជាតិយកមើមដទៃទៀត និងបរបាញ់សត្វផងដែរ។,សេដ្ឋកិច្ចកម្ពុជាពឹងផ្អែកទៅលើវិស័យកសិកម្មព្រោះផ្ទៃដីអំណោយផលផ្ដល់នូវជីវជាតិល្អដល់ដំណាំ។ ការនេសាទទទួលបានទិន្នផលខ្ពស់អាចលក់ចេញដើម្បីផ្គត់ផ្គង់ជីវភាពរស់នៅ។  ក/ បានជាគេនិយាយថាកម្ពុជាជាប្រទេសកសិកម្ម៖ ​  _ មានលក្ខណៈអនុគ្រោះដល់វិស័យនេះពោលគឺសម្បូរវាលទំនាបនិងតំបន់ខ្ពង់រាបទាបៗប្រកបដោយដីមានជីវជាតិល្អសម្រាប់ដាំដុះ ចិញ្ចឹមសត្វ និងព្រៃឈើ។   _ ប្រទេសកម្ពុជាសម្បូរផ្លូវទឹកអនុគ្រោះដល់ការដាំដុះ និងនេសាទ   _ កម្ពុជាស្ថិតនៅតំបន់ត្រូពិចក្តៅហើយសើមដោយទទួលរបបខ្យល់មូសុងមានភ្លៀងធ្លាក់ច្រើន   _ កាត់បន្ថយភាពក្រីក្រប្រជាជន   _ កាត់បន្ថយអត្រាអត់ការងារដល់ប្រជាជន   _ ជាស្បៀងអាហារសម្រាប់ប្រជាជន   _ជាវត្ថុធាតុដើមក្នុងប្រទេស និងនាំចេញទៅក្រៅប្រទេស។  ខ/ គេចែកកសិករទាំងនោះជា3ប្រភេទ៖   _ កសិករកសិកម្ម   _ កសិករចិញ្ចឹមសត្វ និងដាំដុះ   _ កសិករភូមិភាគឦសាន។,20,14,3,0.7,0.60009765625,2,12,1,2
20,តើសង្គមខ្មែរនៅសម័យអង្គរមានប៉ុន្មានវណ្ណៈ? វណ្ណៈអ្វីខ្លះ? ចូលរៀបរាប់។,សង្គមខ្មែរនៅសម័យអង្គរមានប្រាំវណ្ណៈគឺ -វណ្ណៈក្សត្រឬរាជវង្សនុវង្ស (ជាស្ដេចគ្រប់គ្រងប្រទេស -វណ្ណៈមន្ត្រី (អ្នករស់នៅក្នុងរាជវាំងបម្រើស្ដេច) -វណ្ណៈព្រាហ្ម៍ឬបុព្វជិត​(គឺជាអ្នកបួស) -វណ្ណៈអ្នកជាឬកសិករ (អ្នករស់នៅនឹងធ្វើស្រែចម្ការ) -វណ្ណៈអ្នកងារឬទាសករ(ទាសករបម្រើគេតកូនតចៅ)។,សង្គមខ្មែរនៅសម័យអង្គរមានប្រាំវណ្ណៈគឺ -វណ្ណៈក្សត្រឬរាជវង្សានុវង្ស -វណ្ណៈមន្ត្រី -វណ្ណៈបុព្វជិត -វណ្ណៈអ្នកជា -វណ្ណៈទាសករនិងអ្នកងារ។,10,6,2,0.6,0.68994140625,3,7,1,1
21,បុព្វហេតុអ្វីខ្លះដែលនាំឲ្យអាណាចក្រចេនឡាបែកបាក់ជាពីរគឺអាណាចក្រចេនឡាដីគោកនិងចេនឡាទឹកលិច?,បុព្វហេតុដែលនាំហើយអាណាចក្រចេនឡាបែកជាពីរគឺ -វិសាលភាពទឹកដីធំទូលាយ -ចម្បាំងអត់ឈប់ឈរ -សមន្ដរដ្ឋបះបោរចង់ផ្ដាច់ខ្លួន -វិបត្តិផ្ទៃក្នុង -ព្រះនាងជ័យទេវីគ្មានសមត្ថភាពគ្រប់គ្រង។,បុព្វហេតុដែលនាំហើយអាណាចក្រចេនឡាបែកជាពីរគឺ -វិសាលភាពទឹកដីធំទូលាយ -ចម្បាំងអត់ឈប់ឈរ -សមន្ដរដ្ឋបះបោរចង់ផ្ដាច់ខ្លួន -វិបត្តិផ្ទៃក្នុង -ព្រះនាងជ័យទេវីគ្មានសមត្ថភាពគ្រប់គ្រង។,7,7,4,1.0,0.93798828125,4,7,0,0
22,តើការស្ថិតនៅក្រៅសារពាង្គកាយនៃពងស្វាសមានសារៈសំខាន់ដូចម្តេច?,ការស្ថិតនៅក្រោមសារពាង្គកាយនៃពងស្វាសមានសារៈសំខាន់ដូចជាដើម្បីរក្សាសីតុណ្ហភាពឲ្យ ទាបជាងសីតុណ្ហភាពក្នុងខ្លួន ប្រហែលពី(2-3)សីតុណ្ហភាពក្នុងខ្លួន37 ។,ការស្ថិតនៅក្រោមសារពាង្គកាយនៃពងស្វាសមានសារៈសំខាន់ក្នុងការផលិតអរម៉ូនភេទឈ្មោលនិង បង្កើតស្ពែម៉ាតូសូអ៊ីត ។រក្សាសីតុណ្ហភាពឲ្យទាបជាងសីតុណ្ហភាពក្នុងខ្លួន ប្រហែលពី(2-3)សីតុណ្ហភាព ក្នុងខ្លួន37 ។,10,10,4,1.0,0.96826171875,4,10,0,0
23,តើប្រព័ន្ធផលិតកម្មកសិកម្មនៅប្រទេសកម្ពុជាមានអ្វីខ្លះ?,ប្រព័ន្ធផលិតកម្មកសិកម្មនៅកម្ពុជាមានដូចជាដំណាំដំណាំស្រូវនិងកៅស៊ូដឹកនាំផ្សេងៗទៀតការចិញ្ចឹមសត្វបានចិញ្ចឹមសត្វលើគោកការចិញ្ចឹមសត្វក្នុងទឹកការនេសាទការនេសាទទឹកសាបការនេសាទទឹកប្រៃ  ព្រៃឈើអនុផលព្រៃឈើរកឃ្មុំជ័រទឹកក្តៅសត្វព្រៃ,ប្រព័ន្ធផលិតកម្មកសិកម្មនៅប្រទេសកម្ពុជាមាន +ដំណាំ -ដំណាំស្រូវ -ដំណឹងកៅស៊ូ -ដំណាំផ្សេងៗទៀត។ +ការចិញ្ចឹមសត្វ -ការចិញ្ចឹមសត្វលើគោក -ការចិញ្ចឹមសត្វក្នុងទឹក +ការនេសាទ -ការនេសាទទឹកសាប -ការនេសាទទឹកប្រៃ។,15,7,2,0.4666666666666667,0.75341796875,3,11,1,4
24,ដូចម្តេចដែលហៅថាមេយ៉ូស? ចូរនិយាយពីវគ្គផ្សេងៗនៃមេយ៉ូស។,មេយ៉ូសជាសំណុំនៃចំណែកកោសិកាពីរដងបន្តបន្ទាប់គ្នាដែលបង្កើតបានជាកោសិកាអាលូអុីតបួន ហៅថាមេយ៉ូស ។ _តេឡូផាស1 ស៊ីតូប្លាសចែកខ្លួនបានជាកោសិកាកូនពីរ ។កោសិកាកូននីមួយៗទទួលបានក្រូម៉ូសូម តែមួយពីរគូអូម៉ូឡូក ។ _ប្រផាស1 មានរយៈពេលវែង ។ _អាណាផាស1 ក្រូម៉ូសូមដំរៀបលើផ្លាស់ភ្ជាប់នឹងក្រយ៉ូងក្រូម៉ាទិចដោយសង់ក្រូងទ័ររបស់វា ។ _តេឡូផាស2 ក្រូម៉ូមនីមួយៗបានមកដល់ប៉ូលភ្នាស _មេតាផាស2 ក្រូម៉ូសូមប្រេះតាមបណ្ដោយភ្ជាប់ខ្លួនទៅនិងក្រយ៉ងក្រូម៉ាទិចដោយសង់ _ប្រូដាស2 ត្តយ៉ងអាក្រូម៉ាទិតកើតមានក្នុងកោសិកាគូនីមួយៗ _អាណាផាស2 សង់ក្រូម៉ែធ្វើចំណែកដែលនាំអោយក្រូម៉ាទិចបងប្អូនដាច់ចេញពីគ្នា ។បន្ទាប់មក ក្រូម៉ូសូមកូនទាំង2ធ្វើដំណើរឆ្ពោះទៅប៉ូលផ្ទុយគ្នារបស់ត្រយ៉ូងអាក្រូម៉ាទិច ។,ដែលហៅថាមេយ៉ូសគឺជាសំណុំនៃចំណែកកោសិកាពីដងបន្តបន្ទាប់គ្នាបង្កើតបានជាកោសិកា អាប្លូអុីត4 ។វគ្គផ្សេងនៃមេយ៉ូសមានដូចជា  _ប្រផាស1 មានរយៈពេលវែង ។ _អាណាផាស1 ក្រូម៉ូសូមដំរៀបលើផ្លាស់ភ្ជាប់នឹងក្រយ៉ូងក្រូម៉ាទិចដោយសង់ក្រូងទ័ររបស់វា ។ _តេឡូផាស1 ស៊ីតូប្លាសចែកខ្លួនបានជាកោសិកាកូនពីរ ។កោសិកាកូននីមួយៗទទួលបានក្រូម៉ូសូម តែមួយពីរគូអូម៉ូឡូក ។,10,6,2,0.6,0.6015625,2,6,0,0
25,ចូររៀបរាប់អំពីទំនាក់ទំនងរវាងការដាំដុះអាជីវកម្មព្រៃឈើនិងនេសាទ។,ទំនាក់ទំនងរវាង ការដាំដុះអាជីវកម្មព្រៃឈើ និងការនេសាទ៖  _ ការដាំដុះអាជីវកម្មព្រៃឈើ និងការនេសាទ ជាភោគទ្រព្យយ៉ាងសំខាន់សម្រាប់ប្រជាជនក្នុងការទ្រទ្រង់ក្នុងជីវភាពរស់នៅនិងការអភិវឌ្ឍន៍ប្រទេសជាតិ   _ ដើម្បីបំពេញតម្រូវការក្នុងកសិកម្មផលិតកម្មនិងត្រូវការផ្សេងៗ មនុស្សនាំគ្នាកាប់ព្រៃឈើដើម្បីធ្វើអាជីវកម្មព្រៃឈើជាមូលហេតុធ្វើឲ្យអាកាសធាតុប្រែប្រួលប៉ះពាល់ដល់ជីវិតមនុស្ស សត្វ និងរុក្ខជាតិ  ​ _ អតិផលនៃប្រព័ន្ធកសិកម្ម នាំឲ្យមានកំណើននៃការប្រើប្រាស់គីមីនិងថ្នាំសម្លាប់សត្វល្អិត។ ជីគីមី និងថ្នាំសម្លាប់សត្វល្អិត ទាំងនោះហូរទៅផ្ដុំគ្នានៅតាមផ្លូវទឹកនានា បំផ្លាញជីវិតសត្វនិងពូជធម្មជាតិ។,ទំនាក់ទំនងរវាងការដាំដុះអាជីវកម្មព្រៃឈើនិងការនេសាទ៖ ​ + ការដាំដុះ : ការដាំដើមឈើ ដាំដំណាំកសិកម្ម ដំណាំចម្ការ ការដាំដំណាំឧស្សាហកម្ម  + អាជីវកម្មព្រៃឈើ : ការកាប់ព្រៃឈើ ការដុតព្រៃឈើ ប្រមាញ់សត្វព្រៃ ការកាប់ព្រៃឈើធ្វើអាជីវកម្ម  + ការនេសាទ : នៅពេលដែលកាប់ព្រៃឈើ ព្រៃឈើធ្លាក់ចូលក្នុងទឹកកន្លែងត្រីកំពុងពង ប្រើប្រាស់ជីគីមីចាក់ចូលក្នុងទឹក ការនេសាទហួសហេតុ ការនេសាទប្រើឧបករណ៍ទំនើប និង ធាតុផ្ទុះ និង ការកាប់បំផ្លាញព្រៃលិចទឹក។,15,5,1,0.3333333333333333,0.6142578125,2,9,1,4
26,ហេតុអ្វីបានជាផ្នែកឯកជនជាកម្លាំងដ៏សំខាន់សម្រាប់វិនិយោគនិងធ្វើឲ្យមានកំណើនសេដ្ឋកិច្ចក្នុងប្រទេស?,បានជាផ្នែកឯកជនជាកម្លាំងដ៏សំខាន់សម្រាប់វិនិយោគនិងធ្វើឲ្យមានកំណើនសេដ្ឋកិច្ចក្នុងប្រទេស ព្រោះប្រទេសកម្ពុជាជាប្រទេសអភិវឌ្ឍន៍ សេដ្ឋកិច្ចទីផ្សារដោយបានធ្វើកំណែទម្រង់សហគ្រាសឧស្សាហកម្មឲ្យក្លាយទៅជាកម្មសិទ្ធិឯកជន ។ សេដ្ឋកិច្ចទីផ្សារសេរីនេះនាំឲ្យអ្នករកស៊ីបរទេសចូលចិត្តមកវិនិយោគ ហើយកាលណាផ្នែកឯកជនរឹងមាំមកវិនិយោគ ហើយកាលណាផ្នែកឯកជនមិនរឹងមាំអាចបំពេញបន្ថែមវិនិយោគនិងវិស័យសង្គមកិច្ចមានន័យថាវិស័យឯកជនស្រូបយកកម្លាំងការងារកាន់តែកើនឡើង។,បានជាផ្នែកឯកជនជាកម្លាំងដ៏សំខាន់សម្រាប់វិនិយោគ និងធ្វើឲមានកំណើនសេដ្ឋកិច្ចក្នុងប្រទេសព្រោះ៖  _ កម្ពុជាជាប្រទេសអនុវត្តសេដ្ឋកិច្ចទីផ្សាសេរីចាប់តាំងពីឆ្នាំ1993ដោយបានធ្វើកំណែទម្រង់សហគ្រាសឲក្លាយទៅជាកម្មសិទ្ធិឯកជន  _ សេដ្ឋកិច្ចទីផ្សារសេរីនេះនាំឲអ្នករកស៊ីបរទេសចូលចិត្តមកវិនិយោគ  _ កាលណាផ្នែកឯកជនរឹងមាំអាចបំពេញបន្ថែមវិនិយោគសាធារណៈក្នុងវិស័យសង្គមកិច្ច មានន័យថាវិស័យឯកជនអាចស្រូបយកកម្លាំងការងារកាន់តែច្រើនឡើង។,15,15,4,1.0,0.79443359375,3,12,1,3
27,ហេតុអ្វីបានជាផ្នែកឯកជនជាកម្លាំងដ៏សំខាន់សម្រាប់វិនិយោគនិងធ្វើឲ្យមានកំណើនសេដ្ឋកិច្ចក្នុងប្រទេស?,បានជាផ្នែកឯកជនជាកម្លាំងដ៏សំខាន់សម្រាប់វិនិយោគនិងធ្វើឲ្យមានកំណើនសេដ្ឋកិច្ចក្នុងប្រទេស ព្រោះប្រទេសកម្ពុជាជាប្រទេសអភិវឌ្ឍន៍ សេដ្ឋកិច្ចទីផ្សារដោយបានធ្វើកំណែទម្រង់សហគ្រាសឧស្សាហកម្មឲ្យក្លាយទៅជាកម្មសិទ្ធិឯកជន ។ សេដ្ឋកិច្ចទីផ្សារសេរីនេះនាំឲ្យអ្នករកស៊ីបរទេសចូលចិត្តមកវិនិយោគ ហើយកាលណាផ្នែកឯកជនរឹងមាំមកវិនិយោគ ហើយកាលណាផ្នែកឯកជនមិនរឹងមាំអាចបំពេញបន្ថែមវិនិយោគនិងវិស័យសង្គមកិច្ចមានន័យថាវិស័យឯកជនស្រូបយកកម្លាំងការងារកាន់តែកើនឡើង។,ព្រោះវិស័យឯកជនជាក្បាលម៉ាស៊ីនសំខាន់សម្រាប់វិនិយោគនិងធ្វើឱ្យមានកំណើនសេដ្ឋកិច្ចក្នុងប្រទេសព្រោះ៖ -ផ្នែកឯកជនក៏ជាកម្លាំងសំខាន់ធ្វើឲ្យមនុស្សមានការងារធ្វើ  ផ្នែកឯកជនជាតិហូឡង់សងខាងអត់ទេ -បង្កើតការងារ សម្រាប់ការវិនិយោគទៅលើ អភិវឌ្ឍប្រទេសជាតិខ្លួន  -ប្រព័ន្ធឧស្សាហកម្ម មុនដំបូងគាត់ប្តូរមកឯកជន ទាំងពីរឆ្នាំ1993 ដោយមានការវិនិយោគទាំង។,15,7,2,0.4666666666666667,0.7958984375,3,12,1,5
28,តើការស្ថិតនៅក្រៅសារពាង្គកាយនៃពងស្វាសមានសារៈសំខាន់ដូចម្តេច?,ការស្ថិតនៅក្រោមសារពាង្គកាយនៃពងស្វាសមានសារៈសំខាន់ដូចជាដើម្បីរក្សាសីតុណ្ហភាពឲ្យ ទាបជាងសីតុណ្ហភាពក្នុងខ្លួន ប្រហែលពី(2-3)សីតុណ្ហភាពក្នុងខ្លួន37 ។,ការស្ថិតនៅក្រោមសារពាង្គកាយនៃពងស្វាសមានសារៈសំខាន់ក្នុងការផលិតអរម៉ូនភេទឈ្មោលនិង បង្កើតស្ពែម៉ាតូសូអ៊ីត ។,10,3,1,0.3,0.29150390625,1,3,0,0
29,តើអាណាចក្រភ្នំមានព្រំប្រទល់ជាប់ប្រទេសណាខ្លះ?,អាណាចក្រភ្នំមានព្រំប្រទល់ជាប់ប្រទេសដូចជា -ខាងជើងជាប់ចិន -ខាងត្បូងជាឈូងសមុទ្រខ្មែរ -ខាងកើតជាប់រដ្ឋចម្ប៉ា -ខាងលិចជាប់រដ្ធមនឬភូមា។,អាណាចក្រភ្នំមានព្រំប្រទល់ខាងជើងជាប់នឹងប្រទេសចិន(រដ្ឋណានឆាវនិងតុងតឹង)ខាងកើតជាប់រដ្ឋចម្ប៉ា(ឈូងសមុទ្រចិន)និងខាងត្បូងជាប់និងឈូងសមុទ្រខ្មែរ(នគរភ្នំ)និងខាងលិចជាប់រដ្ឋមនឬភូមា។,6,6,4,1.0,0.873046875,3,5,1,1
30,ហេតុអ្វីបានជាផ្នែកឯកជនជាកម្លាំងដ៏សំខាន់សម្រាប់វិនិយោគនិងធ្វើឲ្យមានកំណើនសេដ្ឋកិច្ចក្នុងប្រទេស?,បានជាផ្នែកឯកជនជាកម្លាំងដ៏សំខាន់សម្រាប់វិនិយោគនិងធ្វើឲ្យមានកំណើនសេដ្ឋកិច្ចក្នុងប្រទេស ព្រោះប្រទេសកម្ពុជាជាប្រទេសអភិវឌ្ឍន៍ សេដ្ឋកិច្ចទីផ្សារដោយបានធ្វើកំណែទម្រង់សហគ្រាសឧស្សាហកម្មឲ្យក្លាយទៅជាកម្មសិទ្ធិឯកជន ។ សេដ្ឋកិច្ចទីផ្សារសេរីនេះនាំឲ្យអ្នករកស៊ីបរទេសចូលចិត្តមកវិនិយោគ ហើយកាលណាផ្នែកឯកជនរឹងមាំមកវិនិយោគ ហើយកាលណាផ្នែកឯកជនមិនរឹងមាំអាចបំពេញបន្ថែមវិនិយោគនិងវិស័យសង្គមកិច្ចមានន័យថាវិស័យឯកជនស្រូបយកកម្លាំងការងារកាន់តែកើនឡើង។,បានជាផ្នែកឯកជនជាកម្លាំងដ៏សំខាន់សម្រាប់វិនិយោគនិងធ្វើឲ្យមានកំណើនសេដ្ឋកិច្ចក្នុងប្រទេស ព្រោះប្រទេសកម្ពុជាជាប្រទេសអភិវឌ្ឍន៍ សេដ្ឋកិច្ចទីផ្សារដោយបានធ្វើកំណែទម្រង់សហគ្រាសឧស្សាហកម្មឲ្យក្លាយទៅជាកម្មសិទ្ធិឯកជន ។ សេដ្ឋកិច្ចទីផ្សារសេរីនេះនាំឲ្យអ្នករកស៊ីបរទេសចូលចិត្តមកវិនិយោគ ហើយកាលណាផ្នែកឯកជនរឹងមាំមកវិនិយោគ ហើយកាលណាផ្នែកឯកជនមិនរឹងមាំអាចបំពេញបន្ថែមវិនិយោគនិងវិស័យសង្គមកិច្ចមានន័យថាវិស័យឯកជនស្រូបយកកម្លាំងការងារកាន់តែកើនឡើង។,15,15,4,1.0,0.615234375,2,9,2,6
31,តើគេចែកយុគសម័យបុរេប្រវត្តិសាស្ត្រកម្ពុជាជាប៉ុន្មានយុគសម័យ?អ្វីខ្លះ?,គេចែកយុគសម័យបុរេប្រវត្តិសាស្ត្រកម្ពុជាជាបីយុគសម័យគឺ -យុគថ្មបំបែក (600000 - 12000 ឆ្នាំមុនគ.ស) -យុគថ្មរលីងឬសំលៀង (8000 - 2000 ឆ្នាំមុនគ.ស) -យុគលោហៈ(2000-100 ឆ្នាំមុនគ.ស)។,គេចែកយុគសម័យបុរេប្រវត្តិសាស្ត្រកម្ពុជាជាបីយុគសម័យគឺ -យុគថ្មបំបែក -យុគថ្មរលីងឬសំលៀង -យុគលោហៈ។,5,3,2,0.6,0.583984375,2,3,0,0
32,តើមូលហេតុអ្វីបានជាព្រះបាទពញាយ៉ាត ជ្រើសរើសយកចតុមុខធ្វើជារាជធានី?,បានជាព្រះបាទពញាយ៉ាតជ្រើសរើសក្រុងចតុមុខជារាជធានីព្រោះ មានទីតាំងភូមិសាស្ត្រល្អ គេចពីសត្រូវឈ្លានពានសៀម ដីមានជីវជាតិងាយស្រួលក្នុងការធ្វើកសិកម្ម ជាទីប្រសព្វនៃជំនួសទាំងផ្លូវគោកនិងផ្លូវទឹក សម្បូរផ្លូវក្នុងការធ្វើកសិកម្មនិងជំនួញ ភាពខាងត្បូងដីមានប្រជាជនច្រើននិងធនធានដើម្បីកសាងសេដ្ឋកិច្ចជាតិ។,បានជាព្រះបាទពញាយ៉ាតជ្រើសរើសចតុមុខជារាជធានីព្រោះទីតាំងភូមិសាស្ត្រល្អមានទន្លេមុខបួនជាចំណុចប្រសព្វគ្នានៃទន្លេមេគង្គក្រោមមេគង្គលើទន្លេសាបទន្លេ ជាចំណុចកណ្តាលនៃប្រទេសកម្ពុជា ដើម្បីចៀសវាងពីការយាយីរបស់សៀម។,10,9,4,0.9,0.6044921875,2,6,2,3
33,បុព្វហេតុអ្វីខ្លះដែលនាំឲ្យអាណាចក្រចេនឡាបែកបាក់ជាពីរគឺអាណាចក្រចេនឡាដីគោកនិងចេនឡាទឹកលិច?,បុព្វហេតុដែលនាំហើយអាណាចក្រចេនឡាបែកជាពីរគឺ -វិសាលភាពទឹកដីធំទូលាយ -ចម្បាំងអត់ឈប់ឈរ -សមន្ដរដ្ឋបះបោរចង់ផ្ដាច់ខ្លួន -វិបត្តិផ្ទៃក្នុង -ព្រះនាងជ័យទេវីគ្មានសមត្ថភាពគ្រប់គ្រង។,បុព្វហេតុដែលនាំហើយអាណាចក្រចេនឡាបែកជាពីរគឺ -វិសាលភាពទឹកដីធំទូលាយ -ចម្បាំងអត់ឈប់ឈរ -សមន្ដរដ្ឋបះបោរចង់ផ្ដាច់ខ្លួន -វិបត្តិផ្ទៃក្នុង -ព្រះនាងជ័យទេវីគ្មានសមត្ថភាពគ្រប់គ្រង។,7,7,4,1.0,0.93798828125,4,7,0,0
34,តើកត្តាអ្វីខ្លះដែលធ្វើអោយសម័យអង្គររីកចម្រើនដល់កំពូល?​ ចូលរៀបរាប់។,កត្តាដែលធ្វើអោយសម័យអង្គររីកចម្រើនគឺ: កត្តាព្រះរាជា:ព្រះរាជាចាប់ពីព្រះបាទជ័យវរ្ម័នទី 2 រហូតដល់ព្រះបាទជ័យវរ្ម័នទី 7 សុទ្ធតែជាស្ដេចខ្លាំងពូកែ កត្តានយោបាយ: នយោបាយក្នុងប្រទេសបង្រួបបង្រួមជាតិកសាងនិងការពារទឹកដី នយោបាយក្រៅប្រទេស:ចងសម្ព័ន្ធមិត្តជាមួយប្រទេសធំៗវាយយករដ្ឋតូចដាក់ជាចំណុះ កត្តាសេដ្ឋកិច្ច:រីកចម្រើនលើវិស័យកសិកម្មសិប្បកម្មគណនាគម កត្តាសាសនា:ការឯកភាពគ្នារវាងសាសនាព្រាហ្មនិងព្រះពុទ្ធ កត្តាធនធានមនុស្សបន្សល់ទុកតាំងពីសម័យនគរភ្នំនិងចេនឡាមក។,កត្តាដែលធ្វើអោយសម័យអង្គររីកចម្រើនគឺ: កត្តាព្រះរាជា:ព្រះរាជាចាប់ពីព្រះបាទជ័យវរ្ម័នទី 2 រហូតដល់ព្រះបាទជ័យវរ្ម័នទី 7 សុទ្ធតែជាស្ដេចខ្លាំងពូកែ កត្តានយោបាយ: នយោបាយក្នុងប្រទេសបង្រួបបង្រួមជាតិកសាងនិងការពារទឹកដី នយោបាយក្រៅប្រទេស:ចងសម្ព័ន្ធមិត្តជាមួយប្រទេសធំៗវាយយករដ្ឋតូចដាក់ជាចំណុះ កត្តាសេដ្ឋកិច្ច:រីកចម្រើនលើវិស័យកសិកម្មសិប្បកម្មគណនាគម កត្តាសាសនា:ការឯកភាពគ្នារវាងសាសនាព្រាហ្មនិងព្រះពុទ្ធ កត្តាធនធានមនុស្សបន្សល់ទុកតាំងពីសម័យនគរភ្នំនិងចេនឡាមក។,10,10,4,1.0,0.9638671875,4,10,0,0
35,តើឧស្សាហកម្មមានតួនាទីដូចម្ដេចខ្លះចំពោះសេដ្ឋកិច្ចជាតិ?,ឧស្សាហកម្មមាន​តួនាទីចំពោះសេដ្ឋកិច្ចជាតិដូចជា ៖ ​ _ ជួយបង្កើតថវិការជាតិ ​ _ ជួយបង្កើតទិន្នផលជាតិ ​​ _ ជួយឲ្យសេដ្ឋកិច្ចជាតិរីកចម្រើន  _ ប្រជាជនសំបូរធូរធារ  _អភិវឌ្ឍគ្រប់វិស័យ  _ មានទំនាក់ទំនងល្អជាមួយអ្នកជិតខាង  _ មានភាពរុងរឿងនៅក្នុងប្រទេសជាតិ។,ឧស្សាហកម្មមានតួនាទីចំពោះសេដ្ឋកិច្ចជាតិដូចជា -ផ្តល់ចំណូលសេដ្ឋកិច្ចជាតិ -ផ្តល់កាងារឲ្យប្រជាជនធ្វើ -ផ្ដល់ចំណូលដល់សេដ្ឋកិច្ចជាតិមាន២៤.៨%ឆ្នាំ២០០៨ -ផ្ដល់ប្រាក់ចំណូលដល់គ្រួសារ -ប្រជាជនកាត់បន្ថយភាពក្រីក្រ -ផ្ដល់អាហារជាច្រើនដល់ប្រជាជនដើម្បីផ្គត់ផ្គង់ដល់គ្រួសារ។,15,5,1,0.3333333333333333,0.7294921875,3,11,2,6
36,តើសង្គមខ្មែរនៅសម័យអង្គរមានប៉ុន្មានវណ្ណៈ? វណ្ណៈអ្វីខ្លះ? ចូលរៀបរាប់។,សង្គមខ្មែរនៅសម័យអង្គរមានប្រាំវណ្ណៈគឺ -វណ្ណៈក្សត្រឬរាជវង្សនុវង្ស (ជាស្ដេចគ្រប់គ្រងប្រទេស -វណ្ណៈមន្ត្រី (អ្នករស់នៅក្នុងរាជវាំងបម្រើស្ដេច) -វណ្ណៈព្រាហ្ម៍ឬបុព្វជិត​(គឺជាអ្នកបួស) -វណ្ណៈអ្នកជាឬកសិករ (អ្នករស់នៅនឹងធ្វើស្រែចម្ការ) -វណ្ណៈអ្នកងារឬទាសករ(ទាសករបម្រើគេតកូនតចៅ)។,សង្គមខ្មែរនៅសម័យអង្គរមានប្រាំវណ្ណៈគឺ -វណ្ណៈក្សត្រ -វណ្ណៈមន្ត្រី -វណ្ណៈបុព្វជិត -វណ្ណៈអ្នកជា -វណ្ណៈទាសករ។,10,5,2,0.5,0.6357421875,3,6,1,1
37,តើថ្ងៃរំដោះ៧មករា១៩៧៩ មានអត្ថន័យយ៉ាងណាខ្លះចំពោះប្រវត្តិសាស្ត្រកម្ពុជា?,ថ្ងៃរំដោះ 7 មករា 1979 មានអត្ថន័យជាប្រវត្តិសាស្រ្តដូចជា÷ -ជាថ្ងៃដែលប្រជាជនរួចផុតពីរបបប្រល័យពូជសាសន៍ -ជាថ្ងៃដែលរបបកម្ពុជាប្រជាធិបតេយ្យដួលរលំ -ជាថ្ងៃកំណើតទី 2 របស់ប្រជាជនខ្មែរ -ជាថ្ងៃដែលកងទ័ពរណសិរ្យសាមគ្គីនិងកងទ័ពរំដោះប្រជាជន បានរំដោះប្រជាជនចេញពីរបបប្រល័យពូជសាស្ត្រកម្ពុជា។,ថ្ងៃរំដោះ 7 មករា 1979 មានអត្ថន័យជាប្រវត្តិសាស្រ្តដូចជា÷ -ជាថ្ងៃដែលប្រជាជនរួចផុតពីការសម្លាប់រង្គាលនៃរបបលទ្ធិប្រជាធិបតេយ្យ -ជាថ្ងៃកំណើតទី 2 របស់ពលរដ្ឋកម្ពុជាដែលបានរួចផុតពីរបបប្រល័យពូជសាសន៍ -បាននាំមកនូវប្រជាជនវិញនូវសិទ្ធិសេរីភាពទាំងអស់ -ការរស់រានឡើងវិញនូវវប្បធម៌ជាតិមានដូចជាជំនឿ សាសនា ប្រពៃណី សិល្បៈ  -ស្ដារនិងកសាងប្រទេសឡើងវិញតាមឆន្ទះនិងគោលបំណងប្រជាជន -ជាថ្ងៃនៃការស្ដាមុខមាត់ប្រទេសកម្ពុជាឡើងវិញលើឆាកតំបន់និងអន្តរជាតិ -បង្ហាញពីសាមគ្គីភាពរវាងប្រទេសកម្ពុជា-វៀតណាម -ជាកម្លាំងស្នូលនៃការបង្រួបបង្រួមជាតិ -អាចកំណត់វាសនាប្រទេសជាតិដោយខ្លួនឯង -ចាប់ផ្ដើមបង្កើតសមត្ថភាពធនធានមនុស្សបញ្ជូននិស្សិតទៅបណ្ដុះបណ្ដាលនៅក្រៅប្រទេស -កម្ពុជាអាចមានឯករាជ្យសន្តិភាពសេរីភាពសុភមង្គលស្ថិរភាពដើម្បីដំណើរជាតិបន្តទៅមុខដោយសុខដុមភាព -អាចមានផ្លូវដើរដោយមិនមានអតីតកាល។,8,8,4,1.0,0.96337890625,4,8,0,0
38,តើសេដ្ឋកិច្ចកម្ពុជាពឹងផ្អែកលើវិស័យអ្វីជាសំខាន់?     ក/ ហេតុអ្វីបានជាគេនិយាយថាកម្ពុជាជាប្រទេសកសិកម្ម?     ខ/ តើគេចែកកសិករជាប៉ុន្មានប្រភេទ?អ្វីខ្លះ?,សេដ្ឋកិច្ចកម្ពុជាពឹងផ្អែកលើវិស័យកសិកម្មជាសំខាន់។   ក/ បានជាគេនិយាយថាកម្ពុជាជាប្រទេសឧស្សាហកម្មព្រោះ៖  _  សណ្ឋានដី : ដីមានជីវជាតិល្អនិងសម្បូរទំនាបល្បាប់   _ ផ្លូវទឹក : ផ្លូវទឹកខ្វាត់ខ្វែងងាយស្រួលដល់ការដាំដុះ  _ ប្រជាជន : ប្រជាជនខ្មែរភាគច្រើនចូលចិត្តធ្វើកសិកម្ម  _ អាកាសធាតុ : ទទួលអាកាសធាតុក្តៅសើម  _ កសិកម្មផ្តល់ផល50%នៃផលិតផលជាតិសរុប។  ខ/ គេចែកកសិករទាំងនោះជា4ប្រភេទគឺ៖  _ កសិករធ្វើស្រែឬអ្នកស្រែ : និយមធ្វើស្រែ ស្រូវប្រាំង ស្រូវវស្សា ស្រូវឡើងទឹក  _ កសិករតំបន់ដីខ្ពស់ : គេដាំដំណាំជាអចិន្ត្រៃយ៍(ពោត ដំឡូង ចេក កៅស៊ូសណ្តែក)  _ កសិករធ្វើចម្ការដំណាំស្រូវ : គេដាំដំណាំតាមមាត់ទន្លេ ចិញ្ចឹមសត្វនិងនេសាទ  _ កសិករភូមិភាគឦសាន: គេធ្វើដំណាំព្រៃដុតមានដូចជាពោត ដំឡូង ស្រូវរុក្ខជាតិយកមើមដទៃទៀត និងបរបាញ់សត្វផងដែរ។,សេដ្ឋកិច្ចកម្ពុជាពឹងផ្អែកលើវិស័យកសិកម្មជាសំខាន់។  ក/ បានជាគេនិយាយថាកម្ពុជាជាប្រទេសកសិកម្មព្រោះអនុគ្រោះដល់វិស័យកសិកម្មជាច្រើនដូចជា៖   _ សណ្ឋានដី : មានលក្ខណៈអនុគ្រោះដល់វិស័យនេះពោលគឺសម្បូរវាលទំនាបនិងតំបន់ខ្ពង់រាបទាបៗប្រកបដោយដីមានជីវជាតិល្អសម្រាប់ដាំដុះ ចិញ្ចឹមសត្វ និងព្រៃឈើ។   _ កម្ពុជាស្ថិតនៅតំបន់ត្រូពិចដែលមានអាកាសធាតុក្តៅហើយសើមដោយទទួលរបបខ្យល់មូសុងមានភ្លៀងធ្លាក់ច្រើននិងមានកម្ដៅគ្រប់គ្រាន់ សម្រាប់ដាំដុះ ចិញ្ចឹមសត្វនិងព្រៃឈើ។   _ ប្រទេសកម្ពុជាសម្បូរផ្លូវទឹកអនុគ្រោះដល់ការដាំដុះ ការចិញ្ចឹមសត្វ និងការនេសាទ ផ្ដល់ការងារដល់ប្រជាជនកម្ពុជា​ ជាស្បៀងសម្រាប់ប្រជាជន   _ ផ្ដល់ការងារសម្រាប់ប្រជាជន 30.72%    _ កាត់បន្ថយភាពក្រីក្រប្រជាជន   _ កាត់បន្ថយអត្រាអត់ការងារដល់ប្រជាជន   _ជាវត្ថុធាតុដើមសម្រាប់ឧស្សាហកម្មក្នុងប្រទេស និងនាំចេញជាច្រើន។  ខ/ គេចែកកសិករទាំងនោះជា3ប្រភេទ៖   _ កសិករកសិកម្ម   _ កសិករចិញ្ចឹមសត្វ និងដាំដុះ   _ កសិករភូមិភាគឥឦន។,20,12,2,0.6,0.6162109375,2,12,0,0
39,ហេតុអ្វីបានជាផ្នែកឯកជនជាកម្លាំងដ៏សំខាន់សម្រាប់វិនិយោគនិងធ្វើឲ្យមានកំណើនសេដ្ឋកិច្ចក្នុងប្រទេស?,បានជាផ្នែកឯកជនជាកម្លាំងដ៏សំខាន់សម្រាប់វិនិយោគនិងធ្វើឲ្យមានកំណើនសេដ្ឋកិច្ចក្នុងប្រទេស ព្រោះប្រទេសកម្ពុជាជាប្រទេសអភិវឌ្ឍន៍ សេដ្ឋកិច្ចទីផ្សារដោយបានធ្វើកំណែទម្រង់សហគ្រាសឧស្សាហកម្មឲ្យក្លាយទៅជាកម្មសិទ្ធិឯកជន ។ សេដ្ឋកិច្ចទីផ្សារសេរីនេះនាំឲ្យអ្នករកស៊ីបរទេសចូលចិត្តមកវិនិយោគ ហើយកាលណាផ្នែកឯកជនរឹងមាំមកវិនិយោគ ហើយកាលណាផ្នែកឯកជនមិនរឹងមាំអាចបំពេញបន្ថែមវិនិយោគនិងវិស័យសង្គមកិច្ចមានន័យថាវិស័យឯកជនស្រូបយកកម្លាំងការងារកាន់តែកើនឡើង។,ជាផ្នែកឯកជនជាកម្លាំងសម្រាប់វិនិយោគនិងធ្វើឲ្យមានកំណើនសេដ្ឋកិច្ចព្រោះ,15,0,0,0.0,0.61328125,2,9,2,9
40,តើសង្គមខ្មែរនៅសម័យអង្គរមានប៉ុន្មានវណ្ណៈ? វណ្ណៈអ្វីខ្លះ? ចូលរៀបរាប់។,សង្គមខ្មែរនៅសម័យអង្គរមានប្រាំវណ្ណៈគឺ -វណ្ណៈក្សត្រឬរាជវង្សនុវង្ស (ជាស្ដេចគ្រប់គ្រងប្រទេស -វណ្ណៈមន្ត្រី (អ្នករស់នៅក្នុងរាជវាំងបម្រើស្ដេច) -វណ្ណៈព្រាហ្ម៍ឬបុព្វជិត​(គឺជាអ្នកបួស) -វណ្ណៈអ្នកជាឬកសិករ (អ្នករស់នៅនឹងធ្វើស្រែចម្ការ) -វណ្ណៈអ្នកងារឬទាសករ(ទាសករបម្រើគេតកូនតចៅ)។,សង្គមខ្មែរនៅសម័យអង្គរមានប្រាំវណ្ណៈគឺ -វណ្ណៈក្សត្រ -វណ្ណៈមន្ត្រី -វណ្ណៈបុព្វជិត -វណ្ណៈអ្នកជា -វណ្ណៈទាសករ។,10,5,2,0.5,0.6357421875,3,6,1,1
41,ចូរនិយាយពីកំណកាម៉ែតញី។,ការស្ថិតនៅក្រោមសារពាង្គកាយនៃពងស្វាសមានសារៈសំខាន់ដូចជាដើម្បីរក្សាសីតុណ្ហភាពឲ្យ ទាបជាងសីតុណ្ហភាពក្នុងខ្លួន ប្រហែលពី(2-3)សីតុណ្ហភាពក្នុងខ្លួន37 ។,កំណកាម៉ែតញីដំបូងកោសិកាពូជមួយរួមចំណែកពីរដងបន្តបន្ទាប់គ្នា បានកោសិកាអូវ៉ូកូរី4 ។ អូវ៉ូកូរីនីមួយៗរីកមាឌអាចជាអូវ៉ូស៊ីត1 ។អូវ៉ូស៊ីតមួយរងចំណែកមួយនៃមេយោធាហើយត្រូវបាន ឈប់គាំងនៅវគ្គប្រផ្ដាស1 ។ក្រោយមកពេលគ្រប់អូវ៉ូស៊ីតមួយបន្តធ្វើចំណែកហើយត្រូវបានបញ្ចប់ នៅរយៈពេល6ម៉ោង ។,10,5,2,0.5,0.463623046875,2,5,0,0
42,ហេតុអ្វីបានជាមនុស្សស្រូបយកខ្យល់ដែលមានកាបូនម៉ណូអុកស៊ីតអាចបង្កគ្រោះថ្នាក់ដល់ស្លាប់បាន?,បានជាមនុស្សស្រូបយកខ្យល់ដែលមានកាបូនម៉ូណូអុកស៊ីដអាចបង្កឲ្យមានគ្រោះថ្នាក់ដល់ស្លាប់ បានព្រោះកាបូនម៉ូណូអុកស៊ីដមានសមត្ថភាពចាប់យក ក្នុងឈាមបានខ្លាំងជាងអុកស៊ីសែន វារារាំងឈាមមិនឲ្យដឹកនាំអុកស៊ីសែនទៅចិញ្ចឹមសរីរាង្គជាពិសេសខួរក្បាលដែលបណ្តាលឲ្យ ស្លាប់និង សន្លប់ ។,បានជាមនុស្សស្រូបយកខ្យល់ដែលមានកាបូនម៉ូណូអុកស៊ីដអាចបង្កឲ្យមានគ្រោះថ្នាក់ដល់ស្លាប់ បានព្រោះកាបូនម៉ូណូអុកស៊ីដមានសមត្ថភាពចាប់យក ក្នុងឈាមបានខ្លាំងជាងអុកស៊ីសែន វារារាំងឈាមមិនឲ្យដឹកនាំអុកស៊ីសែនទៅចិញ្ចឹមសរីរាង្គជាពិសេសខួរក្បាលដែលបណ្តាលឲ្យ ស្លាប់និង សន្លប់ ។,5,4,3,0.8,0.6650390625,3,3,0,1
43,តើប្រព័ន្ធផលិតកម្មកសិកម្មនៅប្រទេសកម្ពុជាមានអ្វីខ្លះ?,ប្រព័ន្ធផលិតកម្មកសិកម្មនៅកម្ពុជាមានដូចជាដំណាំដំណាំស្រូវនិងកៅស៊ូដឹកនាំផ្សេងៗទៀតការចិញ្ចឹមសត្វបានចិញ្ចឹមសត្វលើគោកការចិញ្ចឹមសត្វក្នុងទឹកការនេសាទការនេសាទទឹកសាបការនេសាទទឹកប្រៃ  ព្រៃឈើអនុផលព្រៃឈើរកឃ្មុំជ័រទឹកក្តៅសត្វព្រៃ,ប្រព័ន្ធផលិតកម្មកសិកម្មនៅប្រទេសកម្ពុជាមាន​ដូចជា៖ -ការនេសាទ -ការធ្វើស្រែចម្ការ -ជួយឲ្យប្រជាជនមានការងារធ្វើ -កាត់បន្ថយភាពក្រីក្រ -ប្រជាជនមានប្រាក់ចំណូលចូលក្នុងគ្រួសារ -មានភាពរីកចម្រើន។,15,3,1,0.2,0.60986328125,2,9,1,6
44,បុព្វហេតុអ្វីខ្លះដែលនាំឲ្យអាណាចក្រចេនឡាបែកបាក់ជាពីរគឺអាណាចក្រចេនឡាដីគោកនិងចេនឡាទឹកលិច?,បុព្វហេតុដែលនាំហើយអាណាចក្រចេនឡាបែកជាពីរគឺ -វិសាលភាពទឹកដីធំទូលាយ -ចម្បាំងអត់ឈប់ឈរ -សមន្ដរដ្ឋបះបោរចង់ផ្ដាច់ខ្លួន -វិបត្តិផ្ទៃក្នុង -ព្រះនាងជ័យទេវីគ្មានសមត្ថភាពគ្រប់គ្រង។,បុព្វហេតុដែលនាំហើយអាណាចក្រចេនឡាបែកជាពីរគឺ -វិសាលភាពទឹកដីធំទូលាយ -ចម្បាំងអត់ឈប់ឈរ -សមន្ដរដ្ឋបះបោរចង់ផ្ដាច់ខ្លួន -វិបត្តិផ្ទៃក្នុង -ព្រះនាងជ័យទេវីគ្មានសមត្ថភាពគ្រប់គ្រង។,7,7,4,1.0,0.93798828125,4,7,0,0
45,តើព្រះអង្គឌួងមានស្នាព្រហស្ថអ្វីខ្លះចំពោះប្រទេសជាតិនិងប្រជារាស្ត្រខ្មែរ?,ព្រះបាទអង្គឌួងមានស្នាព្រហស្តដូចជាផ្នែករដ្ឋបាលរៀបចំប្រព័ន្ធរដ្ឋបាលនិងច្បាប់ទម្លាប់ស្ដារឡើងវិញមានរបៀបផ្នែកសេដ្ឋកិច្ចលើកស្ទួយវិស័យកសិកម្មជួសជុលប្រព័ន្ធ សេះនិងពាណិជ្ជកម្ម ភ្នែកបរទេសស្វែងរកជំនួយពីបារាំងដើម្បីទប់ទល់នឹងការត្រួតត្រាយួននិងសៀម ផ្នែកវប្បធម៌លើកស្ទួយវប្បធម៌អក្សរសាស្ត្រខ្មែរនិង សាសនា កត្តាផ្ទៃក្នុង ការបែកបាក់រាជវង្សានុវង្សបែកបាក់សាមគ្គី។,ព្រះបាទអង្គឌួងមានស្នាព្រហស្តចំពោះប្រទេសជាតិនិងប្រជាជនខ្មែរ ព្រះបាទអង្គការពារដីពីពួកចោរសៀមនិងយួន កសាងក្រុងឧដុង្គកំពង់ផែកំពតកំពង់ផែថៃកំពង់ផែហ្វូងនិងកសាងផ្លូវគមនាគមន៍ កសាងវប្បធម៌ខ្មែរវត្តអារាមសាលារៀនសាកលវិទ្យាល័យអក្សរសាស្ត្រខ្មែរកុំតាមច្បាប់ស្រីរៀបចំរដ្ឋាភិបាលស្រុកទេសច្បាប់ទម្លាប់ហាមនេសាទត្រីល្មើសច្បាប់ដាក់ទណ្ឌកម្មដល់អ្នកមាន ញៀនអាភៀន។,15,15,4,1.0,0.6015625,2,9,2,6
46,តើសេដ្ឋកិច្ចកម្ពុជាពឹងផ្អែកលើវិស័យអ្វីជាសំខាន់?     ក/ ហេតុអ្វីបានជាគេនិយាយថាកម្ពុជាជាប្រទេសកសិកម្ម?     ខ/ តើគេចែកកសិករជាប៉ុន្មានប្រភេទ?អ្វីខ្លះ?,សេដ្ឋកិច្ចកម្ពុជាពឹងផ្អែកលើវិស័យកសិកម្មជាសំខាន់។   ក/ បានជាគេនិយាយថាកម្ពុជាជាប្រទេសឧស្សាហកម្មព្រោះ៖  _  សណ្ឋានដី : ដីមានជីវជាតិល្អនិងសម្បូរទំនាបល្បាប់   _ ផ្លូវទឹក : ផ្លូវទឹកខ្វាត់ខ្វែងងាយស្រួលដល់ការដាំដុះ  _ ប្រជាជន : ប្រជាជនខ្មែរភាគច្រើនចូលចិត្តធ្វើកសិកម្ម  _ អាកាសធាតុ : ទទួលអាកាសធាតុក្តៅសើម  _ កសិកម្មផ្តល់ផល50%នៃផលិតផលជាតិសរុប។  ខ/ គេចែកកសិករទាំងនោះជា4ប្រភេទគឺ៖  _ កសិករធ្វើស្រែឬអ្នកស្រែ : និយមធ្វើស្រែ ស្រូវប្រាំង ស្រូវវស្សា ស្រូវឡើងទឹក  _ កសិករតំបន់ដីខ្ពស់ : គេដាំដំណាំជាអចិន្ត្រៃយ៍(ពោត ដំឡូង ចេក កៅស៊ូសណ្តែក)  _ កសិករធ្វើចម្ការដំណាំស្រូវ : គេដាំដំណាំតាមមាត់ទន្លេ ចិញ្ចឹមសត្វនិងនេសាទ  _ កសិករភូមិភាគឦសាន: គេធ្វើដំណាំព្រៃដុតមានដូចជាពោត ដំឡូង ស្រូវរុក្ខជាតិយកមើមដទៃទៀត និងបរបាញ់សត្វផងដែរ។,សេដ្ឋកិច្ចជាតិផ្អែកលើវិស័យកសិកម្មជាសំខាន់ព្រោះវិស័យនេះសំខាន់ដល់ជាតិដូចជា៖  -មានលក្ខណៈអនុគ្រោះដល់អ្នកវិភាគវិស័យនេះពោលគឺសម្បូរទៅដោយឡែក រាបនិងខ្ពស់រាបស្មើប្រកបដោយក្តីជីវជាតិល្អសម្រាប់ការដាំដុះការចិញ្ចឹមសត្វនិងព្រៃឈើ -កម្ពុជាឋិតនៅក្នុង តំបន់ត្រូពិកដែលអាកាសធាតុ នឹងខ្យល់ហើយទទួលបានពីខ្យល់មូសុងមានភ្លៀងធ្លាក់ច្រើននិងមានកម្ដៅគ្រប់គ្រាន់ សម្រាប់ដាំដុះចិញ្ចឹមសត្វនិងនេសាទ -វិស័យនេះផ្ដល់ជូនការងារប្រជាជនជាច្រើន ជាប្រភពស្បៀងអាហារជាប្រភពនៃវត្ថុធាតុដើមសម្រាប់ឧស្សាហកម្មក្នុងស្រុកនិងដើមចេញ ច្រើនជាងគេ -ការកាត់បន្ថយអត់ការងារធ្វើរបស់ប្រជាជន -ការកាត់បន្ថយភាពក្រក្រី ប្រជាជន  -គេបែកចែកកសិករ ទាំងនោះជាបួនប្រភេទកសិករ។  ដំណាំស្រូវកសិករស្រែចម្ការការ ដំណាំពោតសណ្តែក -ដំណាំចេញផលទៅលក់នៅទីផ្សារ -ការដាំដំណាំដោយធម្មជាតិគ្មានប្រើប្រាស់ជីគីមី -កសិករធ្វើស្រែចម្ការនេះមិនសំដៅទៅលើកសិករដែលធ្វើដំណាំស្រូវទេនោះគឺសំដៅទៅលើការដាំដំណាំហូបផ្លែ នាំចេញផលិតផលទៅក្រៅស្រុក +កសិករដំណាំស្រូវ -ការដាំដំណាំស្រូបយកអង្ករ -គ្រួសារខ្លះធ្វើស្រូវដាំសម្រាប់ផ្គត់ផ្គង់គ្រួសារតែគ្រួសារខ្លះទៀតធ្វើស្រូវសម្រាប់លក់ខ្លះនិងទុកហូបខ្លះ -ការដាំស្រូវជាតម្រូវការរបស់ប្រជាជនខ្មែរទាំងអស់។,20,20,4,1.0,0.60009765625,2,12,2,8
47,តើអាណាចក្រភ្នំមានព្រំប្រទល់ជាប់ប្រទេសណាខ្លះ?,អាណាចក្រភ្នំមានព្រំប្រទល់ជាប់ប្រទេសដូចជា -ខាងជើងជាប់ចិន -ខាងត្បូងជាឈូងសមុទ្រខ្មែរ -ខាងកើតជាប់រដ្ឋចម្ប៉ា -ខាងលិចជាប់រដ្ធមនឬភូមា។,អាណាចក្រភ្នំមានព្រំប្រទល់ខាងជើងជាប់នឹងប្រទេសចិន(រដ្ឋណានឆាវនិងតុងតឹង)ខាងកើតជាប់រដ្ឋចម្ប៉ា(ឈូងសមុទ្រចិន)និងខាងត្បូងជាប់និងឈូងសមុទ្រខ្មែរ(នគរភ្នំ)និងខាងលិចជាប់រដ្ឋមនឬភូមា។,6,6,4,1.0,0.873046875,3,5,1,1
48,បុព្វហេតុអ្វីខ្លះដែលនាំឲ្យអាណាចក្រចេនឡាបែកបាក់ជាពីរគឺអាណាចក្រចេនឡាដីគោកនិងចេនឡាទឹកលិច?,បុព្វហេតុដែលនាំហើយអាណាចក្រចេនឡាបែកជាពីរគឺ -វិសាលភាពទឹកដីធំទូលាយ -ចម្បាំងអត់ឈប់ឈរ -សមន្ដរដ្ឋបះបោរចង់ផ្ដាច់ខ្លួន -វិបត្តិផ្ទៃក្នុង -ព្រះនាងជ័យទេវីគ្មានសមត្ថភាពគ្រប់គ្រង។,បុព្វហេតុដែលនាំហើយអាណាចក្រចេនឡាបែកជាពីរគឺ -វិសាលភាពទឹកដីធំទូលាយ -ចម្បាំងអត់ឈប់ឈរ -សមន្ដរដ្ឋបះបោរចង់ផ្ដាច់ខ្លួន -វិបត្តិផ្ទៃក្នុង -ព្រះនាងជ័យទេវីគ្មានសមត្ថភាពគ្រប់គ្រង។,7,7,4,1.0,0.93798828125,4,7,0,0
49,តើសេដ្ឋកិច្ចកម្ពុជាពឹងផ្អែកលើវិស័យអ្វីជាសំខាន់?     ក/ ហេតុអ្វីបានជាគេនិយាយថាកម្ពុជាជាប្រទេសកសិកម្ម?     ខ/ តើគេចែកកសិករជាប៉ុន្មានប្រភេទ?អ្វីខ្លះ?,សេដ្ឋកិច្ចកម្ពុជាពឹងផ្អែកលើវិស័យកសិកម្មជាសំខាន់។   ក/ បានជាគេនិយាយថាកម្ពុជាជាប្រទេសឧស្សាហកម្មព្រោះ៖  _  សណ្ឋានដី : ដីមានជីវជាតិល្អនិងសម្បូរទំនាបល្បាប់   _ ផ្លូវទឹក : ផ្លូវទឹកខ្វាត់ខ្វែងងាយស្រួលដល់ការដាំដុះ  _ ប្រជាជន : ប្រជាជនខ្មែរភាគច្រើនចូលចិត្តធ្វើកសិកម្ម  _ អាកាសធាតុ : ទទួលអាកាសធាតុក្តៅសើម  _ កសិកម្មផ្តល់ផល50%នៃផលិតផលជាតិសរុប។  ខ/ គេចែកកសិករទាំងនោះជា4ប្រភេទគឺ៖  _ កសិករធ្វើស្រែឬអ្នកស្រែ : និយមធ្វើស្រែ ស្រូវប្រាំង ស្រូវវស្សា ស្រូវឡើងទឹក  _ កសិករតំបន់ដីខ្ពស់ : គេដាំដំណាំជាអចិន្ត្រៃយ៍(ពោត ដំឡូង ចេក កៅស៊ូសណ្តែក)  _ កសិករធ្វើចម្ការដំណាំស្រូវ : គេដាំដំណាំតាមមាត់ទន្លេ ចិញ្ចឹមសត្វនិងនេសាទ  _ កសិករភូមិភាគឦសាន: គេធ្វើដំណាំព្រៃដុតមានដូចជាពោត ដំឡូង ស្រូវរុក្ខជាតិយកមើមដទៃទៀត និងបរបាញ់សត្វផងដែរ។,សេដ្ឋកិច្ចជាតិផ្អែកលើវិស័យកសិកម្មជាសំខាន់ព្រោះវិស័យនេះសំខាន់ដល់ជាតិដូចជា៖  • ព្រោះកម្ពុជាជាប្រទេសកសិកម្មព្រោះ៖  • សណ្ឋានដី៖ ប្រទេសកម្ពុជាស្ថិតនៅតំបន់ដែលអំណោយផលដល់ការដាំដុះដំណាំ  • ប្រទេសកម្ពុជាមានកម្លាំងពលកម្មប្រហែល ៧០-៨០% ជាអ្នកធ្វើស្រែ  • ប្រទេសកម្ពុជាស្ថិតនៅតំបន់មេគង្គក្រោមដែលមានប្រភពទឹកសម្រាប់ដាំដុះច្រើនមានទន្លេមេគង្គ ទន្លេសាប និងបឹងបួរផ្សេងៗ  • ជាប្រភពម្ហូបអាហារសម្រាប់មនុស្សគ្រប់រូប  • កាត់បន្ថយភាពអត់ការងារ  • កាត់បន្ថយភាពក្រីក្ររបស់ប្រជាជន  • ជាវត្ថុធាតុដើមសម្រាប់ប្រើក្នុងឧស្សាហកម្ម  • ជាឧស្សាហកម្មសម្រាប់នាំចេញ  • កសិកម្មជួយបង្កើតផ្ទៃបៃតងខ្ចីស្រស់បំព្រងមានសោភ័ណភាព  • ងាយស្រួលក្នុងការធ្វើផលិតកម្ម  • មានទីផ្សារស្រាប់  • ការនាំចេញ៖  ◦ ងាយស្រួលដឹកជញ្ជូន  ◦ មានតម្រូវការទីផ្សារច្រើន  ◦ ងាយស្រួលក្នុងការនាំចេញ។,20,12,2,0.6,0.60986328125,2,12,0,0
50,តើកត្តាអ្វីខ្លះដែលធ្វើអោយសម័យអង្គររីកចម្រើនដល់កំពូល?​ ចូលរៀបរាប់។,កត្តាដែលធ្វើអោយសម័យអង្គររីកចម្រើនគឺ: កត្តាព្រះរាជា:ព្រះរាជាចាប់ពីព្រះបាទជ័យវរ្ម័នទី 2 រហូតដល់ព្រះបាទជ័យវរ្ម័នទី 7 សុទ្ធតែជាស្ដេចខ្លាំងពូកែ កត្តានយោបាយ: នយោបាយក្នុងប្រទេសបង្រួបបង្រួមជាតិកសាងនិងការពារទឹកដី នយោបាយក្រៅប្រទេស:ចងសម្ព័ន្ធមិត្តជាមួយប្រទេសធំៗវាយយករដ្ឋតូចដាក់ជាចំណុះ កត្តាសេដ្ឋកិច្ច:រីកចម្រើនលើវិស័យកសិកម្មសិប្បកម្មគណនាគម កត្តាសាសនា:ការឯកភាពគ្នារវាងសាសនាព្រាហ្មនិងព្រះពុទ្ធ កត្តាធនធានមនុស្សបន្សល់ទុកតាំងពីសម័យនគរភ្នំនិងចេនឡាមក។,កត្តាដែលធ្វើអោយសម័យអង្គររីកចម្រើនគឺ: កត្តាព្រះរាជា:ព្រះរាជាចាប់ពីព្រះបាទជ័យវរ្ម័នទី 2 រហូតដល់ព្រះបាទជ័យវរ្ម័នទី 7 សុទ្ធសឹងតែជាស្ដេចខ្លាំងពូកែ កត្តានយោបាយ: នយោបាយក្នុងប្រទេសបង្រួបបង្រួមជាតិកសាងនិងការពារទឹកដី នយោបាយក្រៅប្រទេស:ចងសម្ព័ន្ធមិត្តជាមួយប្រទេសធំៗវាយយករដ្ឋតូចដាក់ជាចំណុះ កត្តាសាសនា:ការឯកភាពគ្នារវាងសាសនាព្រាហ្មនិងព្រះពុទ្ធ កត្តាមនុស្ស:មនុស្សបន្សល់ទុកតាំងពីសម័យនគរភ្នំនិងចេនឡាមក។,10,9,4,0.9,0.95166015625,4,10,0,1
51,ហេតុអ្វីបានជាផ្នែកឯកជនជាកម្លាំងដ៏សំខាន់សម្រាប់វិនិយោគនិងធ្វើឲ្យមានកំណើនសេដ្ឋកិច្ចក្នុងប្រទេស?,បានជាផ្នែកឯកជនជាកម្លាំងដ៏សំខាន់សម្រាប់វិនិយោគនិងធ្វើឲ្យមានកំណើនសេដ្ឋកិច្ចក្នុងប្រទេស ព្រោះប្រទេសកម្ពុជាជាប្រទេសអភិវឌ្ឍន៍ សេដ្ឋកិច្ចទីផ្សារដោយបានធ្វើកំណែទម្រង់សហគ្រាសឧស្សាហកម្មឲ្យក្លាយទៅជាកម្មសិទ្ធិឯកជន ។ សេដ្ឋកិច្ចទីផ្សារសេរីនេះនាំឲ្យអ្នករកស៊ីបរទេសចូលចិត្តមកវិនិយោគ ហើយកាលណាផ្នែកឯកជនរឹងមាំមកវិនិយោគ ហើយកាលណាផ្នែកឯកជនមិនរឹងមាំអាចបំពេញបន្ថែមវិនិយោគនិងវិស័យសង្គមកិច្ចមានន័យថាវិស័យឯកជនស្រូបយកកម្លាំងការងារកាន់តែកើនឡើង។,ព្រោះវិស័យឯកជនជាក្បាលម៉ាស៊ីនសំខាន់សម្រាប់វិនិយោគនិងធ្វើឱ្យមានកំណើនសេដ្ឋកិច្ចក្នុងប្រទេសព្រោះ៖ -ការដាំដុះគឺជាការដាំដុះនូវដំណាំផ្សេងផ្សេងដូចជាស្រូវបន្លែជាច្រើនការដាំដុះនេះភាគច្រើនគេដាំវានៅតាមជនបទដើម្បីយកទៅលក់នៅទីផ្សារដើម្បីយកប្រាក់មកដោះដូរជីវភាព ប្រជាជនខ្លះដាំដុះនេះដើម្បីទុកបរិភោគខ្លួនឯងដោយកាត់បន្ថយទៅលើការចំណាយហើយការដាំដុះនេះ សារៈសំខាន់ចំពោះជាតិផងដែរការដាំដុះនេះអាចនាំចេញទៅក្រៅស្រុកបាន ផងដែរ អ្នកខ្លះទៀតយកការដាំដុះនេះជាមុខរបរនាំយកទៅទីក្រុងដើម្បីលក់ដូរ។ -អាជីវកម្មព្រៃឈើប្រជាជនមួយបានយកការកាប់ព្រៃឈើធ្វើជាអាជីវកម្មដើម្បីចិញ្ចឹមជីវិតហើយអាជីវកម្ម នេះមួយចំនួនអាចយកធ្វើជាអុសធ្យូងផ្ទះគ្រែកៅអីជាដើមគឺទាំងអស់នេះ ក៏ជាការសំខាន់ដែរដើម្បីយកទៅលក់ដូរដើម្បីដោះដូរជីវភាពបានប៉ុន្តែការធ្វើអាជីវកម្មព្រៃឈើនេះក៏អាចបង្កដល់អំពើខុសច្បាប់ដែរហើយអាចមានសំឡេងរំខានដល់អ្នកដទៃផងដែរ។ -ការនេសាទក៏អាចដោះដូរជីវភាពបានតែប្រជាជនមួយចំនួនបានយកការនេសាទនេះ ចិញ្ចឹមជីវិតនិងគ្រួសារការនេសាទឬមានច្រើនបែបណាដូចជាការនេសាទត្រីការនេសាទសត្វ ការនេសាទនៅសមុទ្រជាដើម។,15,12,3,0.8,0.60009765625,2,9,1,3
52,តើព្រះអង្គឌួងមានស្នាព្រហស្ថអ្វីខ្លះចំពោះប្រទេសជាតិនិងប្រជារាស្ត្រខ្មែរ?,ព្រះបាទអង្គឌួងមានស្នាព្រហស្តដូចជាផ្នែករដ្ឋបាលរៀបចំប្រព័ន្ធរដ្ឋបាលនិងច្បាប់ទម្លាប់ស្ដារឡើងវិញមានរបៀបផ្នែកសេដ្ឋកិច្ចលើកស្ទួយវិស័យកសិកម្មជួសជុលប្រព័ន្ធ សេះនិងពាណិជ្ជកម្ម ភ្នែកបរទេសស្វែងរកជំនួយពីបារាំងដើម្បីទប់ទល់នឹងការត្រួតត្រាយួននិងសៀម ផ្នែកវប្បធម៌លើកស្ទួយវប្បធម៌អក្សរសាស្ត្រខ្មែរនិង សាសនា កត្តាផ្ទៃក្នុង ការបែកបាក់រាជវង្សានុវង្សបែកបាក់សាមគ្គី។,ព្រះបាទអង្គឌួងមានស្នាព្រហស្តដូចជាការពារទឹកដីខ្មែរពីចូលសៀមនិងយួនទាក់ទងជាមួយបារាំងដើម្បីការពារប្រទេសខ្មែរ កសាងក្រុងឧដុង្គកំពង់ដែនកំពតកំពង់ហ្លូង កសាងគមនាគមន៍កសាងវប្បធម៌ខ្មែរវត្តអារាមសាលារៀនសាកលវិទ្យាល័យអក្សរសាស្ត្រ អក្សរសាស្ត្រកំណាព្យ ច្បាប់ស្រី។,15,15,4,1.0,0.60205078125,2,9,2,6
53,ចូររៀបរាប់អំពីទំនាក់ទំនងរវាងការដាំដុះអាជីវកម្មព្រៃឈើនិងនេសាទ។,ទំនាក់ទំនងរវាង ការដាំដុះអាជីវកម្មព្រៃឈើ និងការនេសាទ៖  _ ការដាំដុះអាជីវកម្មព្រៃឈើ និងការនេសាទ ជាភោគទ្រព្យយ៉ាងសំខាន់សម្រាប់ប្រជាជនក្នុងការទ្រទ្រង់ក្នុងជីវភាពរស់នៅនិងការអភិវឌ្ឍន៍ប្រទេសជាតិ   _ ដើម្បីបំពេញតម្រូវការក្នុងកសិកម្មផលិតកម្មនិងត្រូវការផ្សេងៗ មនុស្សនាំគ្នាកាប់ព្រៃឈើដើម្បីធ្វើអាជីវកម្មព្រៃឈើជាមូលហេតុធ្វើឲ្យអាកាសធាតុប្រែប្រួលប៉ះពាល់ដល់ជីវិតមនុស្ស សត្វ និងរុក្ខជាតិ  ​ _ អតិផលនៃប្រព័ន្ធកសិកម្ម នាំឲ្យមានកំណើននៃការប្រើប្រាស់គីមីនិងថ្នាំសម្លាប់សត្វល្អិត។ ជីគីមី និងថ្នាំសម្លាប់សត្វល្អិត ទាំងនោះហូរទៅផ្ដុំគ្នានៅតាមផ្លូវទឹកនានា បំផ្លាញជីវិតសត្វនិងពូជធម្មជាតិ។,រៀបរាប់ពីទំនាក់ទំនងរវាងការដាំដុះអាជីវកម្មព្រៃឈើនិងការនេសាទការដាំដុះអាជីវកម្មព្រៃឈើមានទំនាក់ទំនងការកាប់ឈើធ្វើ អាជីវកម្មលើឈើធ្វើតុទូកៅអីណានាំចេញទៅលួចកាប់ព្រៃឈើដើម្បីសាងអគារការដាំដុះនិង ការនេសាទមានទំនាក់ទំនង ឈើជាជម្រកត្រីពងព្រៃឈើជាកន្លែងដែលត្រីរស់នៅបង្កើតជាមនុស្សកុំទឹកក្ដៅពេកអាជីវកម្មព្រៃឈើនិង ការនេសាទបាត់បង់ជម្រកសម្រាប់ស្ត្រីពរបាត់បងប្អូនក្រអ្នកនេសាទងាយស្រួលដោយសារ,15,5,1,0.3333333333333333,0.6005859375,2,9,1,4
54,តើឧស្សាហកម្មមានអ្នកតួនាទីចំពោះសេដ្ឋកិច្ចយ៉ាងដូចម្ដេច?,ឧស្សាហកម្មមានតួនាទីសម្រាប់សេដ្ឋកិច្ចជាតិដូចជា -ជួយបង្កើតប្រាក់ចំណូលចូលជាតិ -បង្កើតការងារដល់ប្រជាជន -បង្កើតប្រាក់ចំណូលចូលក្នុងគ្រួសារ -ប្រជាជនមានជីវភាពធូរធារ -ជួយរក្សាជញ្ជីងពាណិជ្ជកម្ម -ជួយបង្កើតទិន្នផលសម្រាប់ការនាំចេញនាំចូល -បង្កើននូវសង្ឃភារៈសម្រាប់ប្រើប្រាស់។,ឧស្សាហកម្មមានតួនាទីចំពោះសេដ្ឋកិច្ចជាតិដូចជាដល់ការងារជនប្រជាជនជួយបង្កើនប្រាក់ចំណូលជាជនសិទ្ធិដំបូលដល់ការរស់នៅរបស់ប្រជាជនជួយរក្សាលំនឹងជញ្ជីញពាណិជ្ជកម្ម ប្រជាជនមានជីវភាពធូរធាផ្ដល់ផងសម្រាប់នាំចេញផ្ដល់ផងសម្រាប់ប្រើប្រាស់,15,15,4,1.0,0.716796875,3,11,1,4
55,តើសេដ្ឋកិច្ចកម្ពុជាពឹងផ្អែកលើវិស័យអ្វីជាសំខាន់?     ក/ ហេតុអ្វីបានជាគេនិយាយថាកម្ពុជាជាប្រទេសកសិកម្ម?     ខ/ តើគេចែកកសិករជាប៉ុន្មានប្រភេទ?អ្វីខ្លះ?,សេដ្ឋកិច្ចកម្ពុជាពឹងផ្អែកលើវិស័យកសិកម្មជាសំខាន់។   ក/ បានជាគេនិយាយថាកម្ពុជាជាប្រទេសឧស្សាហកម្មព្រោះ៖  _  សណ្ឋានដី : ដីមានជីវជាតិល្អនិងសម្បូរទំនាបល្បាប់   _ ផ្លូវទឹក : ផ្លូវទឹកខ្វាត់ខ្វែងងាយស្រួលដល់ការដាំដុះ  _ ប្រជាជន : ប្រជាជនខ្មែរភាគច្រើនចូលចិត្តធ្វើកសិកម្ម  _ អាកាសធាតុ : ទទួលអាកាសធាតុក្តៅសើម  _ កសិកម្មផ្តល់ផល50%នៃផលិតផលជាតិសរុប។  ខ/ គេចែកកសិករទាំងនោះជា4ប្រភេទគឺ៖  _ កសិករធ្វើស្រែឬអ្នកស្រែ : និយមធ្វើស្រែ ស្រូវប្រាំង ស្រូវវស្សា ស្រូវឡើងទឹក  _ កសិករតំបន់ដីខ្ពស់ : គេដាំដំណាំជាអចិន្ត្រៃយ៍(ពោត ដំឡូង ចេក កៅស៊ូសណ្តែក)  _ កសិករធ្វើចម្ការដំណាំស្រូវ : គេដាំដំណាំតាមមាត់ទន្លេ ចិញ្ចឹមសត្វនិងនេសាទ  _ កសិករភូមិភាគឦសាន: គេធ្វើដំណាំព្រៃដុតមានដូចជាពោត ដំឡូង ស្រូវរុក្ខជាតិយកមើមដទៃទៀត និងបរបាញ់សត្វផងដែរ។,សេដ្ឋកិច្ចជាតិផ្អែកលើវិស័យកសិកម្មជាសំខាន់ព្រោះវិស័យនេះសំខាន់ដល់ជាតិដូចជា៖ -ប្រទេសកម្ពុជាមានប្រព័ន្ធទឹកកម្ពុជាមានការដាំដុះស្រូវល្អ -ប្រទេសកម្ពុជាសម្បូរទឹកដីប្រទេសកម្ពុជាសម្បូររ៉ែ  +គេបែងចែកកសិករទាំងនោះជាបួនប្រភេទ -កសិករអាជីវកម្ម-កសិករគ្រួសារ -កសិករផលិតស្រូវ -កសិករតំបន់ នៅដី។,20,9,2,0.45,0.6015625,2,12,0,3
56,តើអាណាចក្រភ្នំមានព្រំប្រទល់ជាប់ប្រទេសណាខ្លះ?,អាណាចក្រភ្នំមានព្រំប្រទល់ជាប់ប្រទេសដូចជា -ខាងជើងជាប់ចិន -ខាងត្បូងជាឈូងសមុទ្រខ្មែរ -ខាងកើតជាប់រដ្ឋចម្ប៉ា -ខាងលិចជាប់រដ្ធមនឬភូមា។,អាណាចក្រភ្នំមានព្រំប្រទល់ជាប់ប្រទេសដូចជា -ខាងជើងជាប់ចិន -ខាងត្បូងជាឈូងសមុទ្រខ្មែរ -ខាងកើតជាប់រដ្ឋចម្ប៉ា -ខាងលិចជាប់រដ្ឋមនឬភូមា។,6,6,4,1.0,0.94921875,4,6,0,0
57,ចូរពណ៏នាពីការអភិវឌ្ឍសេដ្ឋកិច្ច សង្គម នៅកម្ពុជាពីឆ្នាំ១៩៩៣ មកទល់សព្វថ្ងៃ?,ការអភិវឌ្ឈនៅកម្ពុជា +វិស័យសេដ្ឋកិច្ច -ជួយជំរុញវិស័យកសិកម្ម ឧស្សាហកម្ម ពាណិជ្ជកម្ម ទេសចរណ៌ មានការអភិវឌ្ឈ -មានកំណើនការវិនិយោគពីឯកជនបង្កើតទុនបរទេស -មានទំនាក់ទំនងពាណិជ្ជកម្មអន្តរជាតិជាមួយអាស៊ាននិងមហាអំណាចធំៗ -មានកំណើនភ្ញៀវទេសចរណ៌ជាតិនិងអន្តរជាតិ ផ្ដល់ចំណូលដល់ប្រជាជន -កសាងហេដ្ឋារចនាសម្ព័ន្ធ មានផ្លូវថ្នល់ ស្ពានដែក កំពង់ផែ អាកាសយាន្តដ្ឋាន ដោយបំពាក់ប្រព័ន្ធទឹកភ្លើងពីទីក្រុងទៅជនបទ +វិស័យសង្គម -មានការទប់ស្កាត់សង្គ្រាម -លើកស្ទួយការគោរពសិទ្ធិមនុស្ស -ទប់ស្កាត់អំពើពុករលួយ -ធ្វើឱ្យរដ្ឋាភិបាលមានលទ្ធភាពសម្រេចផែនការនានាតាមការកំណត់ -ជួយឱ្យមានរក្សាសន្តិភាព សុខសុវត្ថិភាព -មានការអភិវឌ្ឈសាលារៀន មន្ទីរពេទ្យ -មានសមភាពយែនឌ័រក្នុងសង្គម -កម្ពុជារៀបចំកម្មវិធីធំៗថ្នាក់ជាតិ។,ពណ៌នាពីការអភិវឌ្ឍសេដ្ឋកិច្ចសង្គមនៅកម្ពុជាពីឆ្នាំ 1993 មកទល់សព្វថ្ងៃ៖ +សេដ្ឋកិច្ច -សេដ្ឋកិច្ចមានការរីកចម្រើនគួរកត់សម្គាល់ -មានទំនាក់ទំនងពាណិជ្ជកម្មល្អជាមួយប្រទេសក្នុងតំបន់និងអន្តរជាតិ -មានការអភិវឌ្ឈវិស័យកសិកម្ម ឧស្សាហកម្ម ពាណិជ្ជកម្ម -ជំរុញឱ្យមានការតំឡើងបចេ្ចកវិទ្យាក្និងវិស័យឧស្សាហកម្ម -កសាងកំពង់ផែស្វ័យត -ការអភិវឌ្ឈលើគ្រប់តំបន់ឧស្សាហកម្ម។ +សង្គម -ប្រជាជនកម្ពុជាទទួលបានសន្តិភាពពេញលេញ។,10,5,2,0.5,0.87255859375,3,9,1,4
58,តើសេដ្ឋកិច្ចកម្ពុជាពឹងផ្អែកលើវិស័យអ្វីជាសំខាន់?     ក/ ហេតុអ្វីបានជាគេនិយាយថាកម្ពុជាជាប្រទេសកសិកម្ម?     ខ/ តើគេចែកកសិករជាប៉ុន្មានប្រភេទ?អ្វីខ្លះ?,សេដ្ឋកិច្ចកម្ពុជាពឹងផ្អែកលើវិស័យកសិកម្មជាសំខាន់។   ក/ បានជាគេនិយាយថាកម្ពុជាជាប្រទេសឧស្សាហកម្មព្រោះ៖  _  សណ្ឋានដី : ដីមានជីវជាតិល្អនិងសម្បូរទំនាបល្បាប់   _ ផ្លូវទឹក : ផ្លូវទឹកខ្វាត់ខ្វែងងាយស្រួលដល់ការដាំដុះ  _ ប្រជាជន : ប្រជាជនខ្មែរភាគច្រើនចូលចិត្តធ្វើកសិកម្ម  _ អាកាសធាតុ : ទទួលអាកាសធាតុក្តៅសើម  _ កសិកម្មផ្តល់ផល50%នៃផលិតផលជាតិសរុប។  ខ/ គេចែកកសិករទាំងនោះជា4ប្រភេទគឺ៖  _ កសិករធ្វើស្រែឬអ្នកស្រែ : និយមធ្វើស្រែ ស្រូវប្រាំង ស្រូវវស្សា ស្រូវឡើងទឹក  _ កសិករតំបន់ដីខ្ពស់ : គេដាំដំណាំជាអចិន្ត្រៃយ៍(ពោត ដំឡូង ចេក កៅស៊ូសណ្តែក)  _ កសិករធ្វើចម្ការដំណាំស្រូវ : គេដាំដំណាំតាមមាត់ទន្លេ ចិញ្ចឹមសត្វនិងនេសាទ  _ កសិករភូមិភាគឦសាន: គេធ្វើដំណាំព្រៃដុតមានដូចជាពោត ដំឡូង ស្រូវរុក្ខជាតិយកមើមដទៃទៀត និងបរបាញ់សត្វផងដែរ។,សេដ្ឋកិច្ចជាតិផ្អែកលើវិស័យកសិកម្មជាសំខាន់ព្រោះវិស័យនេះសំខាន់ដល់ជាតិដូចជា៖ -បានជាគេនិយាយថា កម្ពុជាជាប្រទេសកសិកម្មព្រោះ  -ប្រជាជនកម្ពុជាជាច្រើន ច្រើនជាកសិករវិស័យ កសិកម្មនៅ -ប្រទេសកម្ពុជាបានផល ជា ឱកាសការងារនិងប្រាក់ចំណូលសម្រាប់ប្រជាជន  -វិស័យកសិកម្មគឺដែលនាំចេញទៅទីផ្សារអន្តរជាតិជាពិសេសធ្វើស្រែដាំដុះស្រូវបន្លែផ្លែឈើ  ខ គេចែកកសិករទាំងនោះជាបីប្រភេទគឺ -កសិករធ្វើស្រែ -កសិករមិនធ្វើស្រែ -កសិករធ្វើចំការមិនដាំស្រូវ។,20,10,2,0.5,0.60400390625,2,12,0,2
59,ដូចម្តេចដែលហៅថាមេយ៉ូស? ចូរនិយាយពីវគ្គផ្សេងៗនៃមេយ៉ូស។,មេយ៉ូសជាសំណុំនៃចំណែកកោសិកាពីរដងបន្តបន្ទាប់គ្នាដែលបង្កើតបានជាកោសិកាអាលូអុីតបួន ហៅថាមេយ៉ូស ។ _តេឡូផាស1 ស៊ីតូប្លាសចែកខ្លួនបានជាកោសិកាកូនពីរ ។កោសិកាកូននីមួយៗទទួលបានក្រូម៉ូសូម តែមួយពីរគូអូម៉ូឡូក ។ _ប្រផាស1 មានរយៈពេលវែង ។ _អាណាផាស1 ក្រូម៉ូសូមដំរៀបលើផ្លាស់ភ្ជាប់នឹងក្រយ៉ូងក្រូម៉ាទិចដោយសង់ក្រូងទ័ររបស់វា ។ _តេឡូផាស2 ក្រូម៉ូមនីមួយៗបានមកដល់ប៉ូលភ្នាស _មេតាផាស2 ក្រូម៉ូសូមប្រេះតាមបណ្ដោយភ្ជាប់ខ្លួនទៅនិងក្រយ៉ងក្រូម៉ាទិចដោយសង់ _ប្រូដាស2 ត្តយ៉ងអាក្រូម៉ាទិតកើតមានក្នុងកោសិកាគូនីមួយៗ _អាណាផាស2 សង់ក្រូម៉ែធ្វើចំណែកដែលនាំអោយក្រូម៉ាទិចបងប្អូនដាច់ចេញពីគ្នា ។បន្ទាប់មក ក្រូម៉ូសូមកូនទាំង2ធ្វើដំណើរឆ្ពោះទៅប៉ូលផ្ទុយគ្នារបស់ត្រយ៉ូងអាក្រូម៉ាទិច ។,មេយ៉ូសជាសំណុំនៃចំណែកកោសិកាពីរដងបន្តបន្ទាប់គ្នាដែលបង្កើតបានជាកោសិកាអាលូអុីតបួន ហៅថាមេយ៉ូស ។ _តេឡូផាស1 _ប្រផាស1  _អាណាផាស1 _មេតាផាស1 _ប្រូដាស2  _អាណាផាស2 _មេតាផាស2 _តេឡូផាស2,10,5,2,0.5,0.599609375,2,6,0,1
60,តើសម័យឧដុង្គចាប់ពីឆ្នាំណាដល់ឆ្នាំណា?ហេតុអ្វីបានជាប្រទេសកម្ពុជាធ្លាក់ចុះខ្សោយកាន់តែខ្លាំងនៅសម័យឧដុង្គ។ចូរពន្យល់,សម័យឧដុង្គចាប់ពីឆ្នាំ បានជាប្រទេសកម្ពុជាធ្លាក់ចុះខ្សោយកាន់តែខ្លាំងនៅសម័យឧដុង្គព្រោះ សង្គ្រាមផ្ទៃក្នុងញឹកញាប់និងការជាវជ្រៀតជ្រែកពីសៀមនិងយួន ការប្រកួតប្រជែងដណ្ដើមរាជ្យបានឡើងក្នុងចំណោមព្រះរាជវង្សានុវង្ស បែកបាក់សាមគ្គីផ្ទៃក្នុងគ្មានការសាមគ្គីរួបរួមនៅក្នុងប្រទេសជិតខាង កម្ពុជាត្រូវបែកជាពីរផ្នែកដោយសារសៀមត្រួតត្រាផ្នែកខាងលិចបាត់ដំបងសៀមរាបត្រួតត្រាខាងត្បូង បាត់បង់ទឹកដីដោយសារខេត្តជាច្រើននៅភាគខាងលិចបាត់ដំបងសៀមរាបមង្គលបុរី ត្រូវបានធ្លាក់ក្នុងកណ្ដាប់ដៃសៀមនៅឆ្នាំនិងមុនបាត់បង់ដីភាគខាងកើតនៅវៀតណាម សេដ្ឋកិច្ចពឹងផ្អែកលើវិស័យកសិកម្មបុរាណដែល សួយសារអាករឲ្យគេ ចំណែកវប្បធម៌វិញវត្តអារាមត្រូវបានបំផ្លិចបំផ្លាញ ប្រទេសជាតិខ្សោយគ្មានកម្លាំងទប់ទល់នឹងការវាយលុកពីខាងក្រៅមន្ត្រីក្បត់ជាតិច្រើន ដោយសារ រាជវង្សផ្ទៃក្នុងការដណ្ដើមអំណាចគ្នា។,នៅសម័យឧដុង្គចាប់ពីឆ្នាំ ១៦២០-១៨៦៣។,15,4,1,0.26666666666666666,0.75927734375,3,11,2,7
61,តើកត្តាអ្វីខ្លះដែលធ្វើអោយសម័យអង្គររីកចម្រើនដល់កំពូល?​ ចូលរៀបរាប់។,កត្តាដែលធ្វើអោយសម័យអង្គររីកចម្រើនគឺ: កត្តាព្រះរាជា:ព្រះរាជាចាប់ពីព្រះបាទជ័យវរ្ម័នទី 2 រហូតដល់ព្រះបាទជ័យវរ្ម័នទី 7 សុទ្ធតែជាស្ដេចខ្លាំងពូកែ កត្តានយោបាយ: នយោបាយក្នុងប្រទេសបង្រួបបង្រួមជាតិកសាងនិងការពារទឹកដី នយោបាយក្រៅប្រទេស:ចងសម្ព័ន្ធមិត្តជាមួយប្រទេសធំៗវាយយករដ្ឋតូចដាក់ជាចំណុះ កត្តាសេដ្ឋកិច្ច:រីកចម្រើនលើវិស័យកសិកម្មសិប្បកម្មគណនាគម កត្តាសាសនា:ការឯកភាពគ្នារវាងសាសនាព្រាហ្មនិងព្រះពុទ្ធ កត្តាធនធានមនុស្សបន្សល់ទុកតាំងពីសម័យនគរភ្នំនិងចេនឡាមក។,កត្តាដែលធ្វើអោយសម័យអង្គររីកចម្រើនគឺ: កត្តាព្រះរាជា:ព្រះរាជាចាប់ពីព្រះបាទជ័យវរ្ម័នទី 2 រហូតដល់ព្រះបាទជ័យវរ្ម័នទី 7 សុទ្ធសឹងតែជាស្ដេចខ្លាំងពូកែ កត្តានយោបាយ: នយោបាយក្នុងប្រទេស:បង្រួបបង្រួម​ កសាង និងការពារ។ នយោបាយក្រៅប្រទេស:ចងសម្ព័ន្ធមិត្តជាមួយប្រទេសធំៗដូចជាចិននិងឥណ្ឌា និងវាយយករដ្ឋតូចដាក់ជាចំណុះ កត្តាសេដ្ឋកិច្ច:ការរីកចម្រើនលើវិស័យកសិកម្ម សិប្បកម្ម គណនាគមន៍ កត្តាសាសនា:មានការឯកភាពគ្នារវាងសាសនាព្រាហ្មនិងព្រះពុទ្ធ កត្តាធនធានមនុស្សបន្សល់ទុកតាំងពីសម័យនគរភ្នំនិងចេនឡាមក។,10,10,4,1.0,0.96044921875,4,10,0,0
62,តើឧស្សាហកម្មមានតួនាទីដូចម្ដេចខ្លះចំពោះសេដ្ឋកិច្ចជាតិ?,ឧស្សាហកម្មមាន​តួនាទីចំពោះសេដ្ឋកិច្ចជាតិដូចជា ៖ ​ _ ជួយបង្កើតថវិការជាតិ ​ _ ជួយបង្កើតទិន្នផលជាតិ ​​ _ ជួយឲ្យសេដ្ឋកិច្ចជាតិរីកចម្រើន  _ ប្រជាជនសំបូរធូរធារ  _អភិវឌ្ឍគ្រប់វិស័យ  _ មានទំនាក់ទំនងល្អជាមួយអ្នកជិតខាង  _ មានភាពរុងរឿងនៅក្នុងប្រទេសជាតិ។,ឧស្សាហកម្មមានតួនាទីចំពោះសេដ្ឋកិច្ចជាតិដូចជា -ផ្តល់កាងារឲ្យប្រជាជនធ្វើ -ផ្ដល់ចំណូលដល់សេដ្ឋកិច្ចជាតិមាន២៣.៨%ឆ្នាំ២០០៨ ផ្ដល់ផលិតផលសម្រាប់នាំចេញ ផ្ដល់ផលិតផលសម្រាប់ប្រើប្រាស់ ជួយរក្សាលំនឹងជញ្ជីងពាណិជ្ជកម្ម និងផ្ដល់ប្រាក់ចំណូលដល់គ្រួសារ។,15,15,4,1.0,0.67236328125,3,10,1,5
63,តើគេចែកយុគសម័យបុរេប្រវត្តិសាស្ត្រកម្ពុជាជាប៉ុន្មានយុគសម័យ?អ្វីខ្លះ?,គេចែកយុគសម័យបុរេប្រវត្តិសាស្ត្រកម្ពុជាជាបីយុគសម័យគឺ -យុគថ្មបំបែក (600000 - 12000 ឆ្នាំមុនគ.ស) -យុគថ្មរលីងឬសំលៀង (8000 - 2000 ឆ្នាំមុនគ.ស) -យុគលោហៈ(2000-100 ឆ្នាំមុនគ.ស)។,គេចែកយុគសម័យបុរេប្រវត្តិសាស្ត្រកម្ពុជាជាបីយុគសម័យគឺ -យុគថ្មបំបែក (600000 - 12000 ឆ្នាំមុនគ.ស) -យុគថ្មរលីងឬសំលៀង (8000 - 2000 ឆ្នាំមុនគ.ស) -យុគលោហៈ(2000-100 ឆ្នាំមុនគ.ស)។,5,5,4,1.0,0.96923828125,4,5,0,0
64,តើប្រព័ន្ធផលិតកម្មកសិកម្មនៅក្នុងប្រទេសកម្ពុជាមានអ្វីខ្លះ?ចូររៀបរាប់​ ។,ប្រព័ន្ធផលិតកម្មកសិកម្មនៅប្រទេសកម្ពុជាមាន៖    _ ដំណាំ : ដំណាំស្រូវ ដំណាំកៅស៊ូ ដំណាំផ្សេងៗទៀត    _ ការចិញ្ចឹមសត្វ : ការចិញ្ចឹមសត្វលើគោក ការចិញ្ចឹមសត្វក្នុងទឹក    _ ការនេសាទ : ការនេសាទទឹកសាប ការនេសាទទឹកប្រៃ  _ ព្រៃឈើ : ផលិតផលឈើ អនុផលព្រៃឈើ(រកឃ្មុំ ជ័រទឹក វល្លិ៍ ផ្តៅ) សត្វព្រៃ ។,ប្រព័ន្ធផលិតផលកសិកម្មនៅប្រទេសកម្ពុជាមានចំនួនបីដូចជា៖  +កសិកម្មផ្នែកដាំដុះ -ដំណាំស្រូវ លោក ដំឡូងពោត   -ដំណាំកៅស៊ូ -ដំណាំហូងផ្លែ +កសិកម្មនេសាទ -ការនេសាទត្រី -ការចិញ្ចឹមត្រី +កសិកម្មអនុផលព្រៃឈើ -ការកាប់យកព្រៃឈើមានតម្លៃ -ការអាស្រ័យយកផល្លាក្នុងព្រៃល។,10,7,3,0.7,0.63134765625,3,6,0,1
65,តើអ្វីជាសង្គ្រាមត្រជាក់? តើសង្គ្រាមត្រជាក់ផ្ដល់ផលវិបាកអ្វីខ្លះដល់កម្ពុជា?,សង្គ្រាមត្រជាក់ជាការប្រឈមមុខដាក់គ្នាដោយប្រយោលរវាងសហរដ្ឋអាមេរិចនិងសហភាពសូវៀត ដោយធ្វើការប្រណាំងប្រជែងគ្នាលើផ្នែក  សេដ្ឋកិច សព្វាវុធ យោធា និងបច្ចេកទេស។ សង្រ្គាមត្រជាក់បានផ្ដល់ផលវិបាកកម្ពុជាដូចជា៖ -គ្រាប់បែករបស់សហរដ្ឋអាមេរិក 1669 ដល់ 1973  -សង្គ្រាមស៊ីវិលក្នុងប្រទេសពីឆ្នាំ 1970 ដល់ 1975 និងកើតមានម្តងទៀតពីឆ្នាំ 1979 ដល់ឆ្នាំ 1991 ដែលកើតចេញពីការប្រឆាំងគ្នារវាងក្រុមកុម្មុយនិស្តនិងសេរីនិយម -ការសម្លាប់ប្រជាជនឯងក្រោមរបស់ប្រល័យពូជសាសន៍ឆ្នាំ 1975 និងឆ្នាំ 1979  -ការផ្លាស់ប្ដូរនយោបាយជាញឹកញាប់រហូតមានការមានកិច្ចព្រមព្រៀងសន្តិភាពក្រុងប៉ារីសថ្ងៃទី 23 តុលាឆ្នាំ 1991។,សង្គ្រាមត្រជាក់ជាការប្រឈមមុខដាក់គ្នាដោយប្រយោលរវាងសហរដ្ឋអាមេរិចនិងសហភាពសូវៀត ដោយធ្វើការប្រណាំងប្រជែងគ្នាលើផ្នែក  សេដ្ឋកិច សព្វាវុធ យោធា និងបច្ចេកទេស។ សង្រ្គាមត្រជាក់បានផ្ដល់ផលវិបាកកម្ពុជាដូចជា៖ -គ្រាប់បែករបស់សហរដ្ឋអាមេរិក 1669 ដល់ 1973  -សង្គ្រាមស៊ីវិលក្នុងប្រទេសពីឆ្នាំ 1970 ដល់ 1975 និងកើតមានម្តងទៀតពីឆ្នាំ 1979 ដល់ឆ្នាំ 1991 ដែលកើតចេញពីការប្រឆាំងគ្នារវាងក្រុមកុម្មុយនិស្តនិងសេរីនិយម -ការសម្លាប់ប្រជាជនឯងក្រោមរបស់ប្រល័យពូជសាសន៍ឆ្នាំ 1975 និងឆ្នាំ 1979  -ការផ្លាស់ប្ដូរនយោបាយជាញឹកញាប់រហូតមានការមានកិច្ចព្រមព្រៀងសន្តិភាពក្រុងប៉ារីសថ្ងៃទី 23 តុលាឆ្នាំ 1991។,10,9,4,0.9,0.82080078125,3,8,1,1
66,តើកត្តាអ្វីខ្លះដែលបណ្ដាលឲ្យសៀមវាយបែកបន្ទាយលង្វែក?,កត្តាដែលបណ្ដាលឲ្យសៀមវាយបន្ទាយលង្វែកព្រះរាជាព្រះសត្ថាទីមួយឆោតល្ងង់ទៅជួយរំដោះក្រុងឰយុធ្យារបស់សៀមមកពីការត្រួតត្រាភូមាសៀមរមិលគុណប្រើល្បិចបញ្ជូនសល់ពីរអង្គ យកការវិបត្តិផ្ទៃក្នុងជាជួរជលសារលោករវល់ នាដើមម៉ឺនមន្ត្រីប្រជារាស្ត្រមិនពេញចិត្តដែលតែងទៅកូនអាយុដប់មួយវស្សា ឲ្យកូនរៀននៅ ក្នុងនាម មហាឧបរាជ ធ្វើឲ្យប្រជារាស្ត្របាត់បង់ស្មារតីប្រយុទ្ធប្រជារាស្ត្រខ្មែរក្រីក្រឆោតល្ងង់ចង់បានប្រាក់ដួលក៏នាំគ្នាកាប់ឆ្ការគុម្ពឫស្សីដែលជារបងការពារបន្ទាយលង្វែកដ៏រឹងមាំ រីប្រទេសខ្មែរហាក់បីដូចជាបាត់បង់សាមគ្គីដូចជាស្ថានីយមួយនាំកូនទាំងពីររត់ភៀសខ្លួនទៅប្រទេសឡាវមិនគិតពីប្រជារាស្ត្រនាំឲ្យប្រជាជន អស់ជំនឿ,កត្តាដែលបណ្ដាលឲ្យសៀមវាយបន្ទាយលង្វែកព្រះរាជាព្រះសត្ថាទីមួយឆោតល្ងង់ទៅជួយរំដោះក្រុងឰយុធ្យារបស់សៀមមកពីការត្រួតត្រាភូមាសៀមរមិលគុណប្រើល្បិចបញ្ជូនសល់ពីរអង្គ យកការវិបត្តិផ្ទៃក្នុងជាជួរជលសារលោករវល់ នាដើមម៉ឺនមន្ត្រីប្រជារាស្ត្រមិនពេញចិត្តដែលតែងទៅកូនអាយុដប់មួយវស្សា ឲ្យកូនរៀននៅ ក្នុងនាម មហាឧបរាជ ធ្វើឲ្យប្រជារាស្ត្របាត់បង់ស្មារតីប្រយុទ្ធប្រជារាស្ត្រខ្មែរក្រីក្រឆោតល្ងង់ចង់បានប្រាក់ដួលក៏នាំគ្នាកាប់ឆ្ការគុម្ពឫស្សីដែលជារបងការពារបន្ទាយលង្វែកដ៏រឹងមាំ រីប្រទេសខ្មែរហាក់បីដូចជាបាត់បង់សាមគ្គីដូចជាស្ថានីយមួយនាំកូនទាំងពីររត់ភៀសខ្លួនទៅប្រទេសឡាវមិនគិតពីប្រជារាស្ត្រនាំឲ្យប្រជាជន អស់ជំនឿ,10,10,4,1.0,0.60009765625,2,6,2,4
67,តើសង្គមខ្មែរនៅសម័យអង្គរមានប៉ុន្មានវណ្ណៈ? វណ្ណៈអ្វីខ្លះ? ចូលរៀបរាប់។,សង្គមខ្មែរនៅសម័យអង្គរមានប្រាំវណ្ណៈគឺ -វណ្ណៈក្សត្រឬរាជវង្សនុវង្ស (ជាស្ដេចគ្រប់គ្រងប្រទេស -វណ្ណៈមន្ត្រី (អ្នករស់នៅក្នុងរាជវាំងបម្រើស្ដេច) -វណ្ណៈព្រាហ្ម៍ឬបុព្វជិត​(គឺជាអ្នកបួស) -វណ្ណៈអ្នកជាឬកសិករ (អ្នករស់នៅនឹងធ្វើស្រែចម្ការ) -វណ្ណៈអ្នកងារឬទាសករ(ទាសករបម្រើគេតកូនតចៅ)។,សង្គមខ្មែរនៅសម័យអង្គរមានប្រាំវណ្ណៈគឺ -វណ្ណៈក្សត្រ -វណ្ណៈមន្ត្រី -វណ្ណៈបុព្វជិត -វណ្ណៈអ្នកជា -វណ្ណៈទាសករ។,10,5,2,0.5,0.6357421875,3,6,1,1
68,តើអ្វីជាសង្គ្រាមត្រជាក់? តើសង្គ្រាមត្រជាក់ផ្ដល់ផលវិបាកអ្វីខ្លះដល់កម្ពុជា?,សង្គ្រាមត្រជាក់គឺជាការប្រកួតប្រជែងផ្នែកមនោគមវិទ្យារវាងសេដ្ឋកិច្ចនយោធានិងបច្ចេកវិទ្យា។សង្គ្រាមមជ្ឈមណ្ឌលផលវិបាកដល់កម្ពុជាដូចជា -ការអនុវត្តនយោបាយវិទ្យាក្រឹត្យរបស់សម្ដេចនរោត្តមសីហនុមិនចោទទិសដៅ -ប្រទេសកម្ពុជាធ្លាក់ក្នុងសង្គ្រាមស៊ីវល -ខ្មែរក្រហមឡើងកាន់អំណាច -ប្រទេសកម្ពុជាមានភាពអាណាធិបតេយ្យ -សេដ្ឋកិច្ចកម្ពុជាធ្លាក់ចុះ -ប្រទេសកម្ពុជារស់នៅដែលភាពភ័យខ្លាច -រោងចក្រឧស្សាហកម្មបិទទ្វារ -បែកបាក់សាមគ្គីផ្ទៃក្នុង,សង្គ្រាមត្រជាក់គឺជាការប្រឈមមុខដាក់គ្នារវាងប្រទេសមហាអំណាចនិងប្រទេសមហាអំណាងដូចជាសហបអាមេរិកនិងសហភាពសូវៀត។សង្គ្រាមត្រជាក់ផ្ដល់ផលវិបាកដល់កម្ពុជាដូចជា -ធ្វើឲ្យសេដ្ឋកិច្ចខ្មែរឆាប់គាំង -មានការផ្លាស់ប្តូររបបនយោបាយជាបន្តបន្ទាប់ -ប្រទេសជាតិគ្មានសន្តិភាព -បាត់បង់ឯករាជ្យជាតិអធិបតីភាពមរណៈភាពទឹកដី -កម្ពុជាបាត់បង់តេត្យានុភាពទៅលើឆាកអន្តរជាតិ,10,7,3,0.7,0.60107421875,2,6,1,1
69,តើឧស្សាហកម្មមានតួនាទីដូចម្ដេចខ្លះចំពោះសេដ្ឋកិច្ចជាតិ?,ឧស្សាហកម្មមាន​តួនាទីចំពោះសេដ្ឋកិច្ចជាតិដូចជា ៖ ​ _ ជួយបង្កើតថវិការជាតិ ​ _ ជួយបង្កើតទិន្នផលជាតិ ​​ _ ជួយឲ្យសេដ្ឋកិច្ចជាតិរីកចម្រើន  _ ប្រជាជនសំបូរធូរធារ  _អភិវឌ្ឍគ្រប់វិស័យ  _ មានទំនាក់ទំនងល្អជាមួយអ្នកជិតខាង  _ មានភាពរុងរឿងនៅក្នុងប្រទេសជាតិ។,ឧស្សាហកម្មមានតួនាទីចំពោះសេដ្ឋកិច្ចជាតិដូចជា ៖ _ ជួយបង្កើនប្រាក់ចំណូលជូនជាតិ23.8% ឆ្នាំ2008 _ បង្កើតការងារជូនប្រជាជន  _ បង្កើតប្រាក់ចំណូលក្នុងគ្រួសារ  _ ប្រជាជនមានជីវភាពធូរធារ _ ជួយរក្សាលំនឹងជញ្ជីងពាណិជ្ជកម្ម  _ ផ្ដល់ផលិតផលសម្រាប់ប្រើប្រាស់។,15,15,4,1.0,0.94189453125,4,14,0,1
70,ចូររៀបរាប់អំពីទំនាក់ទំនងរវាងការដាំដុះអាជីវកម្មព្រៃឈើនិងនេសាទ។,ទំនាក់ទំនងរវាង ការដាំដុះអាជីវកម្មព្រៃឈើ និងការនេសាទ៖  _ ការដាំដុះអាជីវកម្មព្រៃឈើ និងការនេសាទ ជាភោគទ្រព្យយ៉ាងសំខាន់សម្រាប់ប្រជាជនក្នុងការទ្រទ្រង់ក្នុងជីវភាពរស់នៅនិងការអភិវឌ្ឍន៍ប្រទេសជាតិ   _ ដើម្បីបំពេញតម្រូវការក្នុងកសិកម្មផលិតកម្មនិងត្រូវការផ្សេងៗ មនុស្សនាំគ្នាកាប់ព្រៃឈើដើម្បីធ្វើអាជីវកម្មព្រៃឈើជាមូលហេតុធ្វើឲ្យអាកាសធាតុប្រែប្រួលប៉ះពាល់ដល់ជីវិតមនុស្ស សត្វ និងរុក្ខជាតិ  ​ _ អតិផលនៃប្រព័ន្ធកសិកម្ម នាំឲ្យមានកំណើននៃការប្រើប្រាស់គីមីនិងថ្នាំសម្លាប់សត្វល្អិត។ ជីគីមី និងថ្នាំសម្លាប់សត្វល្អិត ទាំងនោះហូរទៅផ្ដុំគ្នានៅតាមផ្លូវទឹកនានា បំផ្លាញជីវិតសត្វនិងពូជធម្មជាតិ។,រៀបរាប់ពីទំនាក់ទំនងរវាងការដាំដុះ ការចិញ្ចឹមសត្វ និងការនេសាទ៖ -ការដាំដុះគឺជាការដាំដុះនូវដំណាំផ្សេងផ្សេងដូចជាស្រូវបន្លែជាច្រើនការដាំដុះនេះភាគច្រើនគេដាំវានៅតាមជនបទដើម្បីយកទៅលក់នៅទីផ្សារដើម្បីយកប្រាក់មកដោះដូរជីវភាព ប្រជាជនខ្លះដាំដុះនេះដើម្បីទុកបរិភោគខ្លួនឯងដោយកាត់បន្ថយទៅលើការចំណាយហើយការដាំដុះនេះ សារៈសំខាន់ចំពោះជាតិផងដែរការដាំដុះនេះអាចនាំចេញទៅក្រៅស្រុកបាន ផងដែរ អ្នកខ្លះទៀតយកការដាំដុះនេះជាមុខរបរនាំយកទៅទីក្រុងដើម្បីលក់ដូរ។ -អាជីវកម្មព្រៃឈើប្រជាជនមួយបានយកការកាប់ព្រៃឈើធ្វើជាអាជីវកម្មដើម្បីចិញ្ចឹមជីវិតហើយអាជីវកម្ម នេះមួយចំនួនអាចយកធ្វើជាអុសធ្យូងផ្ទះគ្រែកៅអីជាដើមគឺទាំងអស់នេះ ក៏ជាការសំខាន់ដែរដើម្បីយកទៅលក់ដូរដើម្បីដោះដូរជីវភាពបានប៉ុន្តែការធ្វើអាជីវកម្មព្រៃឈើនេះក៏អាចបង្កដល់អំពើខុសច្បាប់ដែរហើយអាចមានសំឡេងរំខានដល់អ្នកដទៃផងដែរ។ -ការនេសាទក៏អាចដោះដូរជីវភាពបានតែប្រជាជនមួយចំនួនបានយកការនេសាទនេះ ចិញ្ចឹមជីវិតនិងគ្រួសារការនេសាទឬមានច្រើនបែបណាដូចជាការនេសាទត្រីការនេសាទសត្វ ការនេសាទនៅសមុទ្រជាដើម។,15,15,4,1.0,0.599609375,2,9,2,6
71,តើអ្វីជាសង្គ្រាមត្រជាក់? តើសង្គ្រាមត្រជាក់ផ្ដល់ផលវិបាកអ្វីខ្លះដល់កម្ពុជា?,សង្គ្រាមត្រជាក់ជាការប្រឈមមុខដាក់គ្នាដោយប្រយោលរវាងសហរដ្ឋអាមេរិចនិងសហភាពសូវៀត ដោយធ្វើការប្រណាំងប្រជែងគ្នាលើផ្នែក  សេដ្ឋកិច សព្វាវុធ យោធា និងបច្ចេកទេស។ សង្រ្គាមត្រជាក់បានផ្ដល់ផលវិបាកកម្ពុជាដូចជា៖ -គ្រាប់បែករបស់សហរដ្ឋអាមេរិក 1669 ដល់ 1973  -សង្គ្រាមស៊ីវិលក្នុងប្រទេសពីឆ្នាំ 1970 ដល់ 1975 និងកើតមានម្តងទៀតពីឆ្នាំ 1979 ដល់ឆ្នាំ 1991 ដែលកើតចេញពីការប្រឆាំងគ្នារវាងក្រុមកុម្មុយនិស្តនិងសេរីនិយម -ការសម្លាប់ប្រជាជនឯងក្រោមរបស់ប្រល័យពូជសាសន៍ឆ្នាំ 1975 និងឆ្នាំ 1979  -ការផ្លាស់ប្ដូរនយោបាយជាញឹកញាប់រហូតមានការមានកិច្ចព្រមព្រៀងសន្តិភាពក្រុងប៉ារីសថ្ងៃទី 23 តុលាឆ្នាំ 1991។,ដែលហៅថាសង្គ្រាមត្រជាក់ គឺជាសង្គ្រាមដែលកើតឡើងរវាងប្រទេសមហាអំណាច និងប្រទេសដទៃទៀត។ សង្រ្គាមត្រជាក់បានផ្ដល់ផលវិបាកកម្ពុជាដូចជា៖ -ប៉ះពាល់ដល់វិស័យពាណិជ្ជកម្មក្នុងប្រទេសកម្ពុជា -ធ្វើឱ្យនយោបាយអព្យាក្រឹតដើរមិនចំទិស -ធ្វើឱ្យកម្ពុជាមានចលាចលបាត់បង់ការគ្រប់គ្រង់ក្នុងប្រទេស -បក្សពួកនិយមធ្វើការប្រឆាំងនឹងព្រះមហាក្សត្រ -អាចបិទផ្លូវគមនាគមន៌ -ប៉ះពាល់ដល់ប្រព័ន្ធអប់រំ -កម្ពុជាធ្លាក់ក្នុងភ្នក់ភ្លើងសង្គ្រាម -កង្វះខាតស្បៀងអាហារ -តម្លៃទំនិញឡើងថ្លៃ។,10,5,2,0.5,0.6962890625,3,7,1,2
72,តើសេដ្ឋកិច្ចកម្ពុជាពឹងផ្អែកលើវិស័យអ្វីជាសំខាន់?     ក/ ហេតុអ្វីបានជាគេនិយាយថាកម្ពុជាជាប្រទេសកសិកម្ម?     ខ/ តើគេចែកកសិករជាប៉ុន្មានប្រភេទ?អ្វីខ្លះ?,សេដ្ឋកិច្ចកម្ពុជាពឹងផ្អែកលើវិស័យកសិកម្មជាសំខាន់។   ក/ បានជាគេនិយាយថាកម្ពុជាជាប្រទេសឧស្សាហកម្មព្រោះ៖  _  សណ្ឋានដី : ដីមានជីវជាតិល្អនិងសម្បូរទំនាបល្បាប់   _ ផ្លូវទឹក : ផ្លូវទឹកខ្វាត់ខ្វែងងាយស្រួលដល់ការដាំដុះ  _ ប្រជាជន : ប្រជាជនខ្មែរភាគច្រើនចូលចិត្តធ្វើកសិកម្ម  _ អាកាសធាតុ : ទទួលអាកាសធាតុក្តៅសើម  _ កសិកម្មផ្តល់ផល50%នៃផលិតផលជាតិសរុប។  ខ/ គេចែកកសិករទាំងនោះជា4ប្រភេទគឺ៖  _ កសិករធ្វើស្រែឬអ្នកស្រែ : និយមធ្វើស្រែ ស្រូវប្រាំង ស្រូវវស្សា ស្រូវឡើងទឹក  _ កសិករតំបន់ដីខ្ពស់ : គេដាំដំណាំជាអចិន្ត្រៃយ៍(ពោត ដំឡូង ចេក កៅស៊ូសណ្តែក)  _ កសិករធ្វើចម្ការដំណាំស្រូវ : គេដាំដំណាំតាមមាត់ទន្លេ ចិញ្ចឹមសត្វនិងនេសាទ  _ កសិករភូមិភាគឦសាន: គេធ្វើដំណាំព្រៃដុតមានដូចជាពោត ដំឡូង ស្រូវរុក្ខជាតិយកមើមដទៃទៀត និងបរបាញ់សត្វផងដែរ។,សេដ្ឋកិច្ចកម្ពុជាពឹងផ្អែកលើវិស័យកសិកម្មសំខាន់។   ក/ បានជាគេនិយាយថាកម្ពុជាជាប្រទេសកសិកម្មព្រោះ៖   _ ផ្តល់នូវកំណើនផលិតផលសរុបក្នុងសេដ្ឋកិច្ចកម្ពុជា    _ ជួយទ្រទ្រង់ដល់ជញ្ជីងពាណិជ្ជកម្មកម្ពុជា    _ ជំរុញឲ្យសេដ្ឋកិច្ចកម្ពុជាមានកំណើន    _ ផ្ដល់លើផលិតផលលើសសម្រាប់នាំចេញ    _ ផ្ដល់នូវរូបធាតុដើមសម្រាប់នាំចេញ(ជ័រកៅស៊ូ)   _ ផ្តល់ការងារដល់ប្រជាជនកម្ពុជា   _ ចូលរួមចំណែកក្នុងការកាត់បន្ថយចលនាបម្លាស់លំនៅនៃប្រជាជនកម្ពុជា    _ ផ្តល់ស្បៀងអាហារសម្រាប់ប្រជាជនកម្ពុជា   _ ផ្តល់សំណល់សម្រាប់ការចិញ្ចឹមសត្វ(ចំណីសត្វ)   _ ផ្តល់ស្បៀងបម្រុងសម្រាប់កងទ័ព  ខ/ គេបានគេចែកកសិករទាំងនោះជា4ប្រភេទគឺ    _ កសិករដាំស្រូវ    _ កសិករមិនដាំស្រូវ    _ កសិករដីខ្ពស់     _ កសិករភូមិភាគឦសាន។,20,16,3,0.8,0.60009765625,2,12,1,4
73,តើឧស្សាហកម្មមានតួនាទីដូចម្ដេចខ្លះចំពោះសេដ្ឋកិច្ចជាតិ?,ឧស្សាហកម្មមាន​តួនាទីចំពោះសេដ្ឋកិច្ចជាតិដូចជា ៖ ​ _ ជួយបង្កើតថវិការជាតិ ​ _ ជួយបង្កើតទិន្នផលជាតិ ​​ _ ជួយឲ្យសេដ្ឋកិច្ចជាតិរីកចម្រើន  _ ប្រជាជនសំបូរធូរធារ  _អភិវឌ្ឍគ្រប់វិស័យ  _ មានទំនាក់ទំនងល្អជាមួយអ្នកជិតខាង  _ មានភាពរុងរឿងនៅក្នុងប្រទេសជាតិ។,ឧស្សាហកម្មមានតួនាទីចំពោះសេដ្ឋកិច្ចជាតិដូចជា៖ -ជាប្រភពចូលចំណូលសេដ្ឋកិច្ចជាតិ -ផ្ដល់ប្រាក់កម្រៃផលកម្មករនិងប្រជាជន -ការនាំចេញទៅលក់នៅក្រៅប្រទេស -កាត់បន្ថយការនាំចូលនិងការហូរសាច់ប្រាក់ចេញទៅក្រៅប្រទេស -ឲ្យសេដ្ឋកិច្ចរានការកើតឡើង -បម្រើផលប្រយោជន៍ដល់ប្រជាជន -បងេី្កនអាកាសការងារដល់ប្រជាជន។  -កាត់បន្ថយអាតិជរណា។,15,5,1,0.3333333333333333,0.63525390625,3,10,2,5
74,ហេតុអ្វីបានជាមនុស្សស្រូបយកខ្យល់ដែលមានកាបូនម៉ណូអុកស៊ីតអាចបង្កគ្រោះថ្នាក់ដល់ស្លាប់បាន?,បានជាមនុស្សស្រូបយកខ្យល់ដែលមានកាបូនម៉ូណូអុកស៊ីដអាចបង្កឲ្យមានគ្រោះថ្នាក់ដល់ស្លាប់ បានព្រោះកាបូនម៉ូណូអុកស៊ីដមានសមត្ថភាពចាប់យក ក្នុងឈាមបានខ្លាំងជាងអុកស៊ីសែន វារារាំងឈាមមិនឲ្យដឹកនាំអុកស៊ីសែនទៅចិញ្ចឹមសរីរាង្គជាពិសេសខួរក្បាលដែលបណ្តាលឲ្យ ស្លាប់និង សន្លប់ ។,បានជាមនុស្សស្រូបយកខ្យល់ដែលមានកាបូនម៉ូណូអុកស៊ីដអាចបង្កឲ្យមានគ្រោះថ្នាក់ដល់ស្លាប់ បានព្រោះកាបូនម៉ូណូអុកស៊ីដមានសមត្ថភាពចាប់យក ក្នុងឈាមបានខ្លាំងជាងអុកស៊ីសែន វារារាំងឈាមមិនឲ្យដឹកនាំអុកស៊ីសែនទៅចិញ្ចឹមសរីរាង្គជាពិសេសខួរក្បាលដែលបណ្តាលឲ្យ ស្លាប់និង សន្លប់ ។,5,4,3,0.8,0.6650390625,3,3,0,1
75,តើអាណាចក្រភ្នំមានព្រំប្រទល់ជាប់ប្រទេសណាខ្លះ?,អាណាចក្រភ្នំមានព្រំប្រទល់ជាប់ប្រទេសដូចជា -ខាងជើងជាប់ចិន -ខាងត្បូងជាឈូងសមុទ្រខ្មែរ -ខាងកើតជាប់រដ្ឋចម្ប៉ា -ខាងលិចជាប់រដ្ធមនឬភូមា។,អាណាចក្រភ្នំមានព្រំប្រទល់ជាប់ប្រទេសដូចជា -ខាងជើងជាប់ចិន(រដ្ឋណានឆាវតុងកឹង) -ខាងត្បូងជាឈូងសមុទ្រខ្មែរ(ឈូងសមុទ្រនគរភ្នំ) -ខាងកើតជាប់រដ្ឋចម្ប៉ា -ខាងលិចជាប់រដ្ឋមនឬភូមា។,6,6,4,1.0,0.73828125,3,4,1,2
76,ចូរនិយាយពីកំណកាម៉ែតញី។,ការស្ថិតនៅក្រោមសារពាង្គកាយនៃពងស្វាសមានសារៈសំខាន់ដូចជាដើម្បីរក្សាសីតុណ្ហភាពឲ្យ ទាបជាងសីតុណ្ហភាពក្នុងខ្លួន ប្រហែលពី(2-3)សីតុណ្ហភាពក្នុងខ្លួន37 ។,កំណកាម៉ែតញីដំបូងកោសិកាពូជមួយរួមចំណែកពីរដងបន្តបន្ទាប់គ្នា បានកោសិកាអូវ៉ូកូរី4 ។ អូវ៉ូកូរីនីមួយៗរីកមាឌអាចជាអូវ៉ូស៊ីត1 ។អូវ៉ូស៊ីតមួយរងចំណែកមួយនៃមេយោធាហើយត្រូវបាន ឈប់គាំងនៅវគ្គប្រផ្ដាស1 ។ក្រោយមកពេលគ្រប់អូវ៉ូស៊ីតមួយបន្តធ្វើចំណែកហើយត្រូវបានបញ្ចប់ នៅរយៈពេល6ម៉ោងមុនដំណើរអូវ៉ុលនិងធ្លាក់មកក្រៅជាអូវ៉ូស៊ីត2 ។ប្រសិនបើជួបស្ពែម៉ាតូសូអុីត បង្កើតបានជាអូវុល ។,10,8,3,0.8,0.81640625,3,8,0,0
77,តើឧស្សាហកម្មមានតួនាទីដូចម្ដេចខ្លះចំពោះសេដ្ឋកិច្ចជាតិ?,ឧស្សាហកម្មមាន​តួនាទីចំពោះសេដ្ឋកិច្ចជាតិដូចជា ៖ ​ _ ជួយបង្កើតថវិការជាតិ ​ _ ជួយបង្កើតទិន្នផលជាតិ ​​ _ ជួយឲ្យសេដ្ឋកិច្ចជាតិរីកចម្រើន  _ ប្រជាជនសំបូរធូរធារ  _អភិវឌ្ឍគ្រប់វិស័យ  _ មានទំនាក់ទំនងល្អជាមួយអ្នកជិតខាង  _ មានភាពរុងរឿងនៅក្នុងប្រទេសជាតិ។,ឧស្សាហកម្មមានតួនាទីចំពោះសេដ្ឋកិច្ចជាតិដូចជា ៖ _ ជួយបង្កើនប្រាក់ចំណូលជូនជាតិ23.8%ឆ្នាំ2008 _ បង្កើតការងារជូនប្រជាជន  _ បង្កើតប្រាក់ចំណូលជូនគ្រួសារ  _ ប្រជាជនមានជីវភាពធូរធារ _ ជួយរក្សាលំនឹងជញ្ជីងពាណិជ្ជកម្ម  _ ផ្ដល់ផលិតផលសម្រាប់នាំចេញ  _ ផ្ដល់ផលិតផលសម្រាប់ប្រើប្រាស់។,15,10,3,0.6666666666666666,0.95263671875,4,14,1,4
78,តើកម្ពុជាមានបេតិកភណ្ឌអ្វីខ្លះ ដែលបានចុះបញ្ជីបេតិកភណ្ឌរូបី និង អរូបីពិភពលោករបស់អង្គការយូ ណេស្កូ? ចូររៀបរាប់ឲ្យបានប្រាំ។,បេតិកភណ្ឌរូបិយនិងអរូបិយមានដូចជា -ប្រាសាទព្រះវិហារ -ប្រាសាទអង្គវត្ត -ប្រាសាតសម្បូរព្រៃគុក -ប្រាសាទកោះកេរ្ត៍ -របាំព្រះរាជទ្រព្យ -ល្ខោនខោល -ល្បែងប្រជាប្រិយ។,+បេតិកភណ្ឌរូបី -ប្រាសាទព្រះវិហារ -ប្រាសាទអង្គវត្ត -ប្រាសាតសម្បូរព្រៃគុក -ប្រាសាទកោះកេរ្ត៍ -គុកទួលស្លែង '+បេតិកអភណ្ឌរូបី -របាំ -ចាបុី -ល្ខោន -ស្បៃខ្មែរ -របាំស្បែកធំ,5,5,4,1.0,0.9462890625,4,5,0,0
79,តើអាណាចក្រភ្នំមានព្រំប្រទល់ជាប់ប្រទេសណាខ្លះ?,អាណាចក្រភ្នំមានព្រំប្រទល់ជាប់ប្រទេសដូចជា -ខាងជើងជាប់ចិន -ខាងត្បូងជាឈូងសមុទ្រខ្មែរ -ខាងកើតជាប់រដ្ឋចម្ប៉ា -ខាងលិចជាប់រដ្ធមនឬភូមា។,អាណាចក្រភ្នំមានព្រំប្រទល់ជាប់ប្រទេសដូចជា -ខាងជើងជាប់ចិន(រដ្ឋណានឆាវតុងកឹង) -ខាងត្បូងជាឈូងសមុទ្រខ្មែរ -ខាងកើតជាប់រដ្ឋចម្ប៉ា -ខាងលិចជាប់រដ្ឋមនឬភូមា។,6,6,4,1.0,0.77490234375,3,5,1,1
80,ហេតុអ្វីបានជាផ្នែកឯកជនជាកម្លាំងដ៏សំខាន់សម្រាប់វិនិយោគនិងធ្វើឲ្យមានកំណើនសេដ្ឋកិច្ចក្នុងប្រទេស?,បានជាផ្នែកឯកជនជាកម្លាំងដ៏សំខាន់សម្រាប់វិនិយោគនិងធ្វើឲ្យមានកំណើនសេដ្ឋកិច្ចក្នុងប្រទេស ព្រោះប្រទេសកម្ពុជាជាប្រទេសអភិវឌ្ឍន៍ សេដ្ឋកិច្ចទីផ្សារដោយបានធ្វើកំណែទម្រង់សហគ្រាសឧស្សាហកម្មឲ្យក្លាយទៅជាកម្មសិទ្ធិឯកជន ។ សេដ្ឋកិច្ចទីផ្សារសេរីនេះនាំឲ្យអ្នករកស៊ីបរទេសចូលចិត្តមកវិនិយោគ ហើយកាលណាផ្នែកឯកជនរឹងមាំមកវិនិយោគ ហើយកាលណាផ្នែកឯកជនមិនរឹងមាំអាចបំពេញបន្ថែមវិនិយោគនិងវិស័យសង្គមកិច្ចមានន័យថាវិស័យឯកជនស្រូបយកកម្លាំងការងារកាន់តែកើនឡើង។,បានជាផ្នែកឯកជនជាកម្លាំងដ៏សំខាន់សម្រាប់វិស័យវិនិយោគនិងធ្វើឲ្យមានកំណើនសេដ្ឋកិច្ចក្នុងប្រទេស៖  _ ប្រជាជនមានការខ្វះខាត  _ ទើបមានជនបរទេសមកជួយជ្រុំជ្រែង   _ មកជួយលើវិស័យវិនិយោគដល់សង្គម  _ មានការជំរុញដល់ផ្នែកសេដ្ឋកិច្ច  _ មានរដ្ឋជួយពីក្រោយ  _ មានការអភិវឌ្ឍគ្រប់វិស័យ។,15,6,2,0.4,0.60205078125,2,9,0,3
81,តើសង្គមខ្មែរនៅសម័យអង្គរមានប៉ុន្មានវណ្ណៈ? វណ្ណៈអ្វីខ្លះ? ចូលរៀបរាប់។,សង្គមខ្មែរនៅសម័យអង្គរមានប្រាំវណ្ណៈគឺ -វណ្ណៈក្សត្រឬរាជវង្សនុវង្ស (ជាស្ដេចគ្រប់គ្រងប្រទេស -វណ្ណៈមន្ត្រី (អ្នករស់នៅក្នុងរាជវាំងបម្រើស្ដេច) -វណ្ណៈព្រាហ្ម៍ឬបុព្វជិត​(គឺជាអ្នកបួស) -វណ្ណៈអ្នកជាឬកសិករ (អ្នករស់នៅនឹងធ្វើស្រែចម្ការ) -វណ្ណៈអ្នកងារឬទាសករ(ទាសករបម្រើគេតកូនតចៅ)។,សង្គមខ្មែរនៅសម័យអង្គរមានប្រាំវណ្ណៈគឺ -ព្រះមហាក្សត្រឬរាជវង្ស -មន្ត្រី -វណ្ណៈបុព្វជិត -វណ្ណៈអ្នកជាឬកសិករ -ទាសករ(បម្រើព្រះរាជា),10,5,2,0.5,0.68994140625,3,7,1,2
82,តើកត្តាអ្វីខ្លះដែលធ្វើអោយសម័យអង្គររីកចម្រើនដល់កំពូល?​ ចូលរៀបរាប់។,កត្តាដែលធ្វើអោយសម័យអង្គររីកចម្រើនគឺ: កត្តាព្រះរាជា:ព្រះរាជាចាប់ពីព្រះបាទជ័យវរ្ម័នទី 2 រហូតដល់ព្រះបាទជ័យវរ្ម័នទី 7 សុទ្ធតែជាស្ដេចខ្លាំងពូកែ កត្តានយោបាយ: នយោបាយក្នុងប្រទេសបង្រួបបង្រួមជាតិកសាងនិងការពារទឹកដី នយោបាយក្រៅប្រទេស:ចងសម្ព័ន្ធមិត្តជាមួយប្រទេសធំៗវាយយករដ្ឋតូចដាក់ជាចំណុះ កត្តាសេដ្ឋកិច្ច:រីកចម្រើនលើវិស័យកសិកម្មសិប្បកម្មគណនាគម កត្តាសាសនា:ការឯកភាពគ្នារវាងសាសនាព្រាហ្មនិងព្រះពុទ្ធ កត្តាធនធានមនុស្សបន្សល់ទុកតាំងពីសម័យនគរភ្នំនិងចេនឡាមក។,កត្តាដែលធ្វើអោយសម័យអង្គររីកចម្រើនគឺ: .កត្តាព្រះរាជា:ព្រះរាជាចាប់ពីព្រះបាទជ័យវរ្ម័នទី 2 រហូតដល់ព្រះបាទជ័យវរ្ម័នទី 7 សុទ្ធសឹងតែជាស្ដេចខ្លាំងពូកែ .កត្តានយោបាយ: +នយោបាយក្នុងប្រទេស:បង្រួបបង្រួម​ កសាង និងការពារ។ +នយោបាយក្រៅប្រទេស:ចងសម្ព័ន្ធមិត្តជាមួយប្រទេសធំៗដូចជាចិននិងឥណ្ឌា និងវាយយករដ្ឋតូចដាក់ជាចំណុះ .កត្តាសេដ្ឋកិច្ច:ការរីកចម្រើនលើវិស័យកសិកម្ម សិប្បកម្ម គណនាគមន៍ .កត្តាសាសនា:មានការឯកភាពគ្នារវាងសាសនាព្រាហ្មនិងព្រះពុទ្ធ .កត្តាធនធានមនុស្សបន្សល់ទុកតាំងពីសម័យនគរភ្នំនិងចេនឡាមក។,10,10,4,1.0,0.96044921875,4,10,0,0
83,តើប្រទេសកម្ពុជាចូលជាសមាជិក សហគមន៍អាសុីអាគ្នេយ៍ទទួលបានផលវិជ្ជមាននិងផលអវិជ្ជមានដូចម្ដេចខ្លះ?,ប្រទេសកម្ពុជាចូលជាសមាជិកសាមាសហគមន៍អាស៊ីអាគ្នេយ៍ទទួលផលវិជ្ជមាននឹងអវិជ្ជមានដូចជា៖ +ផលវិជ្ជមាន៖ -កម្ពុជាលែងឯកោទៅទៀត -បានចូលរួមនៅរាល់ការសម្រេចចិត្តនានាក្នុងតំបន់ -កម្ពុជាបានឈរស្មើមុខមាត់ជាមួយបណ្ដាប្រទេសជាសមាជិកអាស៊ាន -កម្ពុជាមានដៃគូច្រើនទាំងក្នុងតំបន់និងពិភព -កម្ពុជាអាចពង្រីកអនុភាពនិងបង្កើតតួនាទីរបស់ខ្លួនកាន់តែសកម្មភាពដែលក្នុងតំបន់នៃអន្តរជាតិ -កម្ពុជាមានសិទ្ធពេញលេញក្រោមការរៀបចំកិច្ចប្រជុំធំៗក្នុងប្រទេសខ្លួនលក្ខណៈតំបន់និងពិភពលោក -ការលើកលែងទិដ្ឋការ -កម្ពុជាក្លាយជាកន្លែងវិនិយោគដ៏មានសក្តានុពលពាណិជ្ជកម្មរវាងពាណិជ្ជកម្មនិងស្រួលជាងមុនចំពោះទីផ្សារ -សេដ្ឋកិច្ចកម្ពុជាមានកំណើនរៀងរាល់ឆ្នាំ -ប្រជាជនអាចរកការងារធ្វើទាំងក្នុងប្រទេសក្នុងតំបន់និងក្រៅតំបន់ -កំណើនភ្ញៀវទេសចរជាច្រើន +ផលអវិជ្ជមាន៖ -ពាណិជ្ជកម្មសេដ្ឋកិច្ចដំណើរការមិនល្អ -កម្ពុជាបាត់បង់ជំនឿសាសនាប្រពៃណីទំនៀមទម្លាប់,ប្រទេសកម្ពុជាចូលជាសមាជិកសាមាសហគមន៍អាស៊ីអាគ្នេយ៍ទទួលផលវិជ្ជមាននឹងអវិជ្ជមានដូចជា៖ +ផលវិជ្ជមាន៖ -កម្ពុជាលែងឯកោទៅទៀត -បានចូលរួមនៅរាល់ការសម្រេចចិត្តនានាក្នុងតំបន់ -កម្ពុជាបានឈរស្មើមុខមាត់ជាមួយបណ្ដាប្រទេសជាសមាជិកអាស៊ាន -កម្ពុជាមានដៃគូច្រើនទាំងក្នុងតំបន់និងពិភព -កម្ពុជាអាចពង្រីកអនុភាពនិងបង្កើតតួនាទីរបស់ខ្លួនកាន់តែសកម្មភាពដែលក្នុងតំបន់នៃអន្តរជាតិ -កម្ពុជាមានសិទ្ធពេញលេញក្រោមការរៀបចំកិច្ចប្រជុំធំៗក្នុងប្រទេសខ្លួនលក្ខណៈតំបន់និងពិភពលោក -ការលើកលែងទិដ្ឋការ -កម្ពុជាក្លាយជាកន្លែងវិនិយោគដ៏មានសក្តានុពលពាណិជ្ជកម្មរវាងពាណិជ្ជកម្មនិងស្រួលជាងមុនចំពោះទីផ្សារ -សេដ្ឋកិច្ចកម្ពុជាមានកំណើនរៀងរាល់ឆ្នាំ -ប្រជាជនអាចរកការងារធ្វើទាំងក្នុងប្រទេសក្នុងតំបន់និងក្រៅតំបន់ -កំណើនភ្ញៀវទេសចរជាច្រើន +ផលអវិជ្ជមាន៖ -ពាណិជ្ជកម្មសេដ្ឋកិច្ចដំណើរការមិនល្អ -កម្ពុជាបាត់បង់ជំនឿសាសនាប្រពៃណីទំនៀមទម្លាប់,10,10,4,1.0,0.60009765625,2,6,2,4
84,ហេតុអ្វីបានជាផ្នែកឯកជនជាកម្លាំងដ៏សំខាន់សម្រាប់វិនិយោគនិងធ្វើឲ្យមានកំណើនសេដ្ឋកិច្ចក្នុងប្រទេស?,បានជាផ្នែកឯកជនជាកម្លាំងដ៏សំខាន់សម្រាប់វិនិយោគនិងធ្វើឲ្យមានកំណើនសេដ្ឋកិច្ចក្នុងប្រទេស ព្រោះប្រទេសកម្ពុជាជាប្រទេសអភិវឌ្ឍន៍ សេដ្ឋកិច្ចទីផ្សារដោយបានធ្វើកំណែទម្រង់សហគ្រាសឧស្សាហកម្មឲ្យក្លាយទៅជាកម្មសិទ្ធិឯកជន ។ សេដ្ឋកិច្ចទីផ្សារសេរីនេះនាំឲ្យអ្នករកស៊ីបរទេសចូលចិត្តមកវិនិយោគ ហើយកាលណាផ្នែកឯកជនរឹងមាំមកវិនិយោគ ហើយកាលណាផ្នែកឯកជនមិនរឹងមាំអាចបំពេញបន្ថែមវិនិយោគនិងវិស័យសង្គមកិច្ចមានន័យថាវិស័យឯកជនស្រូបយកកម្លាំងការងារកាន់តែកើនឡើង។,កម្ពុជាជាប្រទេសដែលអនុបានជាផ្នែកឯកជនជាកម្លាំងដ៏សំខាន់សម្រាប់វិនិយោគធ្វើឲ្យមានការកំណើនសេដ្ឋកិច្ចក្នុងប្រទេសព្រោះ៖,15,0,0,0.0,0.607421875,2,9,2,9
85,ចូររៀបរាប់ពីទំនាក់ទំនងរវាងការដាំដុះ​ អាជីវកម្មព្រៃឈើ និងការនេសាទ។,ទំនាក់ទំនងរវាងការដាំដុះ អាជីវកម្មព្រៃឈើ និងការនេសាទមានដូចជា៖ -ការដាំដុះដោយប្រើជីធម្មជាតិ -ការប្រើប្រាស់ជីគីមី -ដាំដុះនិងធ្វើតាមរដូវ -អាជីវកម្មព្រៃឈើ -ការកាប់បំផ្លាញព្រៃឈើ -ការដុតព្រៃឈើ -ការកាប់ឈើយកទៅធ្វើអាជីវកម្ម +ការនេសាទ -ការនេសាទត្រីពេលត្រីពក -ការនេសាទដោយប្រើអគ្គិសនី -ការនេសាទហួសកម្រិត -ការនេសាទគឺជាមុខរបរប្រចាំថ្ងៃាបស់ប្រជាជន -នឹងជាអាហារប្រចាំថ្ងៃរបស់ប្រជាជន -ការនេសាទធ្វើប្រជាជនមានមុខរបររកស៊ីត្រឹមត្រូវ -ការនេសាទប្រើប្រាស់ឧបករណ៍នេសាទខុសច្បាប់ -ការបំផ្លាញជំរកត្រី -ការបកហូរទឹកចេញពី,រៀបរាប់ពីទំនាក់ទំនងរវាងការដាំដុះ អាជីវកម្មព្រៃឈើ និងការនេសាទ៖ -ការដាំដុះជាការនាំគ្នាដាំរុក្ខាទ្ធវាឡើងវិញសម្រាប់ការប្រមូលផលក៍ ដូចជាសម្រាប់ការធ្វើជាទីផ្សារ និងការដាំដំណាំហូបផ្លែគ្រប់ប្រភេទ  ដែលមានភាពងាយស្រួលក្នុងការនាំយកទៅលក់នៅទីផ្សារខាងក្នុងប្រទេស និងក្រៅប្រទេស។ -អាជីវកម្មព្រៃឈើគឺជាការកាប់ដើមឈើធំៗធ្វើជាគ្រឿងសំណង់ គ្រឿងសង្ហារឹម  ដើម្បីលក់ និងមានការបង្កើតជាគ្រឿងផ្សេង ដែលអាចបង្កើតជា ប្រាក់បានសម្រាប់ផ្គត់ផ្គង់ក្នុងជីវភាពគ្រួសារប្រចាំថ្ងៃ។ -ការនេសាទមានការនេសាទដោយខុសច្បាស់ និងស្របច្បាប់​ នេសាទខុសច្បាប់ជា ការនេសាទដោយប្រើឧបករណ៍ទំនើបបែបវិទ្យាសាស្ត្រ ដែលរងផលប៉ះពាល់យ៉ាងធ្ងន់ធ្ងរដល់ ពួកមច្ឆារជាតិ ដែលធ្វើដាច់ពូជពិសេសនៅរដូវត្រីពង រដ្ឋាភិបាលបាននិយាយថាមិនឲ្យមាន ការនេសាទនៅរដូវត្រីពងជាដាច់ខាត ព្រោះអាំចនាំឲ្យផុតពូជនៃមច្ឆាជាតិ។ ការនេសាទស្របច្បាប់ គឺជាដោយសមល្មមទៅនិងតម្រូវការប្រចាំថ្ងៃ មានឧបករណ៍សាមញ្ញ និងដឹងពីច្បាប់ទម្លាប់នៅក្នុង ការនេសាទដោយដឹងនូវរដូវត្រីពងមិនទៅនេសាទទើបធ្វើឲ្យមានច្បាប់គោរពច្បាប់មិនបំពានទៅលើច្បាប់។ កាលដាំដុះទាំងអាជីវកម្មព្រៃឈើនិងការនេសាទសុទ្ធតែមានទំនាក់ទំនងទៅលើការអនុវត្តតែមួយដែលមាន ភាពឆ្ពោះទៅរកគោលដៅដែលអាចជាចំណូលសម្រាប់ខ្លួនឯងសេដ្ឋកិច្ចជាតិទាំងមូល,15,5,1,0.3333333333333333,0.599609375,2,9,1,4
86,តើការស្ថិតនៅក្រៅសារពាង្គកាយនៃពងស្វាសមានសារៈសំខាន់ដូចម្តេច?,ការស្ថិតនៅក្រោមសារពាង្គកាយនៃពងស្វាសមានសារៈសំខាន់ដូចជាដើម្បីរក្សាសីតុណ្ហភាពឲ្យ ទាបជាងសីតុណ្ហភាពក្នុងខ្លួន ប្រហែលពី(2-3)សីតុណ្ហភាពក្នុងខ្លួន37 ។,ការស្ថិតនៅក្រោមសារពាង្គកាយនៃពងស្វាសមានសារៈសំខាន់ក្នុងការផលិតអរម៉ូនភេទឈ្មោលនិង បង្កើតស្ពែម៉ាតូសូអ៊ីត ។,10,2,1,0.2,0.29150390625,1,3,0,1
87,តើគេចែកយុគសម័យបុរេប្រវត្តិសាស្ត្រកម្ពុជាជាប៉ុន្មានយុគសម័យ?អ្វីខ្លះ?,គេចែកយុគសម័យបុរេប្រវត្តិសាស្ត្រកម្ពុជាជាបីយុគសម័យគឺ -យុគថ្មបំបែក (600000 - 12000 ឆ្នាំមុនគ.ស) -យុគថ្មរលីងឬសំលៀង (8000 - 2000 ឆ្នាំមុនគ.ស) -យុគលោហៈ(2000-100 ឆ្នាំមុនគ.ស)។,គេចែកយុគសម័យបុរេប្រវត្តិសាស្ត្រកម្ពុជាជាបីយុគសម័យគឺ -យុគថ្មបំបែក -យុគថ្មរលីងឬសំលៀង -យុគលោហៈ។,5,3,2,0.6,0.583984375,2,3,0,0
88,ហេតុអ្វីបានជាមនុស្សស្រូបយកខ្យល់ដែលមានកាបូនម៉ណូអុកស៊ីតអាចបង្កគ្រោះថ្នាក់ដល់ស្លាប់បាន?,បានជាមនុស្សស្រូបយកខ្យល់ដែលមានកាបូនម៉ូណូអុកស៊ីដអាចបង្កឲ្យមានគ្រោះថ្នាក់ដល់ស្លាប់ បានព្រោះកាបូនម៉ូណូអុកស៊ីដមានសមត្ថភាពចាប់យក ក្នុងឈាមបានខ្លាំងជាងអុកស៊ីសែន វារារាំងឈាមមិនឲ្យដឹកនាំអុកស៊ីសែនទៅចិញ្ចឹមសរីរាង្គជាពិសេសខួរក្បាលដែលបណ្តាលឲ្យ ស្លាប់និង សន្លប់ ។,បានជាមនុស្សស្រូបយកខ្យល់ដែលមានកាបូនម៉ូណូអុកស៊ីដអាចបង្កឲ្យមានគ្រោះថ្នាក់ដល់ស្លាប់ បានព្រោះកាបូនម៉ូណូអុកស៊ីដមានសមត្ថភាពចាប់យក ក្នុងឈាមបានខ្លាំងជាងអុកស៊ីសែន វារារាំងឈាមមិនឲ្យដឹកនាំអុកស៊ីសែនទៅចិញ្ចឹមសរីរាង្គជាពិសេសខួរក្បាលដែលបណ្តាលឲ្យ ស្លាប់និង សន្លប់ ។,5,4,3,0.8,0.6650390625,3,3,0,1
89,បុព្វហេតុអ្វីខ្លះដែលនាំឲ្យអាណាចក្រចេនឡាបែកបាក់ជាពីរគឺអាណាចក្រចេនឡាដីគោកនិងចេនឡាទឹកលិច?,បុព្វហេតុដែលនាំហើយអាណាចក្រចេនឡាបែកជាពីរគឺ -វិសាលភាពទឹកដីធំទូលាយ -ចម្បាំងអត់ឈប់ឈរ -សមន្ដរដ្ឋបះបោរចង់ផ្ដាច់ខ្លួន -វិបត្តិផ្ទៃក្នុង -ព្រះនាងជ័យទេវីគ្មានសមត្ថភាពគ្រប់គ្រង។,បុព្វហេតុដែលនាំហើយអាណាចក្រចេនឡាបែកជាពីរគឺ -វិសាលភាពទឹកដីធំទូលាយ -ចម្បាំងអត់ឈប់ឈរ -សមន្ដរដ្ឋបះបោរចង់ផ្ដាច់ខ្លួន -វិបត្តិផ្ទៃក្នុង -ព្រះនាងជ័យទេវីគ្មានសមត្ថភាពគ្រប់គ្រង។,7,7,4,1.0,0.93798828125,4,7,0,0
90,តើមូលហេតុអ្វីបានជាព្រះបាទពញាយ៉ាត ជ្រើសរើសយកចតុមុខធ្វើជារាជធានី?,បានជាព្រះបាទពញាយ៉ាតជ្រើសរើសក្រុងចតុមុខជារាជធានីព្រោះ មានទីតាំងភូមិសាស្ត្រល្អ គេចពីសត្រូវឈ្លានពានសៀម ដីមានជីវជាតិងាយស្រួលក្នុងការធ្វើកសិកម្ម ជាទីប្រសព្វនៃជំនួសទាំងផ្លូវគោកនិងផ្លូវទឹក សម្បូរផ្លូវក្នុងការធ្វើកសិកម្មនិងជំនួញ ភាពខាងត្បូងដីមានប្រជាជនច្រើននិងធនធានដើម្បីកសាងសេដ្ឋកិច្ចជាតិ។,បានជាព្រះបាទពញាយ៉ាតជ្រើសរើសក្រុងចតុមុខជារាជធានីព្រោះ មានទីតាំងភូមិសាស្ត្រល្អ គេចពីសត្រូវឈ្លានពានសៀម ដីមានជីវជាតិងាយស្រួលក្នុងការធ្វើកសិកម្ម ជាទីប្រសព្វនៃជំនួសទាំងផ្លូវគោកនិងផ្លូវទឹក សម្បូរផ្លូវក្នុងការធ្វើកសិកម្មនិងជំនួញ ភាពខាងត្បូងដីមានប្រជាជនច្រើននិងធនធានដើម្បីកសាងសេដ្ឋកិច្ចជាតិ។,10,10,4,1.0,0.64990234375,3,6,1,4
91,តើប្រទេសកម្ពុជាចូលជាសមាជិក សហគមន៍អាសុីអាគ្នេយ៍ទទួលបានផលវិជ្ជមាននិងផលអវិជ្ជមានដូចម្ដេចខ្លះ?,ប្រទេសកម្ពុជាចូលជាសមាជិកសាមាសហគមន៍អាស៊ីអាគ្នេយ៍ទទួលផលវិជ្ជមាននឹងអវិជ្ជមានដូចជា៖ +ផលវិជ្ជមាន៖ -កម្ពុជាលែងឯកោទៅទៀត -បានចូលរួមនៅរាល់ការសម្រេចចិត្តនានាក្នុងតំបន់ -កម្ពុជាបានឈរស្មើមុខមាត់ជាមួយបណ្ដាប្រទេសជាសមាជិកអាស៊ាន -កម្ពុជាមានដៃគូច្រើនទាំងក្នុងតំបន់និងពិភព -កម្ពុជាអាចពង្រីកអនុភាពនិងបង្កើតតួនាទីរបស់ខ្លួនកាន់តែសកម្មភាពដែលក្នុងតំបន់នៃអន្តរជាតិ -កម្ពុជាមានសិទ្ធពេញលេញក្រោមការរៀបចំកិច្ចប្រជុំធំៗក្នុងប្រទេសខ្លួនលក្ខណៈតំបន់និងពិភពលោក -ការលើកលែងទិដ្ឋការ -កម្ពុជាក្លាយជាកន្លែងវិនិយោគដ៏មានសក្តានុពលពាណិជ្ជកម្មរវាងពាណិជ្ជកម្មនិងស្រួលជាងមុនចំពោះទីផ្សារ -សេដ្ឋកិច្ចកម្ពុជាមានកំណើនរៀងរាល់ឆ្នាំ -ប្រជាជនអាចរកការងារធ្វើទាំងក្នុងប្រទេសក្នុងតំបន់និងក្រៅតំបន់ -កំណើនភ្ញៀវទេសចរជាច្រើន +ផលអវិជ្ជមាន៖ -ពាណិជ្ជកម្មសេដ្ឋកិច្ចដំណើរការមិនល្អ -កម្ពុជាបាត់បង់ជំនឿសាសនាប្រពៃណីទំនៀមទម្លាប់,ប្រទេសកម្ពុជាចូលជាសមាជិកសាមាសហគមន៍អាស៑ននៅថ្ងៃទី 30 មេសា 1999 ទទួលផលវិជ្ជមាននឹងអវិជ្ជមានដូចជា៖ +ផលវិជ្ជមាន៖ -កម្ពុជាលែងឯកោតែឯង -មានទំនាក់ទំនងល្អជាមួយប្រតេសក្នុងតំបន់អាស៑ាន -បានចូលរួមនៅរាល់ការសម្រេចចិត្តនានាក្នុងតំបន់ -កម្ពុជាឈរស្មផមុខស្មើមាត់លើឆាកអន្តរជាតិជាមួយប្រទេសក្នុងសមាគមន៌អាសុីអាគ្នេយ៌ -អគ្គលេខាអាស៊ានបានផ្ដល់ថវិកាដើម្បីឱ្យកម្ពុជាយកមកអភិវឌ្ឈប្រទេស -កម្ពុជាមានសុខសន្តិភាព -កិច្ចសហប្រតិបត្តិ សេដ្ឋកិច្ច ពាណិជ្ជកម្ម និង ឧស្សាហកម្មជាមួយប្រទេសក្នុងតំបន់ -បញ្ជូននិស្សិតទៅសិក្សានៅក្នុងប្រទេសដែលស្ថិតនៅក្នុងតំបន់អាស៊ីអាគ្នេយ៌ -ផ្ដល់ជំនួយដល់កម្ពុជាយ៉ាងច្រើន -ពង្រឹងវិស័យនយោបាយឱ្យមានភាពរឹងមាំ។,10,9,4,0.9,0.6669921875,3,7,1,2
92,បុព្វហេតុអ្វីខ្លះដែលនាំឲ្យអាណាចក្រចេនឡាបែកបាក់ជាពីរគឺអាណាចក្រចេនឡាដីគោកនិងចេនឡាទឹកលិច?,បុព្វហេតុដែលនាំហើយអាណាចក្រចេនឡាបែកជាពីរគឺ -វិសាលភាពទឹកដីធំទូលាយ -ចម្បាំងអត់ឈប់ឈរ -សមន្ដរដ្ឋបះបោរចង់ផ្ដាច់ខ្លួន -វិបត្តិផ្ទៃក្នុង -ព្រះនាងជ័យទេវីគ្មានសមត្ថភាពគ្រប់គ្រង។,បុព្វហេតុដែលនាំហើយអាណាចក្រចេនឡាបែកជាពីរគឺ -វិសាលភាពទឹកដីធំទូលាយ -ចម្បាំងអត់ឈប់ឈរ -សមន្ដរដ្ឋបះបោរចង់ផ្ដាច់ខ្លួន -វិបត្តិផ្ទៃក្នុង -ព្រះនាងជ័យទេវីគ្មានសមត្ថភាពគ្រប់គ្រង។,7,7,4,1.0,0.93798828125,4,7,0,0
93,តើព្រះអង្គឌួងមានស្នាព្រហស្ថអ្វីខ្លះចំពោះប្រទេសជាតិនិងប្រជារាស្ត្រខ្មែរ?,ព្រះបាទអង្គឌួងមានស្នាព្រហស្តដូចជាផ្នែករដ្ឋបាលរៀបចំប្រព័ន្ធរដ្ឋបាលនិងច្បាប់ទម្លាប់ស្ដារឡើងវិញមានរបៀបផ្នែកសេដ្ឋកិច្ចលើកស្ទួយវិស័យកសិកម្មជួសជុលប្រព័ន្ធ សេះនិងពាណិជ្ជកម្ម ភ្នែកបរទេសស្វែងរកជំនួយពីបារាំងដើម្បីទប់ទល់នឹងការត្រួតត្រាយួននិងសៀម ផ្នែកវប្បធម៌លើកស្ទួយវប្បធម៌អក្សរសាស្ត្រខ្មែរនិង សាសនា កត្តាផ្ទៃក្នុង ការបែកបាក់រាជវង្សានុវង្សបែកបាក់សាមគ្គី។,ព្រះអង្គដួលមានស្នាព្រហស្តចំពោះប្រទេសជាតិនិងប្រជារាស្ត្រខ្មែរ ការពារទឹកដីខ្មែរពីចោរកម្មសៀមនិងយួន ទាក់ទងជាមួយបារាំងដើម្បីការពារប្រទេសកម្ពុជា កសាងក្រុងឧដុង្គកំពង់ផែកំពតកំពង់ផែ ថៃកំពង់ផែហ្វូងកសាងផ្លូវគមនាគមន៍ កសាងវប្បធម៌ខ្មែរវត្តអារាមសាលារៀនសាកលវិទ្យាល័យអក្សរសាស្ត្រគំរាមច្បាប់ស្រី រៀបចំរដ្ឋបាលស្រុកទេសច្បាប់ទម្លាប់ហាមនេសាទត្រីល្មើសច្បាប់ដាក់ទណ្ឌកម្មដល់អ្នកញៀនអាភៀនស្រាល្បែង។,15,15,4,1.0,0.6259765625,3,9,1,6
94,តើសេដ្ឋកិច្ចកម្ពុជាពឹងផ្អែកលើវិស័យអ្វីជាសំខាន់?     ក/ ហេតុអ្វីបានជាគេនិយាយថាកម្ពុជាជាប្រទេសកសិកម្ម?     ខ/ តើគេចែកកសិករជាប៉ុន្មានប្រភេទ?អ្វីខ្លះ?,សេដ្ឋកិច្ចកម្ពុជាពឹងផ្អែកលើវិស័យកសិកម្មជាសំខាន់។   ក/ បានជាគេនិយាយថាកម្ពុជាជាប្រទេសឧស្សាហកម្មព្រោះ៖  _  សណ្ឋានដី : ដីមានជីវជាតិល្អនិងសម្បូរទំនាបល្បាប់   _ ផ្លូវទឹក : ផ្លូវទឹកខ្វាត់ខ្វែងងាយស្រួលដល់ការដាំដុះ  _ ប្រជាជន : ប្រជាជនខ្មែរភាគច្រើនចូលចិត្តធ្វើកសិកម្ម  _ អាកាសធាតុ : ទទួលអាកាសធាតុក្តៅសើម  _ កសិកម្មផ្តល់ផល50%នៃផលិតផលជាតិសរុប។  ខ/ គេចែកកសិករទាំងនោះជា4ប្រភេទគឺ៖  _ កសិករធ្វើស្រែឬអ្នកស្រែ : និយមធ្វើស្រែ ស្រូវប្រាំង ស្រូវវស្សា ស្រូវឡើងទឹក  _ កសិករតំបន់ដីខ្ពស់ : គេដាំដំណាំជាអចិន្ត្រៃយ៍(ពោត ដំឡូង ចេក កៅស៊ូសណ្តែក)  _ កសិករធ្វើចម្ការដំណាំស្រូវ : គេដាំដំណាំតាមមាត់ទន្លេ ចិញ្ចឹមសត្វនិងនេសាទ  _ កសិករភូមិភាគឦសាន: គេធ្វើដំណាំព្រៃដុតមានដូចជាពោត ដំឡូង ស្រូវរុក្ខជាតិយកមើមដទៃទៀត និងបរបាញ់សត្វផងដែរ។,សេដ្ឋកិច្ចកម្ពុជាពឹងផ្អែកលើវិស័យកសិកម្មជាសំខាន់។   ក/ បានជាគេនិយាយថាកម្ពុជាជាប្រទេសឧស្សាហកម្មព្រោះ៖  _  សណ្ឋានដី : ដីមានជីវជាតិល្អនិងសម្បូរទំនាបល្បាប់   _ ផ្លូវទឹក : ផ្លូវទឹកខ្វាត់ខ្វែងងាយស្រួលដល់ការដាំដុះ  _ ប្រជាជន : ប្រជាជនខ្មែរភាគច្រើនចូលចិត្តធ្វើកសិកម្ម  _ អាកាសធាតុ : ទទួលអាកាសធាតុក្តៅសើម  _ កសិកម្មផ្តល់ផល50%នៃផលិតផលជាតិសរុប។  ខ/ គេចែកកសិករទាំងនោះជា4ប្រភេទគឺ៖  _ កសិករធ្វើស្រែឬអ្នកស្រែ : និយមធ្វើស្រែ ស្រូវប្រាំង ស្រូវវស្សា ស្រូវឡើងទឹក  _ កសិករតំបន់ដីខ្ពស់ : គេដាំដំណាំជាអចិន្ត្រៃយ៍(ពោត ដំឡូង ចេក កៅស៊ូសណ្តែក)  _ កសិករធ្វើចម្ការដំណាំស្រូវ : គេដាំដំណាំតាមមាត់ទន្លេ ចិញ្ចឹមសត្វនិងនេសាទ  _ កសិករភូមិភាគឦសាន: គេធ្វើដំណាំព្រៃដុតមានដូចជាពោត ដំឡូង ស្រូវរុក្ខជាតិយកមើមដទៃទៀត និងបរបាញ់សត្វផងដែរ។,20,20,4,1.0,0.6005859375,2,12,2,8
95,តើការស្ថិតនៅក្រៅសារពាង្គកាយនៃពងស្វាសមានសារៈសំខាន់ដូចម្តេច?,ការស្ថិតនៅក្រោមសារពាង្គកាយនៃពងស្វាសមានសារៈសំខាន់ដូចជាដើម្បីរក្សាសីតុណ្ហភាពឲ្យ ទាបជាងសីតុណ្ហភាពក្នុងខ្លួន ប្រហែលពី(2-3)សីតុណ្ហភាពក្នុងខ្លួន37 ។,ការស្ថិតនៅក្រោមសារពាង្គកាយនៃពងស្វាសមានសារៈសំខាន់ក្នុងការផលិតអរម៉ូនភេទឈ្មោលនិង បង្កើតស្ពែម៉ាតូសូអ៊ីត ។,10,3,1,0.3,0.29150390625,1,3,0,0
96,តើប្រព័ន្ធផលិតកម្មកសិកម្មនៅប្រទេសកម្ពុជាមានអ្វីខ្លះ?,ប្រព័ន្ធផលិតកម្មកសិកម្មនៅកម្ពុជាមានដូចជាដំណាំដំណាំស្រូវនិងកៅស៊ូដឹកនាំផ្សេងៗទៀតការចិញ្ចឹមសត្វបានចិញ្ចឹមសត្វលើគោកការចិញ្ចឹមសត្វក្នុងទឹកការនេសាទការនេសាទទឹកសាបការនេសាទទឹកប្រៃ  ព្រៃឈើអនុផលព្រៃឈើរកឃ្មុំជ័រទឹកក្តៅសត្វព្រៃ,ប្រព័ន្ធផលិតកម្មកសិកម្មនៅប្រទេសកម្ពុជាមាន​ដូចជា៖ -ការនាំចេញនាំចូលនៅផលិតផល -ធ្វើឲ្យមានកំណើនសេដ្ឋកិច្ចកើនឡើង -មានអ្នកក្រៅប្រទេសមកវិនិយោគទុននៅប្រទេសយើងច្រើន -បង្កើតរោងចក្រផលិតផល -ជួយកែប្រែសេដ្ឋកិច្ចនៅក្នុងប្រទេស -មានដីដែលមានជីវជាតិល្អងាយស្រួលដល់ការដាំដុះ -ប្រជាជនមានដីដែលមានជីវជាតិល្អ -ងាយស្រួលដល់ការដាំដំណាំទទួលបានផលច្រើន -ប្រជាជនភាគច្រើននិយមធ្វើស្រែចម្ការ -កម្ពុជាអាចក្លាយជាប្រទេសដែកមានដំណាំល្អៗ។,15,2,1,0.13333333333333333,0.6298828125,3,9,2,7
97,តើអ្វីជាសង្គ្រាមត្រជាក់? តើសង្គ្រាមត្រជាក់ផ្ដល់ផលវិបាកអ្វីខ្លះដល់កម្ពុជា?,សង្គ្រាមត្រជាក់ជាការប្រឈមមុខដាក់គ្នាដោយប្រយោលរវាងសហរដ្ឋអាមេរិចនិងសហភាពសូវៀត ដោយធ្វើការប្រណាំងប្រជែងគ្នាលើផ្នែក  សេដ្ឋកិច សព្វាវុធ យោធា និងបច្ចេកទេស។ សង្រ្គាមត្រជាក់បានផ្ដល់ផលវិបាកកម្ពុជាដូចជា៖ -គ្រាប់បែករបស់សហរដ្ឋអាមេរិក 1669 ដល់ 1973  -សង្គ្រាមស៊ីវិលក្នុងប្រទេសពីឆ្នាំ 1970 ដល់ 1975 និងកើតមានម្តងទៀតពីឆ្នាំ 1979 ដល់ឆ្នាំ 1991 ដែលកើតចេញពីការប្រឆាំងគ្នារវាងក្រុមកុម្មុយនិស្តនិងសេរីនិយម -ការសម្លាប់ប្រជាជនឯងក្រោមរបស់ប្រល័យពូជសាសន៍ឆ្នាំ 1975 និងឆ្នាំ 1979  -ការផ្លាស់ប្ដូរនយោបាយជាញឹកញាប់រហូតមានការមានកិច្ចព្រមព្រៀងសន្តិភាពក្រុងប៉ារីសថ្ងៃទី 23 តុលាឆ្នាំ 1991។,ដែលហៅថាសង្គ្រាមត្រជាក់ គឺជាសង្គ្រាមដែលកើតឡើងរវាងប្រទេសមហាអំណាច និងប្រទេសដទៃទៀត។ សង្រ្គាមត្រជាក់បានផ្ដល់ផលវិបាកកម្ពុជាដូចជា៖ -ធ្វើឱ្យមនុស្សស្លាប់ជាច្រើននាក់ -ធ្វើឱ្យមនុស្សពិកា ស្ត្រីមេម៉ាយ ក្មេងកំព្រា -បំផ្លាញហេដារចនាសម្ព័ន្ធ -ខាតបង់ប្រាក់ចំណូលរបស់ប្រទេស -សំណង់អគារសាធារណៈត្រូវបានបំផ្លាញ -ប្រទេសជាតិទាំងមូលក្លាយជាទីរហោស្ថាន អំពើចោរកម្ម ហឹង្សា អាណាធិបតេយ្យ។,10,5,2,0.5,0.70263671875,3,7,1,2
98,ចូររៀបរាប់អំពីទំនាក់ទំនងរវាងការដាំដុះអាជីវកម្មព្រៃឈើនិងនេសាទ។,ទំនាក់ទំនងរវាង ការដាំដុះអាជីវកម្មព្រៃឈើ និងការនេសាទ៖  _ ការដាំដុះអាជីវកម្មព្រៃឈើ និងការនេសាទ ជាភោគទ្រព្យយ៉ាងសំខាន់សម្រាប់ប្រជាជនក្នុងការទ្រទ្រង់ក្នុងជីវភាពរស់នៅនិងការអភិវឌ្ឍន៍ប្រទេសជាតិ   _ ដើម្បីបំពេញតម្រូវការក្នុងកសិកម្មផលិតកម្មនិងត្រូវការផ្សេងៗ មនុស្សនាំគ្នាកាប់ព្រៃឈើដើម្បីធ្វើអាជីវកម្មព្រៃឈើជាមូលហេតុធ្វើឲ្យអាកាសធាតុប្រែប្រួលប៉ះពាល់ដល់ជីវិតមនុស្ស សត្វ និងរុក្ខជាតិ  ​ _ អតិផលនៃប្រព័ន្ធកសិកម្ម នាំឲ្យមានកំណើននៃការប្រើប្រាស់គីមីនិងថ្នាំសម្លាប់សត្វល្អិត។ ជីគីមី និងថ្នាំសម្លាប់សត្វល្អិត ទាំងនោះហូរទៅផ្ដុំគ្នានៅតាមផ្លូវទឹកនានា បំផ្លាញជីវិតសត្វនិងពូជធម្មជាតិ។,ទំនាក់ទំនងការដាំដុះ ៖ ​ _ ការដាំដុះ : កាប់ដីដើម្បីដាំបន្លែ ធ្វើកសិកម្មដាំដុះផ្លែឈើ ធ្វើស្រែចម្ការ ការប្រមូលទិន្នផល ការជាយកកៅស៊ូ  _ អាជីវកម្មព្រៃឈើ : ការយកឬកាប់ឈើទៅលក់ យកឈើទៅធ្វើឬសាងសង់ផ្ទះ ធ្វើអាជីវកម្មព្រៃឈើយកលក់ កាប់ព្រៃឈើដើម្បីធ្វើរោងចក្រជាដើម ដូចជាធ្វើគ្រឿងសង្ហាររឹម( តុ កៅអី គ្រឿងវត្ថុអីជាដើម)  _ ការនេសាទ : ការនេសាទគែការចាប់ត្រីយកលក់ រស់នៅភាពប្រចាំថ្ងៃនៃការនេសាទ រស់នៅដោយពឹងផ្អែកនៅលើការនេសាទ យកត្រីទៅធ្វើអាជីវកម្មលក់ដូរមិនថាទឹកសាប ឬ ទឹកប្រៃ។,15,5,1,0.3333333333333333,0.61572265625,2,9,1,4
99,ហេតុអ្វីបានជាផ្នែកឯកជនជាកម្លាំងដ៏សំខាន់សម្រាប់វិនិយោគនិងធ្វើឲ្យមានកំណើនសេដ្ឋកិច្ចក្នុងប្រទេស?,បានជាផ្នែកឯកជនជាកម្លាំងដ៏សំខាន់សម្រាប់វិនិយោគនិងធ្វើឲ្យមានកំណើនសេដ្ឋកិច្ចក្នុងប្រទេស ព្រោះប្រទេសកម្ពុជាជាប្រទេសអភិវឌ្ឍន៍ សេដ្ឋកិច្ចទីផ្សារដោយបានធ្វើកំណែទម្រង់សហគ្រាសឧស្សាហកម្មឲ្យក្លាយទៅជាកម្មសិទ្ធិឯកជន ។ សេដ្ឋកិច្ចទីផ្សារសេរីនេះនាំឲ្យអ្នករកស៊ីបរទេសចូលចិត្តមកវិនិយោគ ហើយកាលណាផ្នែកឯកជនរឹងមាំមកវិនិយោគ ហើយកាលណាផ្នែកឯកជនមិនរឹងមាំអាចបំពេញបន្ថែមវិនិយោគនិងវិស័យសង្គមកិច្ចមានន័យថាវិស័យឯកជនស្រូបយកកម្លាំងការងារកាន់តែកើនឡើង។,បានជាផ្នែកឯកជនជាកម្លាំងដ៏សំខាន់សម្រាប់វិនិយោគ និងធ្វើឱ្យមានកំណើនសេដ្ឋកិច្ចក្នុងប្រទេសមានព្រោះ៖ _ ទទួលបានប្រាក់ចំណូលចូលជាតិយ៉ាងច្រើន  _ បានប្រាក់ចំណូលចូលរដ្ឋ  _ មានភ្ញៀវទេសចរណ៍ច្រើនកុះករចូលមកក្នុងប្រទេស  _ មានការចំណេញលើគ្រប់ការងារទាំងក្នុងនិងក្រៅប្រទេស  _ ប្រជាជនអាចមានការងារធ្វើច្រើនដោយសារការវិនិយោគទន់  _ ធ្វើផលិតផលចាស់ឪ្យទៅជាផលិតថ្មី  _ ផលិតផលមានគុណភាព និងស្ដង់ដារជាងមុន  _ ប្រទេសមានការអភិវឌ្ឍនិងរីកចម្រើនជាងមុន។,15,5,1,0.3333333333333333,0.615234375,2,9,1,4
100,តើថ្ងៃរំដោះ៧មករា១៩៧៩ មានអត្ថន័យយ៉ាងណាខ្លះចំពោះប្រវត្តិសាស្ត្រកម្ពុជា?,ជាថ្ងៃដែលប្រជាជនខ្មែររួចផុតពីសង្គ្រាមនិងការសម្លាប់ -ជាថ្ងៃដែលប្រជាជនខ្មែរស្គាល់ច្បាប់ពីតម្លៃនៃសន្តិភាព -ជាថ្ងៃដែលប្រជាជនខ្មែរស្គាល់ច្បាប់ពីតម្លៃនៃសន្តិភាព -ប្រទេសកម្ពុជាទទួលបានអធិបតេយ្យភាពនិងបូរណាភាពទឹកដី -ប្រទេសកម្ពុជាទទួលបានឯករាជ្យ -ប្រទេសកម្ពុជាអាចអភិវឌ្ឍន៍ប្រទេសជាតិរបស់ខ្លួន -ប្រទេសកម្ពុជាអាចឈរស្មើមុខមាត់លើឆាកអន្តរជាតិ -ប្រទេសកម្ពុជាកសាងនិងស្ដាយប្រទេសជាតិខ្លួនឯងឡើងវិញ -ប្រទេសកម្ពុជាអាចធ្វើទំនាក់ទំនងជាមួយបណ្ដាប្រទេសនានា.,ថ្ងៃរំដោះ៧មករា១៩៧៩ មានអត្ថន័យយ៉ាងណាខ្លះចំពោះប្រវត្តិសាស្ត្រកម្ពុជាដូចជា -ធ្វើឱ្យកូនខ្មែរជំនាន់ក្រោយបានដឹងនឹងបានស្គាល់ពីរបបផ្ដាច់ការ -ជារបបដែលជិះជាន់និងឲ្យធ្វើការរហូតដល់ថ្ងៃស្ដាប់និងសម្លាប់យ៉ាងឃោរឃៅបំផុត។ -ធ្វើឱ្យប្រជាជនមានសិទ្ធិសេរីភាពឡើងវិញនឹងបានរស់នៅជាជួបជុំគ្រួសារ។ -ឱ្យកូនខ្មែរស្គាល់ពីរបបដែលសម្លាប់ប្រជាជនរបស់ខ្លួនទាំងអស់ជាច្រើនលានអ្នក -ជាតិជាថ្ងៃដែលកម្ពុជាស្ដារឈ្មោះឡើងវិញ -ជាថ្ងៃដែលប្រទេសកម្ពុជាបានសេដ្ឋកិច្ចឡើងវិញគ្រប់វិស័យ -ជាថ្ងៃដែលប្រទេសកម្ពុជាមានសិទ្ធឈរលើឆាកអន្តរជាតិ។,8,7,4,0.875,0.60400390625,2,5,2,2
101,តើសង្គមខ្មែរនៅសម័យអង្គរមានប៉ុន្មានវណ្ណៈ? វណ្ណៈអ្វីខ្លះ? ចូលរៀបរាប់។,សង្គមខ្មែរនៅសម័យអង្គរមានប្រាំវណ្ណៈគឺ -វណ្ណៈក្សត្រឬរាជវង្សនុវង្ស (ជាស្ដេចគ្រប់គ្រងប្រទេស -វណ្ណៈមន្ត្រី (អ្នករស់នៅក្នុងរាជវាំងបម្រើស្ដេច) -វណ្ណៈព្រាហ្ម៍ឬបុព្វជិត​(គឺជាអ្នកបួស) -វណ្ណៈអ្នកជាឬកសិករ (អ្នករស់នៅនឹងធ្វើស្រែចម្ការ) -វណ្ណៈអ្នកងារឬទាសករ(ទាសករបម្រើគេតកូនតចៅ)។,សង្គមខ្មែរនៅសម័យអង្គរមានប្រាំវណ្ណៈគឺ -វណ្ណៈក្សត្រឬរាជវង្សានុវង្ស -វណ្ណៈព្រាហ្ម -វណ្ណៈបុព្វជិត -វណ្ណៈអ្នកជា -វណ្ណៈទាសករឬអ្នកងារ។,10,5,2,0.5,0.68994140625,3,7,1,2
102,ហេតុអ្វីបានជាមនុស្សស្រូបយកខ្យល់ដែលមានកាបូនម៉ណូអុកស៊ីតអាចបង្កគ្រោះថ្នាក់ដល់ស្លាប់បាន?,បានជាមនុស្សស្រូបយកខ្យល់ដែលមានកាបូនម៉ូណូអុកស៊ីដអាចបង្កឲ្យមានគ្រោះថ្នាក់ដល់ស្លាប់ បានព្រោះកាបូនម៉ូណូអុកស៊ីដមានសមត្ថភាពចាប់យក ក្នុងឈាមបានខ្លាំងជាងអុកស៊ីសែន វារារាំងឈាមមិនឲ្យដឹកនាំអុកស៊ីសែនទៅចិញ្ចឹមសរីរាង្គជាពិសេសខួរក្បាលដែលបណ្តាលឲ្យ ស្លាប់និង សន្លប់ ។,បានជាមនុស្សស្រូបយកខ្យល់ដែលមានកាបូនម៉ូណូអុកស៊ីដអាចបង្កឲ្យមានគ្រោះថ្នាក់ដល់ស្លាប់ បានព្រោះកាបូនម៉ូណូអុកស៊ីដមានសមត្ថភាពចាប់យក ក្នុងឈាមបានខ្លាំងជាងអុកស៊ីសែន វារារាំងឈាមមិនឲ្យដឹកនាំអុកស៊ីសែនទៅចិញ្ចឹមសរីរាង្គជាពិសេសខួរក្បាលដែលបណ្តាលឲ្យ ស្លាប់និង សន្លប់ ។,5,4,3,0.8,0.6650390625,3,3,0,1
103,តើអាណាចក្រភ្នំមានព្រំប្រទល់ជាប់ប្រទេសណាខ្លះ?,អាណាចក្រភ្នំមានព្រំប្រទល់ជាប់ប្រទេសដូចជា -ខាងជើងជាប់ចិន -ខាងត្បូងជាឈូងសមុទ្រខ្មែរ -ខាងកើតជាប់រដ្ឋចម្ប៉ា -ខាងលិចជាប់រដ្ធមនឬភូមា។,អាណាចក្រភ្នំមានព្រំប្រទល់ជាប់ប្រទេសដូចជា -ខាងជើងជាប់ឈូងសមុទ្រចិន -ខាងត្បូងជាប់ឈូងសមុទ្រនគរ -ខាងកើតជាប់រដ្ឋចម្ប៉ា -ខាងលិចជាប់ភូមា។,6,6,4,1.0,0.94921875,4,6,0,0
104,ចូរនិយាយពីកំណកាម៉ែតញី។,ការស្ថិតនៅក្រោមសារពាង្គកាយនៃពងស្វាសមានសារៈសំខាន់ដូចជាដើម្បីរក្សាសីតុណ្ហភាពឲ្យ ទាបជាងសីតុណ្ហភាពក្នុងខ្លួន ប្រហែលពី(2-3)សីតុណ្ហភាពក្នុងខ្លួន37 ។,កំណកាម៉ែតញីដំបូងកោសិកាពូជមួយរួមចំណែកពីរដងបន្តបន្ទាប់គ្នា បានកោសិកាអូវ៉ូកូរី4 ។ អូវ៉ូកូរីនីមួយៗរីកមាឌអាចជាអូវ៉ូស៊ីត1 ។អូវ៉ូស៊ីតមួយរងចំណែកមួយនៃមេយោធាហើយត្រូវបាន ឈប់គាំងនៅវគ្គប្រផ្ដាស1 ។ក្រោយមកពេលគ្រប់អូវ៉ូស៊ីតមួយបន្តធ្វើចំណែកហើយត្រូវបានបញ្ចប់ នៅរយៈពេល6ម៉ោង ។,10,6,2,0.6,0.463623046875,2,5,0,1
105,តើការស្ថិតនៅក្រៅសារពាង្គកាយនៃពងស្វាសមានសារៈសំខាន់ដូចម្តេច?,ការស្ថិតនៅក្រោមសារពាង្គកាយនៃពងស្វាសមានសារៈសំខាន់ដូចជាដើម្បីរក្សាសីតុណ្ហភាពឲ្យ ទាបជាងសីតុណ្ហភាពក្នុងខ្លួន ប្រហែលពី(2-3)សីតុណ្ហភាពក្នុងខ្លួន37 ។,ការស្ថិតនៅក្រោមសារពាង្គកាយនៃពងស្វាសមានសារៈសំខាន់ក្នុងការផលិតអរម៉ូនភេទឈ្មោលនិង បង្កើតស្ពែម៉ាតូសូអ៊ីត ។រក្សាសីតុណ្ហភាពឲ្យទាបជាងសីតុណ្ហភាពក្នុងខ្លួន ប្រហែលពី(2-3)សីតុណ្ហភាព ក្នុងខ្លួន37 ។,10,10,4,1.0,0.96826171875,4,10,0,0
106,តើអាណាចក្រភ្នំមានព្រំប្រទល់ជាប់ប្រទេសណាខ្លះ?,អាណាចក្រភ្នំមានព្រំប្រទល់ជាប់ប្រទេសដូចជា -ខាងជើងជាប់ចិន -ខាងត្បូងជាឈូងសមុទ្រខ្មែរ -ខាងកើតជាប់រដ្ឋចម្ប៉ា -ខាងលិចជាប់រដ្ធមនឬភូមា។,អាណាចក្រភ្នំមានព្រំប្រទល់ជាប់ប្រទេសដូចជា -ខាងជើងជាប់ឈូងសមុទ្រចិន -ខាងត្បូងជាប់ឈូងសមុទ្រនគរខ្មែរ -ខាងកើតជាប់រដ្ឋចម្ប៉ានិងឈូងសមុទ្រចិន -ខាងលិចជាប់ភូមានិងឈូងសមុទ្របេងហ្គាល់។,6,6,4,1.0,0.74853515625,3,4,1,2
107,តើប្រព័ន្ធផលិតកម្មកសិកម្មនៅប្រទេសកម្ពុជាមានអ្វីខ្លះ?,ប្រព័ន្ធផលិតកម្មកសិកម្មនៅកម្ពុជាមានដូចជាដំណាំដំណាំស្រូវនិងកៅស៊ូដឹកនាំផ្សេងៗទៀតការចិញ្ចឹមសត្វបានចិញ្ចឹមសត្វលើគោកការចិញ្ចឹមសត្វក្នុងទឹកការនេសាទការនេសាទទឹកសាបការនេសាទទឹកប្រៃ  ព្រៃឈើអនុផលព្រៃឈើរកឃ្មុំជ័រទឹកក្តៅសត្វព្រៃ,ប្រព័ន្ធផលិតកម្មកសិកម្មនៅប្រទេសកម្ពុជាមាន​៖ -កៅស៊ូ -ជីឡង់ -ក្រចៅ -កប្បាស -ម្រេច -ស្រូវ។,15,3,1,0.2,0.62939453125,3,9,2,6
108,ចូរពណ៏នាពីការអភិវឌ្ឍសេដ្ឋកិច្ច សង្គម នៅកម្ពុជាពីឆ្នាំ១៩៩៣ មកទល់សព្វថ្ងៃ?,ការអភិវឌ្ឈនៅកម្ពុជា +វិស័យសេដ្ឋកិច្ច -ជួយជំរុញវិស័យកសិកម្ម ឧស្សាហកម្ម ពាណិជ្ជកម្ម ទេសចរណ៌ មានការអភិវឌ្ឈ -មានកំណើនការវិនិយោគពីឯកជនបង្កើតទុនបរទេស -មានទំនាក់ទំនងពាណិជ្ជកម្មអន្តរជាតិជាមួយអាស៊ាននិងមហាអំណាចធំៗ -មានកំណើនភ្ញៀវទេសចរណ៌ជាតិនិងអន្តរជាតិ ផ្ដល់ចំណូលដល់ប្រជាជន -កសាងហេដ្ឋារចនាសម្ព័ន្ធ មានផ្លូវថ្នល់ ស្ពានដែក កំពង់ផែ អាកាសយាន្តដ្ឋាន ដោយបំពាក់ប្រព័ន្ធទឹកភ្លើងពីទីក្រុងទៅជនបទ +វិស័យសង្គម -មានការទប់ស្កាត់សង្គ្រាម -លើកស្ទួយការគោរពសិទ្ធិមនុស្ស -ទប់ស្កាត់អំពើពុករលួយ -ធ្វើឱ្យរដ្ឋាភិបាលមានលទ្ធភាពសម្រេចផែនការនានាតាមការកំណត់ -ជួយឱ្យមានរក្សាសន្តិភាព សុខសុវត្ថិភាព -មានការអភិវឌ្ឈសាលារៀន មន្ទីរពេទ្យ -មានសមភាពយែនឌ័រក្នុងសង្គម -កម្ពុជារៀបចំកម្មវិធីធំៗថ្នាក់ជាតិ។,ការអភិវឌ្ឈនៅកម្ពុជា +វិស័យសេដ្ឋកិច្ច -ជួយជំរុញវិស័យកសិកម្ម ឧស្សាហកម្ម ពាណិជ្ជកម្ម ទេសចរណ៌ មានការអភិវឌ្ឈ -មានកំណើនការវិនិយោគពីឯកជនបង្កើតទុនបរទេស -បង្កើតការងារដល់ប្រជាពលរដ្ឋ ជៀសវាងការធ្វើចំណាកស្រុកនិងភាពក្រីក្រ -មានទំនាក់ទំនងពាណិជ្ជកម្មអន្តរជាតិជាមួយអាស៊ាននិងមហាអំណាចធំៗ -មានកំណើនភ្ញៀវទេសចរណ៌ជាតិនិងអន្តរជាតិ ផ្ដល់ចំណូលដល់ប្រជាជន -កសាងហេដ្ឋារចនាសម្ព័ន្ធ មានផ្លូវថ្នល់ ស្ពានដែក កំពង់ផែ អាកាសយាន្តដ្ឋាន ដោយបំពាក់ប្រព័ន្ធទឹកភ្លើងពីទីក្រុងទៅជនបទ +វិស័យសង្គម -មានការទប់ស្កាត់សង្គ្រាម និងការខ្វែងគំនិតគ្នាក្នុងសង្គម -លើកស្ទួយការគោរពសិទ្ធិមនុស្ស សេរីភាពគ្រប់បែបយ៉ាង -ទប់ស្កាត់អំពើពុករលួយ -ធ្វើឱ្យរដ្ឋាភិបាលមានលទ្ធភាពសម្រេចផែនការនានាតាមការកំណត់ -ជួយឱ្យមានរក្សាសន្តិភាព សុខសុវត្ថិភាព -មានការអភិវឌ្ឈសាលារៀន មន្ទីរពេទ្យ -មានសមភាពយែនឌ័រក្នុងសង្គម -កម្ពុជារៀបចំកម្មវិធីធំៗថ្នាក់ជាតិ។,10,8,3,0.8,0.603515625,2,6,1,2
109,ហេតុអ្វីបានជាផ្នែកឯកជនជាកម្លាំងដ៏សំខាន់សម្រាប់វិនិយោគនិងធ្វើឲ្យមានកំណើនសេដ្ឋកិច្ចក្នុងប្រទេស?,បានជាផ្នែកឯកជនជាកម្លាំងដ៏សំខាន់សម្រាប់វិនិយោគនិងធ្វើឲ្យមានកំណើនសេដ្ឋកិច្ចក្នុងប្រទេស ព្រោះប្រទេសកម្ពុជាជាប្រទេសអភិវឌ្ឍន៍ សេដ្ឋកិច្ចទីផ្សារដោយបានធ្វើកំណែទម្រង់សហគ្រាសឧស្សាហកម្មឲ្យក្លាយទៅជាកម្មសិទ្ធិឯកជន ។ សេដ្ឋកិច្ចទីផ្សារសេរីនេះនាំឲ្យអ្នករកស៊ីបរទេសចូលចិត្តមកវិនិយោគ ហើយកាលណាផ្នែកឯកជនរឹងមាំមកវិនិយោគ ហើយកាលណាផ្នែកឯកជនមិនរឹងមាំអាចបំពេញបន្ថែមវិនិយោគនិងវិស័យសង្គមកិច្ចមានន័យថាវិស័យឯកជនស្រូបយកកម្លាំងការងារកាន់តែកើនឡើង។,បានជាផ្នែកឯកជនជាកម្លាំងដ៏សំខាន់សម្រាប់វិនិយោគនិងធ្វើឲ្យមានកំណើនសេដ្ឋកិច្ចក្នុងប្រទេសព្រោះ៖ _ កម្ពុជាជាប្រទេសអនុវត្តសេដ្ឋកិច្ចទីផ្សារសេរីឆ្នាំ1993 ដោយធ្វើកំណែទម្រង់សហគ្រាសឲ្យក្លាយទៅជាកម្មសិទ្ធិឯកជន  _ សេដ្ឋកិច្ចទីផ្សារសេរីនេះនាំឲ្យអ្នករកស៊ីបរទេសចូលចិត្តវិនិយោគ _ កាលណាផ្នែកឯកជនរឹងមាំអាចបំពេញបន្ថែមវិនិយោគសាធារណៈក្នុងវិស័យសង្គមកិច្ចមានន័យថាវិស័យឯកជនអាចស្រូបយកកម្លាំងការងារកាន់តែច្រើនឡើង។,15,15,4,1.0,0.7939453125,3,12,1,3
110,ចូរនិយាយពីកំណកាម៉ែតញី។,ការស្ថិតនៅក្រោមសារពាង្គកាយនៃពងស្វាសមានសារៈសំខាន់ដូចជាដើម្បីរក្សាសីតុណ្ហភាពឲ្យ ទាបជាងសីតុណ្ហភាពក្នុងខ្លួន ប្រហែលពី(2-3)សីតុណ្ហភាពក្នុងខ្លួន37 ។,កំណកាម៉ែតញីដំបូងកោសិកាពូជមួយរួមចំណែកពីរដងបន្តបន្ទាប់គ្នា បានកោសិកាអូវ៉ូកូរី4 ។ អូវ៉ូកូរីនីមួយៗរីកមាឌអាចជាអូវ៉ូស៊ីត1 ។,10,2,1,0.2,0.407470703125,2,4,1,2
111,បុព្វហេតុអ្វីខ្លះដែលនាំឲ្យអាណាចក្រចេនឡាបែកបាក់ជាពីរគឺអាណាចក្រចេនឡាដីគោកនិងចេនឡាទឹកលិច?,បុព្វហេតុដែលនាំហើយអាណាចក្រចេនឡាបែកជាពីរគឺ -វិសាលភាពទឹកដីធំទូលាយ -ចម្បាំងអត់ឈប់ឈរ -សមន្ដរដ្ឋបះបោរចង់ផ្ដាច់ខ្លួន -វិបត្តិផ្ទៃក្នុង -ព្រះនាងជ័យទេវីគ្មានសមត្ថភាពគ្រប់គ្រង។,បុព្វហេតុដែលនាំហើយអាណាចក្រចេនឡាបែកជាពីរគឺ -វិសាលភាពទឹកដីធំទូលាយ -ចម្បាំងអត់ឈប់ឈរ -សមន្ដរដ្ឋបះបោរចង់ផ្ដាច់ខ្លួន -វិបត្តិផ្ទៃក្នុង -ព្រះនាងជ័យទេវីគ្មានសមត្ថភាពគ្រប់គ្រង។,7,7,4,1.0,0.93798828125,4,7,0,0
112,តើប្រព័ន្ធផលិតកម្មកសិកម្មនៅក្នុងប្រទេសកម្ពុជាមានអ្វីខ្លះ?ចូររៀបរាប់​ ។,ប្រព័ន្ធផលិតកម្មកសិកម្មនៅប្រទេសកម្ពុជាមាន៖    _ ដំណាំ : ដំណាំស្រូវ ដំណាំកៅស៊ូ ដំណាំផ្សេងៗទៀត    _ ការចិញ្ចឹមសត្វ : ការចិញ្ចឹមសត្វលើគោក ការចិញ្ចឹមសត្វក្នុងទឹក    _ ការនេសាទ : ការនេសាទទឹកសាប ការនេសាទទឹកប្រៃ  _ ព្រៃឈើ : ផលិតផលឈើ អនុផលព្រៃឈើ(រកឃ្មុំ ជ័រទឹក វល្លិ៍ ផ្តៅ) សត្វព្រៃ ។,ប្រព័ន្ធផលិតកម្មកសិកម្មនៅប្រទេសកម្ពុជាមានដូចជា៖  • ដំណាំ  • ដំណាំកៅស៊ូ  • ចិញ្ចឹមសត្វក្នុងទឹក  • ដំណាំស្រូវ  • ការចិញ្ចឹមសត្វដទៃទៀត  • នេសាទ  • ការនេសាទក្នុងទឹកសាប  • ការនេសាទក្នុងទឹកប្រៃ  • វារីវប្បកម្ម  • វប្បកម្មសមុទ្រ (ការចិញ្ចឹម បង្កង និង ភក់ជាដើម)  • សិប្បកម្ម។,10,9,4,0.9,0.763671875,3,8,1,1
113,តើអាណាចក្រភ្នំមានព្រំប្រទល់ជាប់ប្រទេសណាខ្លះ?,អាណាចក្រភ្នំមានព្រំប្រទល់ជាប់ប្រទេសដូចជា -ខាងជើងជាប់ចិន -ខាងត្បូងជាឈូងសមុទ្រខ្មែរ -ខាងកើតជាប់រដ្ឋចម្ប៉ា -ខាងលិចជាប់រដ្ធមនឬភូមា។,អាណាចក្រភ្នំមានព្រំប្រទល់ខាងជើងជាប់នឹងប្រទេសចិន(រដ្ឋណានឆាវនិងតុងតឹង)ខាងកើតជាប់រដ្ឋចម្ប៉ា(ឈូងសមុទ្រចិន)និងខាងត្បូងជាប់និងឈូងសមុទ្រខ្មែរ(នគរភ្នំ)និងខាងលិចជាប់រដ្ឋមនឬភូមា។,6,6,4,1.0,0.873046875,3,5,1,1
114,ហេតុអ្វីបានជាប្រទេសកម្ពុជាពឹងផ្អែកទៅលើវិស័យកសិកម្ម?,បានជាផ្នែកឯកជនជាកម្លាំងដ៏សំខាន់សម្រាប់កំណើនសេដ្ឋកិច្ចកម្ពុជាព្រោះ -កម្ពុជាបានអនុវត្តសេដ្ឋកិច្ចទីផ្សារសេរីដោយបានធ្វើកំណែទម្រង់ពីសហគ្រាសរដ្ឋឲ្យក្លាយទៅជាកម្មសិទ្ធិឯកជន -សេដ្ឋកិច្ចទីផ្សារសេរីនាំឲ្យអ្នករកស៊ីចូលចិត្តមករកស៊ីនិងដាក់វិនិយោគទុន -កាលណាភ្នែកឯកជនរឹងមាំអាចជួយបំពេញបន្ថែមលើវិនិយោគសាធារណៈក្នុងវិស័យសេដ្ឋកិច្ចគឺផ្នែកឯកជនអាចស្រូបយកកម្លាំងពលកម្មកើនឡើង។,បានជាផ្នែកឯកជនជាកម្លាំងដ៏សំខាន់សម្រាប់ការវិនិយោគសេដ្ឋកិច្ចព្រោះ -អ្នកវិនិយោគអាចវិនិយោគប្រាក់ចំណូលដោយខ្លួនឯងបានដោយមិនមានការហាមឃាត់ពីរដ្ឋ -អ្នកវិនិយោគមានសិទ្ធិជាម្ចាស់ដោយខ្លួនឯងជាហេតុនេះធ្វើឲ្យអ្នកវិនិយោគហ៊ានដាក់ទុនច្រើន -អ្នកវិនិយោគបានជួយឲ្យប្រជាជនមានប្រាក់ចំណូលតាមរយៈជួលដីជាដើម -អ្នកវិនិយោគមានសិទ្ធិសម្រេចចិត្តក្នុងការដាក់ទុននិងដកទន់ដោយខ្លួនឯង -អ្នកវិនិយោគអាចជួយផ្សព្វផ្សាយពីសេដ្ឋកិច្ចក្នុងប្រទេស -អ្នកវិនិយោគងាកមកមើលប្រទេសដែលមានភាពឯកជនកត្តាហេតុនេះទើបធ្វើឲ្យសេដ្ឋកិច្ចមានភាពរីកចម្រើនច្រើននៅពេលដែលអ្នកវិនិយោគបានដាក់ទុនមកប្រទេស,15,8,2,0.5333333333333333,0.59912109375,2,9,0,1
115,រៀបរាប់ពីទំនាក់ទំនងរវាងការដាំដុះអាជីវកម្មព្រៃឈើនិងនេសាទ។,ទំនាក់ទំនងរវាងការដាំដុះ អាជីវកម្មព្រៃឈើ និងការនេសាទមានដូចជា៖ -ការដាំដុះដោយប្រើជីធម្មជាតិ -ការប្រើប្រាស់ជីគីមី -ដាំដុះនិងធ្វើតាមរដូវ -អាជីវកម្មព្រៃឈើ -ការកាប់បំផ្លាញព្រៃឈើ -ការដុតព្រៃឈើ -ការកាប់ឈើយកទៅធ្វើអាជីវកម្ម +ការនេសាទ -ការនេសាទត្រីពេលត្រីពក -ការនេសាទដោយប្រើអគ្គិសនី -ការនេសាទហួសកម្រិត -ការនេសាទគឺជាមុខរបរប្រចាំថ្ងៃាបស់ប្រជាជន -នឹងជាអាហារប្រចាំថ្ងៃរបស់ប្រជាជន -ការនេសាទធ្វើប្រជាជនមានមុខរបររកស៊ីត្រឹមត្រូវ -ការនេសាទប្រើប្រាស់ឧបករណ៍នេសាទខុសច្បាប់ -ការបំផ្លាញជំរកត្រី -ការបកហូរទឹកចេញពី,រៀបរាប់អំពីទំនាក់ទំនងរវាងការដាំដុះអាជីវកម្មព្រៃឈើនិងការនេសាទការដាំដុះអាជីវកម្មព្រៃឈើការឈើដើមឈើធំៗដើម្បីធ្វើផ្ទះធ្វើឧបករណ៍ប្រើប្រាស់ការនាំដើមឈើធំៗដែលកំពុងអភិរក្សបណ្ដាលអាខុសច្បាប់ការដាំដើមឈើឲ្យមានធំមានចន្លោះពី 5 ឆ្នាំទៅ 8 ឆ្នាំការ ចាប់គាស់ព្រៃឈើយកធ្វើលំនៅឋានការដុតព្រៃឈើបណ្ដាលឲ្យប៉ះពាល់ដល់ចម្រកផ្សិតព្រៃការជួញដូរឈើល្អៗដោយខុសច្បាប់ ការនេសាទការធ្វើសកម្មភាពឆក់ត្រូវធំៗដែលបណ្ដាលឲ្យត្រីដែលតូចៗងាប់អស់បាត់បង់ពូជត្រី។ការបង់សំណាញ់ត្រីដោយប្រើនាវាធំៗផ្កានេសាទបែបគ្រួសារការរាយពងយកត្រីឬទូចត្រូវជាដើមការនេសាទខ្នាតតូចយកមកលក់នៅទីផ្សារ,15,3,1,0.2,0.6044921875,2,9,1,6
116,ដូចម្តេចដែលហៅថាមេយ៉ូស? ចូរនិយាយពីវគ្គផ្សេងៗនៃមេយ៉ូស។,មេយ៉ូសជាសំណុំនៃចំណែកកោសិកាពីរដងបន្តបន្ទាប់គ្នាដែលបង្កើតបានជាកោសិកាអាលូអុីតបួន ហៅថាមេយ៉ូស ។ _តេឡូផាស1 ស៊ីតូប្លាសចែកខ្លួនបានជាកោសិកាកូនពីរ ។កោសិកាកូននីមួយៗទទួលបានក្រូម៉ូសូម តែមួយពីរគូអូម៉ូឡូក ។ _ប្រផាស1 មានរយៈពេលវែង ។ _អាណាផាស1 ក្រូម៉ូសូមដំរៀបលើផ្លាស់ភ្ជាប់នឹងក្រយ៉ូងក្រូម៉ាទិចដោយសង់ក្រូងទ័ររបស់វា ។ _តេឡូផាស2 ក្រូម៉ូមនីមួយៗបានមកដល់ប៉ូលភ្នាស _មេតាផាស2 ក្រូម៉ូសូមប្រេះតាមបណ្ដោយភ្ជាប់ខ្លួនទៅនិងក្រយ៉ងក្រូម៉ាទិចដោយសង់ _ប្រូដាស2 ត្តយ៉ងអាក្រូម៉ាទិតកើតមានក្នុងកោសិកាគូនីមួយៗ _អាណាផាស2 សង់ក្រូម៉ែធ្វើចំណែកដែលនាំអោយក្រូម៉ាទិចបងប្អូនដាច់ចេញពីគ្នា ។បន្ទាប់មក ក្រូម៉ូសូមកូនទាំង2ធ្វើដំណើរឆ្ពោះទៅប៉ូលផ្ទុយគ្នារបស់ត្រយ៉ូងអាក្រូម៉ាទិច ។,មេយ៉ូសជាសំណុំនៃចំណែកកោសិកាពីរដងបន្តបន្ទាប់គ្នាដែលបង្កើតបានជាកោសិកាអាលូអុីតបួន ហៅថាមេយ៉ូស ។ _តេឡូផាស1 ស៊ីតូប្លាសចែកខ្លួនបានជាកោសិកាកូនពីរ ។កោសិកាកូននីមួយៗទទួលបានក្រូម៉ូសូម តែមួយពីរគូអូម៉ូឡូក ។ _ប្រផាស1 មានរយៈពេលវែង ។ _អាណាផាស1 ក្រូម៉ូសូមដំរៀបលើផ្លាស់ភ្ជាប់នឹងក្រយ៉ូងក្រូម៉ាទិចដោយសង់ក្រូងទ័ររបស់វា ។ _តេឡូផាស2 ក្រូម៉ូមនីមួយៗបានមកដល់ប៉ូលភ្នាស _មេតាផាស2 ក្រូម៉ូសូមប្រេះតាមបណ្ដោយភ្ជាប់ខ្លួនទៅនិងក្រយ៉ងក្រូម៉ាទិចដោយសង់ _ប្រូដាស2 ត្តយ៉ងអាក្រូម៉ាទិតកើតមានក្នុងកោសិកាគូនីមួយៗ _អាណាផាស2 សង់ក្រូម៉ែធ្វើចំណែកដែលនាំអោយក្រូម៉ាទិចបងប្អូនដាច់ចេញពីគ្នា ។បន្ទាប់មក ក្រូម៉ូសូមកូនទាំង2ធ្វើដំណើរឆ្ពោះទៅប៉ូលផ្ទុយគ្នារបស់ត្រយ៉ូងអាក្រូម៉ាទិច ។,10,10,4,1.0,0.599609375,2,6,2,4
117,តើអាណាចក្រភ្នំមានព្រំប្រទល់ជាប់ប្រទេសណាខ្លះ?,អាណាចក្រភ្នំមានព្រំប្រទល់ជាប់ប្រទេសដូចជា -ខាងជើងជាប់ចិន -ខាងត្បូងជាឈូងសមុទ្រខ្មែរ -ខាងកើតជាប់រដ្ឋចម្ប៉ា -ខាងលិចជាប់រដ្ធមនឬភូមា។,អាណាចក្រភ្នំមានព្រំប្រទល់ខាងជើងជាប់នឹងប្រទេសចិន(រដ្ឋណានឆាវនិងតុងតឹង)ខាងកើតជាប់រដ្ឋចម្ប៉ា(ឈូងសមុទ្រចិន)និងខាងត្បូងជាប់និងឈូងសមុទ្រខ្មែរ(នគរភ្នំ)និងខាងលិចជាប់រដ្ឋមនឬភូមា។,6,6,4,1.0,0.873046875,3,5,1,1
118,ចូរនិយាយពីកំណកាម៉ែតញី។,ការស្ថិតនៅក្រោមសារពាង្គកាយនៃពងស្វាសមានសារៈសំខាន់ដូចជាដើម្បីរក្សាសីតុណ្ហភាពឲ្យ ទាបជាងសីតុណ្ហភាពក្នុងខ្លួន ប្រហែលពី(2-3)សីតុណ្ហភាពក្នុងខ្លួន37 ។,កំណកាម៉ែតញីដំបូងកោសិកាពូជមួយរួមចំណែកពីរដងបន្តបន្ទាប់គ្នា បានកោសិកាអូវ៉ូកូរី4 ។ អូវ៉ូកូរីនីមួយៗរីកមាឌអាចជាអូវ៉ូស៊ីត1 ។អូវ៉ូស៊ីតមួយរងចំណែកមួយនៃមេយោធាហើយត្រូវបាន ឈប់គាំងនៅវគ្គប្រផ្ដាស1 ។ក្រោយមកពេលគ្រប់អូវ៉ូស៊ីតមួយបន្តធ្វើចំណែកហើយត្រូវបានបញ្ចប់ នៅរយៈពេល6ម៉ោងមុនដំណើរអូវ៉ុលនិងធ្លាក់មកក្រៅជាអូវ៉ូស៊ីត2 ។ប្រសិនបើជួបស្ពែម៉ាតូសូអុីត បង្កើតបានជាអូវុល ។,10,8,3,0.8,0.81640625,3,8,0,0
119,តើអាណាចក្រភ្នំមានព្រំប្រទល់ជាប់ប្រទេសណាខ្លះ?,អាណាចក្រភ្នំមានព្រំប្រទល់ជាប់ប្រទេសដូចជា -ខាងជើងជាប់ចិន -ខាងត្បូងជាឈូងសមុទ្រខ្មែរ -ខាងកើតជាប់រដ្ឋចម្ប៉ា -ខាងលិចជាប់រដ្ធមនឬភូមា។,អាណាចក្រភ្នំមានព្រំប្រទល់ជាប់ប្រទេសដូចជា -ខាងជើងជាប់ចិន(រដ្ឋណានឆាវតុងកឹង) -ខាងត្បូងជាឈូងសមុទ្រខ្មែរ -ខាងកើតជាប់រដ្ឋចម្ប៉ា -ខាងលិចជាប់រដ្ឋមនឬភូមា។,6,6,4,1.0,0.77490234375,3,5,1,1
120,តើសេដ្ឋកិច្ចកម្ពុជាពឹងផ្អែកលើវិស័យអ្វីជាសំខាន់?     ក/ ហេតុអ្វីបានជាគេនិយាយថាកម្ពុជាជាប្រទេសកសិកម្ម?     ខ/ តើគេចែកកសិករជាប៉ុន្មានប្រភេទ?អ្វីខ្លះ?,សេដ្ឋកិច្ចកម្ពុជាពឹងផ្អែកលើវិស័យកសិកម្មជាសំខាន់។   ក/ បានជាគេនិយាយថាកម្ពុជាជាប្រទេសឧស្សាហកម្មព្រោះ៖  _  សណ្ឋានដី : ដីមានជីវជាតិល្អនិងសម្បូរទំនាបល្បាប់   _ ផ្លូវទឹក : ផ្លូវទឹកខ្វាត់ខ្វែងងាយស្រួលដល់ការដាំដុះ  _ ប្រជាជន : ប្រជាជនខ្មែរភាគច្រើនចូលចិត្តធ្វើកសិកម្ម  _ អាកាសធាតុ : ទទួលអាកាសធាតុក្តៅសើម  _ កសិកម្មផ្តល់ផល50%នៃផលិតផលជាតិសរុប។  ខ/ គេចែកកសិករទាំងនោះជា4ប្រភេទគឺ៖  _ កសិករធ្វើស្រែឬអ្នកស្រែ : និយមធ្វើស្រែ ស្រូវប្រាំង ស្រូវវស្សា ស្រូវឡើងទឹក  _ កសិករតំបន់ដីខ្ពស់ : គេដាំដំណាំជាអចិន្ត្រៃយ៍(ពោត ដំឡូង ចេក កៅស៊ូសណ្តែក)  _ កសិករធ្វើចម្ការដំណាំស្រូវ : គេដាំដំណាំតាមមាត់ទន្លេ ចិញ្ចឹមសត្វនិងនេសាទ  _ កសិករភូមិភាគឦសាន: គេធ្វើដំណាំព្រៃដុតមានដូចជាពោត ដំឡូង ស្រូវរុក្ខជាតិយកមើមដទៃទៀត និងបរបាញ់សត្វផងដែរ។,សេដ្ឋកិច្ចកម្ពុជាពឹងផ្អែមទៅលើវិស័យកសិកម្មជាសំខាន់ព្រោះមានលក្ខខណ្ឌអនុគ្រោះជាច្រើនទៅដល់វិស័យកសិកម្ម។ ក. បានជាគេនិយាយថាកម្ពុជាជាម្ទេសកសិកម្មព្រោះជាកម្ពុជាស្ថិតនៅក្នុងតំបន់ត្រូពិចដែលមានអាកាសធាតុក្តៅហើយសើមដែលទទួលរងនូវខ្យល់មូសុងមានភ្លៀងធ្លាក់ជាច្រើន -កាលណាផ្នែកឯកជនរឹងមាំអាចបំពេញបន្ថែមវិនិយោគសាធារណៈក្នុងវិស័យសង្គមកិច្ចមានន័យថាវិស័យឯកជនអាចស្រូបយកកម្លាំងការងារកាន់តែច្រើនឡើង។ ខ.គេចែកកសិករទាំងនោះជាបួនប្រភេទ -កសិករអនុផលព្រៃឈើ(កៅស៊ូ វល្លិ៍ ផ្ដៅ…) -កសិករចិញ្ចឹមត្រី(វារីវប្បកម្មនិងនេសាទ) -កសិករចិញ្ចឹមសត្វ (គោ ជ្រូក ទា…) -កសិករដាំដំណាំ(ស្រូវ ពោត សណ្តែក…)។,20,14,3,0.7,0.60009765625,2,12,1,2
121,ចូររៀបរាប់អំពីទំនាក់ទំនងរវាងការដាំដុះអាជីវកម្មព្រៃឈើនិងនេសាទ។,ទំនាក់ទំនងរវាង ការដាំដុះអាជីវកម្មព្រៃឈើ និងការនេសាទ៖  _ ការដាំដុះអាជីវកម្មព្រៃឈើ និងការនេសាទ ជាភោគទ្រព្យយ៉ាងសំខាន់សម្រាប់ប្រជាជនក្នុងការទ្រទ្រង់ក្នុងជីវភាពរស់នៅនិងការអភិវឌ្ឍន៍ប្រទេសជាតិ   _ ដើម្បីបំពេញតម្រូវការក្នុងកសិកម្មផលិតកម្មនិងត្រូវការផ្សេងៗ មនុស្សនាំគ្នាកាប់ព្រៃឈើដើម្បីធ្វើអាជីវកម្មព្រៃឈើជាមូលហេតុធ្វើឲ្យអាកាសធាតុប្រែប្រួលប៉ះពាល់ដល់ជីវិតមនុស្ស សត្វ និងរុក្ខជាតិ  ​ _ អតិផលនៃប្រព័ន្ធកសិកម្ម នាំឲ្យមានកំណើននៃការប្រើប្រាស់គីមីនិងថ្នាំសម្លាប់សត្វល្អិត។ ជីគីមី និងថ្នាំសម្លាប់សត្វល្អិត ទាំងនោះហូរទៅផ្ដុំគ្នានៅតាមផ្លូវទឹកនានា បំផ្លាញជីវិតសត្វនិងពូជធម្មជាតិ។,ទំនាក់ទំនងរវាងការដាំដុះឈើហូបផ្លែ និងការនេសាទមាន -កសិកម្ម ជួយផ្តល់ចំណីឱ្យត្រី ដែលវាអាចកាត់បន្ថយការនេសាទពីធម្មជាតិ -ការដាំដុះបែបពាណិជ្ជកម្ម ដែលត្រូវការផ្ទៃដីដាំដុះ និងត្រូវកាប់ព្រៃឈើ -ការដាំដើមឈើជួយការបន្ថយសំណឹក និងជួយសម្រួលការកាប់បំផ្លាញព្រៃឈើ -ផ្ដល់ចំណូលចូលសេដ្ធកិច្ចជាតិដូចគ្នា  -ផ្ដល់កាងារនឹងចំណូលក្នុងគ្រួសារប្រជាជន -ជាវិស័យកសិកម្មសំខាន់ៗរបស់សេដ្ធកិច្ចជាតិ…។,15,5,1,0.3333333333333333,0.60546875,2,9,1,4
122,តើប្រព័ន្ធផលិតកម្មកសិកម្មនៅក្នុងប្រទេសកម្ពុជាមានអ្វីខ្លះ?ចូររៀបរាប់​ ។,ប្រព័ន្ធផលិតកម្មកសិកម្មនៅប្រទេសកម្ពុជាមាន៖    _ ដំណាំ : ដំណាំស្រូវ ដំណាំកៅស៊ូ ដំណាំផ្សេងៗទៀត    _ ការចិញ្ចឹមសត្វ : ការចិញ្ចឹមសត្វលើគោក ការចិញ្ចឹមសត្វក្នុងទឹក    _ ការនេសាទ : ការនេសាទទឹកសាប ការនេសាទទឹកប្រៃ  _ ព្រៃឈើ : ផលិតផលឈើ អនុផលព្រៃឈើ(រកឃ្មុំ ជ័រទឹក វល្លិ៍ ផ្តៅ) សត្វព្រៃ ។,ប្រព័ន្ធផលិតផលកសិកម្មនៅប្រទេសកម្ពុជាមានចំនួនបីដូចជា៖  +កសិកម្មផ្នែកដាំដុះ -ដំណាំស្រូវ លោក ដំឡូងពោត   -ដំណាំកៅស៊ូ -ដំណាំហូងផ្លែ +កសិកម្មនេសាទ -ការនេសាទត្រី -ការចិញ្ចឹមត្រី +កសិកម្មអនុផលព្រៃឈើ -ការកាប់យកព្រៃឈើមានតម្លៃ -ការអាស្រ័យយកផល្លាក្នុងព្រៃល។,10,7,3,0.7,0.63134765625,3,6,0,1
123,ហេតុអ្វីបានជាផ្នែកឯកជនជាកម្លាំងដ៏សំខាន់សម្រាប់វិនិយោគនិងធ្វើឲ្យមានកំណើនសេដ្ឋកិច្ចក្នុងប្រទេស?,បានជាផ្នែកឯកជនជាកម្លាំងដ៏សំខាន់សម្រាប់វិនិយោគនិងធ្វើឲ្យមានកំណើនសេដ្ឋកិច្ចក្នុងប្រទេស ព្រោះប្រទេសកម្ពុជាជាប្រទេសអភិវឌ្ឍន៍ សេដ្ឋកិច្ចទីផ្សារដោយបានធ្វើកំណែទម្រង់សហគ្រាសឧស្សាហកម្មឲ្យក្លាយទៅជាកម្មសិទ្ធិឯកជន ។ សេដ្ឋកិច្ចទីផ្សារសេរីនេះនាំឲ្យអ្នករកស៊ីបរទេសចូលចិត្តមកវិនិយោគ ហើយកាលណាផ្នែកឯកជនរឹងមាំមកវិនិយោគ ហើយកាលណាផ្នែកឯកជនមិនរឹងមាំអាចបំពេញបន្ថែមវិនិយោគនិងវិស័យសង្គមកិច្ចមានន័យថាវិស័យឯកជនស្រូបយកកម្លាំងការងារកាន់តែកើនឡើង។,បានជាផ្នែកឯកជនជាកម្លាំងដ៏សំខាន់សម្រាប់វិនិយោគនិងធ្វើឪ្យមានកំណើនសេដ្ឋកិច្ចក្នុងប្រទេសព្រោះដោយសារតែ ឯកជនគឺជាមុខងារដ៏សំខាន់សម្រាប់វិនិយោគលើគ្រប់វិស័យដែលមាននៅក្នុងប្រទេសសម្រាប់ការនាំចេញនូវអ្វីដែលពួកឯកជនបានវិនិយោគយកទៅក្រៅស្រុកដើម្បីធ្វើមានកំណើនចូលមកក្នុងប្រទេសជាតិ ឯកជនជាមុខងារសំខាន់មួយដែលភ្នាក់ងារដែលអ្នកផលិតផលផ្សេងៗសម្រាប់យកពួកឯកជនមកវិនិយោគជាមួយដើម្បីនាំយកចេញទៅក្រៅស្រុកនិងជាផ្នែកមួយដ៏សំខាន់ដែលធ្វើឪ្យមានកំណើនសេដ្ឋកិច្ចក្នុងប្រទេសជាតិ។,15,8,2,0.5333333333333333,0.599609375,2,9,0,1
124,តើសង្គមខ្មែរនៅសម័យអង្គរមានប៉ុន្មានវណ្ណៈ? វណ្ណៈអ្វីខ្លះ? ចូលរៀបរាប់។,សង្គមខ្មែរនៅសម័យអង្គរមានប្រាំវណ្ណៈគឺ -វណ្ណៈក្សត្រឬរាជវង្សនុវង្ស (ជាស្ដេចគ្រប់គ្រងប្រទេស -វណ្ណៈមន្ត្រី (អ្នករស់នៅក្នុងរាជវាំងបម្រើស្ដេច) -វណ្ណៈព្រាហ្ម៍ឬបុព្វជិត​(គឺជាអ្នកបួស) -វណ្ណៈអ្នកជាឬកសិករ (អ្នករស់នៅនឹងធ្វើស្រែចម្ការ) -វណ្ណៈអ្នកងារឬទាសករ(ទាសករបម្រើគេតកូនតចៅ)។,សង្គមខ្មែរនៅសម័យអង្គរមានប្រាំវណ្ណៈគឺ -វណ្ណៈក្សត្រឬរាជវង្សានុវង្ស -វណ្ណៈមន្ត្រី -វណ្ណៈបុព្វជិត -វណ្ណៈអ្នកជា -វណ្ណៈទាសករឬអ្នកងារ។,10,5,2,0.5,0.68994140625,3,7,1,2
125,ហេតុអ្វីបានជាផ្នែកឯកជនជាកម្លាំងដ៏សំខាន់សម្រាប់វិនិយោគ និងធ្វើឲ្យមានកំណើនសេដ្ឋកិច្ចក្នុងប្រទេស?,បានជាផ្នែកឯកជនជាកម្លាំងដ៏សំខាន់សម្រាប់កំណើនសេដ្ឋកិច្ចកម្ពុជាព្រោះ -កម្ពុជាបានអនុវត្តសេដ្ឋកិច្ចទីផ្សារសេរីដោយបានធ្វើកំណែទម្រង់ពីសហគ្រាសរដ្ឋឲ្យក្លាយទៅជាកម្មសិទ្ធិឯកជន -សេដ្ឋកិច្ចទីផ្សារសេរីនាំឲ្យអ្នករកស៊ីចូលចិត្តមករកស៊ីនិងដាក់វិនិយោគទុន -កាលណាភ្នែកឯកជនរឹងមាំអាចជួយបំពេញបន្ថែមលើវិនិយោគសាធារណៈក្នុងវិស័យសេដ្ឋកិច្ចគឺផ្នែកឯកជនអាចស្រូបយកកម្លាំងពលកម្មកើនឡើង។,បានជាផ្នែកឯកជនជាកម្លាំងដ៏សំខាន់សម្រាប់វិនិយោគ និងធ្វើឲ្យមានកំណើនសេដ្ឋកិច្ចក្នុងប្រទេសគឺដោយសារ ការវិនិយោគមានការរីកចម្រើនសម្រាប់អភិវឌ្ឍន៍ និងបង្កើតរោងចក្រសហគ្រាស ដែលថ្នូសម្រាប់ឲ្យប្រជាជនមាន ការងារធ្វើសម្រាបើជួយក្នុងបន្ទុកគ្រួសារនិងមានការរីកចម្រើនទៅលើវិស័យគ្រប់ប្រភេទ ដែលបានអភិវឌ្ឍសេដ្ឋកិច្ច ក្នងប្រទេសឲ្យមានភាពរីកចម្រើន។,15,8,2,0.5333333333333333,0.63427734375,3,10,1,2
126,តើឧស្សាហកម្មមានអ្នកតួនាទីចំពោះសេដ្ឋកិច្ចយ៉ាងដូចម្ដេច?,ឧស្សាហកម្មមានតួនាទីសម្រាប់សេដ្ឋកិច្ចជាតិដូចជា -ជួយបង្កើតប្រាក់ចំណូលចូលជាតិ -បង្កើតការងារដល់ប្រជាជន -បង្កើតប្រាក់ចំណូលចូលក្នុងគ្រួសារ -ប្រជាជនមានជីវភាពធូរធារ -ជួយរក្សាជញ្ជីងពាណិជ្ជកម្ម -ជួយបង្កើតទិន្នផលសម្រាប់ការនាំចេញនាំចូល -បង្កើននូវសង្ឃភារៈសម្រាប់ប្រើប្រាស់។,ឧស្សាហកម្មមានតួនាទីចំពោះសេដ្ឋកិច្ចដូចជា -ជួយបង្កើនប្រើចំណូលចូលឈាន 23.8% ឆ្នាំ 2008  -បង្កើតការងារជូនដល់ប្រជាជន -ផ្ដល់ប្រាក់ចំណូលក្នុងគ្រួសារ -ប្រជាជនមានជីវភាពធូរធារ -ជួយរក្សាលំនឹងជញ្ជឹងពាណិជ្ជកម្ម -ផ្ដល់ផលិតផលសម្រាប់នាំចេញ -ផ្ដល់ផលិតផលសម្រាប់ប្រើប្រាស់។,15,15,4,1.0,0.91015625,4,14,0,1
127,ហេតុអ្វីបានជាផ្នែកឯកជនជាកម្លាំងដ៏សំខាន់សម្រាប់វិនិយោគនិងធ្វើឲ្យមានកំណើនសេដ្ឋកិច្ចក្នុងប្រទេស?,បានជាផ្នែកឯកជនជាកម្លាំងដ៏សំខាន់សម្រាប់វិនិយោគនិងធ្វើឲ្យមានកំណើនសេដ្ឋកិច្ចក្នុងប្រទេស ព្រោះប្រទេសកម្ពុជាជាប្រទេសអភិវឌ្ឍន៍ សេដ្ឋកិច្ចទីផ្សារដោយបានធ្វើកំណែទម្រង់សហគ្រាសឧស្សាហកម្មឲ្យក្លាយទៅជាកម្មសិទ្ធិឯកជន ។ សេដ្ឋកិច្ចទីផ្សារសេរីនេះនាំឲ្យអ្នករកស៊ីបរទេសចូលចិត្តមកវិនិយោគ ហើយកាលណាផ្នែកឯកជនរឹងមាំមកវិនិយោគ ហើយកាលណាផ្នែកឯកជនមិនរឹងមាំអាចបំពេញបន្ថែមវិនិយោគនិងវិស័យសង្គមកិច្ចមានន័យថាវិស័យឯកជនស្រូបយកកម្លាំងការងារកាន់តែកើនឡើង។,បានជាផ្នែកឯកជនជាកម្លាំងដ៏សំខាន់សម្រាប់វិនិយោគ និងធ្វើឲមានកំណើនសេដ្ឋកិច្ចក្នុងប្រទេសព្រោះ៖  _ កម្ពុជាជាប្រទេសអនុវត្តសេដ្ឋកិច្ចទីផ្សាសេរីចាប់តាំងពីឆ្នាំ1993ដោយបានធ្វើកំណែទម្រង់សហគ្រាសឲក្លាយទៅជាកម្មសិទ្ធិឯកជន  _ សេដ្ឋកិច្ចទីផ្សារសេរីនេះនាំឲអ្នករកស៊ីបរទេសចូលចិត្តមកវិនិយោគ  _ កាលណាផ្នែកឯកជនរឹងមាំអាចបំពេញបន្ថែមវិនិយោគសាធារណៈក្នុងវិស័យសង្គមកិច្ច មានន័យថាវិស័យឯកជនអាចស្រូបយកកម្លាំងការងារកាន់តែច្រើនឡើង។,15,15,4,1.0,0.79443359375,3,12,1,3
128,ហេតុអ្វីបានជាមនុស្សស្រូបយកខ្យល់ដែលមានកាបូនម៉ណូអុកស៊ីតអាចបង្កគ្រោះថ្នាក់ដល់ស្លាប់បាន?,បានជាមនុស្សស្រូបយកខ្យល់ដែលមានកាបូនម៉ូណូអុកស៊ីដអាចបង្កឲ្យមានគ្រោះថ្នាក់ដល់ស្លាប់ បានព្រោះកាបូនម៉ូណូអុកស៊ីដមានសមត្ថភាពចាប់យក ក្នុងឈាមបានខ្លាំងជាងអុកស៊ីសែន វារារាំងឈាមមិនឲ្យដឹកនាំអុកស៊ីសែនទៅចិញ្ចឹមសរីរាង្គជាពិសេសខួរក្បាលដែលបណ្តាលឲ្យ ស្លាប់និង សន្លប់ ។,បានជាមនុស្សស្រូបយកខ្យល់ដែលមានកាបូនម៉ូណូអុកស៊ីដអាចបង្កឲ្យមានគ្រោះថ្នាក់ដល់ស្លាប់បាន ព្រោះកាបូនម៉ូណូអុកស៊ីដមានសមត្ថភាពចាប់យក ក្នុងឈាមបានខ្លាំងជាងអុកស៊ីសែនវារារាំង ឈាមមិនឲ្យដឹកនាំអុកស៊ីសែនទៅចិញ្ចឹមសរីរាង្គជាពិសេសខួរក្បាលដែលបណ្តាលឲ្យស្លាប់និង សន្លប់ ។,5,4,3,0.8,0.6650390625,3,3,0,1
129,តើអាណាចក្រភ្នំមានព្រំប្រទល់ជាប់ប្រទេសណាខ្លះ?,អាណាចក្រភ្នំមានព្រំប្រទល់ជាប់ប្រទេសដូចជា -ខាងជើងជាប់ចិន -ខាងត្បូងជាឈូងសមុទ្រខ្មែរ -ខាងកើតជាប់រដ្ឋចម្ប៉ា -ខាងលិចជាប់រដ្ធមនឬភូមា។,អាណាចក្រភ្នំមានព្រំប្រទល់ជាប់ប្រទេសដូចជា -ខាងជើងជាប់ចិន -ខាងត្បូងជាឈូងសមុទ្រខ្មែរ -ខាងកើតជាប់រដ្ឋចម្ប៉ា -ខាងលិចជាប់រដ្ឋមនឬភូមា។,6,6,4,1.0,0.94921875,4,6,0,0
130,ហេតុអ្វីបានជាផ្នែកឯកជនជាកម្លាំងដ៏សំខាន់សម្រាប់ការវិនិយោគសេដ្ឋកិច្ច?,សេដ្ឋកិច្ចកម្ពុជាពឹងផ្អែកលើវិស័យកសិកម្មជាសំខាន់ៗ 5 គឺឧស្សាហកម្មកសិកម្មពាណិជ្ជកម្មគមនាគមន៍និងទេសចរណ៍ ក៏បានជាគេនិយាយថាកម្ពុជាប្រទេសកសិកម្មនៅប្រទេសកម្ពុជាមនុស្សមួយចំនួនធំគឺធ្វើកសិកម្ម។ច្រើនសុទ្ធតែជាកសិករកម្ពុជាសម្បូរជីកសិកម្មមានជីវជាតិសម្រាប់ឲ្យយើងធ្វើកសិកម្មចិញ្ចឹមសត្វនិងការដណ្ដប់ជួយបង្កើនចំណូលជូនជាងការងារចេញនៅក្រៅប្រទេសស្ករស្រូវដំឡូងកៅស៊ូ ខ. គេចែកកសិករទាំងនេះជាបួនប្រភេទកសិករតំបន់វាលខ្ពស់កសិករធ្វើស្រែឬមិនធ្វើស្រែកសិករភូមិភាគឥសានកសិករធ្វើតែស្រែ,សេដ្ឋកិច្ចកម្ពុជាពឹងផ្អែកលើវិស័យកសិកម្មជាសំខាន់ពីព្រោះ  ក.គេថាកម្ពុជាជាប្រទេសកសិកម្មដោយសារ -ប្រទេសកម្ពុជាជាប្រទេសដែលមានដែលអំណោយផលសម្រាប់ការធ្វើកសិកម្ម -ប្រទេសកម្ពុជាមានផ្លូវទឹកច្រើនសម្រាប់ការធ្វើកសិកម្ម -ប្រទេសកម្ពុជាជាប្រទេសដែលមានដីមានជាច្រើន -ប្រទេសកម្ពុជាមានរដូវចំនួនពីរដែលទាងទាត់គឺ រដូវប្រាំងនិងរដូវវស្សា -ប្រទេសកម្ពុជាជាប្រទេសដែលធ្វើកសិកម្មប្រមូលផលបានច្រើន -ប្រជាជននៅប្រទេសកម្ពុជាភាគច្រើនជាកសិករ។ ខ.គេចែកកសិករទាំងនោះដូចជាកសិករចំណាកស្រុកនិងកសិករស្រុកស្រែ -កសិករចំណាកស្រុកគឺជាកសិករដែលធ្វើស្រែចម្ការនៅពេលដែលផលចាប់ផ្ដើមដុះគេនិងចំណាកស្រុកទៅរកការងារធ្វើផ្សេងដូចជាកាត់ដេរឬកសិករជាដើម -កសិករស្រុកស្រែនៅពេលដែលធ្វើស្រែចម្ការគេនឹងនៅផ្ទះហើយធ្វើការងារផ្ទះហ្នឹងមើលស្រែចម្ការរបស់ខ្លួនរហូតប្រមូលផល។,15,10,3,0.6666666666666666,0.599609375,2,9,1,1
131,ហេតុអ្វីបានជាមនុស្សស្រូបយកខ្យល់ដែលមានកាបូនម៉ណូអុកស៊ីតអាចបង្កគ្រោះថ្នាក់ដល់ស្លាប់បាន?,បានជាមនុស្សស្រូបយកខ្យល់ដែលមានកាបូនម៉ូណូអុកស៊ីដអាចបង្កឲ្យមានគ្រោះថ្នាក់ដល់ស្លាប់ បានព្រោះកាបូនម៉ូណូអុកស៊ីដមានសមត្ថភាពចាប់យក ក្នុងឈាមបានខ្លាំងជាងអុកស៊ីសែន វារារាំងឈាមមិនឲ្យដឹកនាំអុកស៊ីសែនទៅចិញ្ចឹមសរីរាង្គជាពិសេសខួរក្បាលដែលបណ្តាលឲ្យ ស្លាប់និង សន្លប់ ។,បានជាមនុស្សស្រូបយកខ្យល់ដែលមាន កាបូនម៉ូណូអុកស៊ីដអាចបង្កគ្រោះថ្នាក់ដល់ស្លាប់បានព្រោះ វាជាខ្យល់ពុលដែលមានពោរពេញដោយបរិយាកាសជុំវិញខ្លួន ។,5,2,2,0.4,0.60693359375,2,3,0,1
132,តើគេចែកយុគសម័យបុរេប្រវត្តិសាស្ត្រកម្ពុជាជាប៉ុន្មានយុគសម័យ?អ្វីខ្លះ?,គេចែកយុគសម័យបុរេប្រវត្តិសាស្ត្រកម្ពុជាជាបីយុគសម័យគឺ -យុគថ្មបំបែក (600000 - 12000 ឆ្នាំមុនគ.ស) -យុគថ្មរលីងឬសំលៀង (8000 - 2000 ឆ្នាំមុនគ.ស) -យុគលោហៈ(2000-100 ឆ្នាំមុនគ.ស)។,គេចែកយុគសម័យបុរេប្រវត្តិសាស្ត្រកម្ពុជាជាបីយុគសម័យគឺ -យុគថ្មបំបែក (600000 - 12000 ឆ្នាំមុនគ.ស) -យុគថ្មរលីងឬសំលៀង (8000 - 2000 ឆ្នាំមុនគ.ស) -យុគលោហៈ(2000-100 ឆ្នាំមុនគ.ស)។,5,5,4,1.0,0.96923828125,4,5,0,0
133,ដូចម្តេចដែលហៅថាមេយ៉ូស? ចូរនិយាយពីវគ្គផ្សេងៗនៃមេយ៉ូស។,មេយ៉ូសជាសំណុំនៃចំណែកកោសិកាពីរដងបន្តបន្ទាប់គ្នាដែលបង្កើតបានជាកោសិកាអាលូអុីតបួន ហៅថាមេយ៉ូស ។ _តេឡូផាស1 ស៊ីតូប្លាសចែកខ្លួនបានជាកោសិកាកូនពីរ ។កោសិកាកូននីមួយៗទទួលបានក្រូម៉ូសូម តែមួយពីរគូអូម៉ូឡូក ។ _ប្រផាស1 មានរយៈពេលវែង ។ _អាណាផាស1 ក្រូម៉ូសូមដំរៀបលើផ្លាស់ភ្ជាប់នឹងក្រយ៉ូងក្រូម៉ាទិចដោយសង់ក្រូងទ័ររបស់វា ។ _តេឡូផាស2 ក្រូម៉ូមនីមួយៗបានមកដល់ប៉ូលភ្នាស _មេតាផាស2 ក្រូម៉ូសូមប្រេះតាមបណ្ដោយភ្ជាប់ខ្លួនទៅនិងក្រយ៉ងក្រូម៉ាទិចដោយសង់ _ប្រូដាស2 ត្តយ៉ងអាក្រូម៉ាទិតកើតមានក្នុងកោសិកាគូនីមួយៗ _អាណាផាស2 សង់ក្រូម៉ែធ្វើចំណែកដែលនាំអោយក្រូម៉ាទិចបងប្អូនដាច់ចេញពីគ្នា ។បន្ទាប់មក ក្រូម៉ូសូមកូនទាំង2ធ្វើដំណើរឆ្ពោះទៅប៉ូលផ្ទុយគ្នារបស់ត្រយ៉ូងអាក្រូម៉ាទិច ។,មេយ៉ូសជាសំណុំនៃចំណែកកោសិកាពីរដងបន្តបន្ទាប់គ្នាដែលបង្កើតបានជាកោសិកាអាលូអុីតបួន ហៅថាមេយ៉ូស ។ _តេឡូផាស1 _ប្រផាស1  _អាណាផាស1 _មេតាផាស1 _ប្រូដាស2  _អាណាផាស2 _មេតាផាស2 _តេឡូផាស2,10,5,2,0.5,0.599609375,2,6,0,1
134,តើការស្ថិតនៅក្រៅសារពាង្គកាយនៃពងស្វាសមានសារៈសំខាន់ដូចម្តេច?,ការស្ថិតនៅក្រោមសារពាង្គកាយនៃពងស្វាសមានសារៈសំខាន់ដូចជាដើម្បីរក្សាសីតុណ្ហភាពឲ្យ ទាបជាងសីតុណ្ហភាពក្នុងខ្លួន ប្រហែលពី(2-3)សីតុណ្ហភាពក្នុងខ្លួន37 ។,ការស្ថិតនៅក្រោមសារពាង្គកាយនៃពងស្វាសមានសារៈសំខាន់ដូចជា  _ ដើម្បីរក្សាសីតុណ្ហភាពឲ្យទាបជាងសីតុណ្ហភាពក្នុងខ្លួន ប្រហែលពី(2-3)ដែលជាលក្ខខណ្ឌ ចាំបាច់សម្រាប់ការផលិតមេជីវិតឈ្មោល ។,10,8,3,0.8,0.7861328125,3,8,0,0
135,តើគេចែកយុគសម័យបុរេប្រវត្តិសាស្ត្រកម្ពុជាជាប៉ុន្មានយុគសម័យ?អ្វីខ្លះ?,គេចែកយុគសម័យបុរេប្រវត្តិសាស្ត្រកម្ពុជាជាបីយុគសម័យគឺ -យុគថ្មបំបែក (600000 - 12000 ឆ្នាំមុនគ.ស) -យុគថ្មរលីងឬសំលៀង (8000 - 2000 ឆ្នាំមុនគ.ស) -យុគលោហៈ(2000-100 ឆ្នាំមុនគ.ស)។,គេចែកយុគសម័យបុរេប្រវត្តិសាស្ត្រកម្ពុជាជាបីយុគសម័យគឺ -យុគថ្មបំបែក (600000 - 12000 ឆ្នាំមុនគ.ស) -យុគថ្មរលីងឬសំលៀង (8000 - 2000 ឆ្នាំមុនគ.ស) -យុគលោហៈ(2000-100 ឆ្នាំមុនគ.ស)។,5,5,4,1.0,0.96923828125,4,5,0,0
136,បុព្វហេតុអ្វីខ្លះដែលនាំឲ្យអាណាចក្រចេនឡាបែកបាក់ជាពីរគឺអាណាចក្រចេនឡាដីគោកនិងចេនឡាទឹកលិច?,បុព្វហេតុដែលនាំហើយអាណាចក្រចេនឡាបែកជាពីរគឺ -វិសាលភាពទឹកដីធំទូលាយ -ចម្បាំងអត់ឈប់ឈរ -សមន្ដរដ្ឋបះបោរចង់ផ្ដាច់ខ្លួន -វិបត្តិផ្ទៃក្នុង -ព្រះនាងជ័យទេវីគ្មានសមត្ថភាពគ្រប់គ្រង។,បុព្វហេតុដែលនាំហើយអាណាចក្រចេនឡាបែកជាពីរគឺ -វិសាលភាពទឹកដីធំទូលាយ -ចម្បាំងអត់ឈប់ឈរ -សមន្ដរដ្ឋបះបោរចង់ផ្ដាច់ខ្លួន -វិបត្តិផ្ទៃក្នុង -ព្រះនាងជ័យទេវីគ្មានសមត្ថភាពគ្រប់គ្រង។,7,7,4,1.0,0.93798828125,4,7,0,0
